0.5928446165166826 0.8442657442565983
0.4289728099949149 0.4236258686921656
0.6921908541868783 0.1487673026786171
0.02835648796658183 0.6363281473707947
0.8694162779361616 0.7030421816622678
0.09206038434176114 0.2392887886283349
0.9197198834608151 0.4301581629038715
0.2965830861511964 0.9342295445253976
0.8481961983237442 0.9590196922610977
0.2175218128174318 0.3684020100614649
0.6343433070662055 0.439653905163558
0.2838045433494515 0.5810352510317921
0.5843490404118222 0.6620429691443644
0.4502276881713861 0.1301193701488361
0.7764769016370322 0.1184001057068038
0.0374187159827931 0.8055803464150577
0.6733111222745192 0.987824808950063
0.3316425040441905 0.2713636982857319
0.5792842566570792 0.1198686586864169
0.1843371881540606 0.5779387632572449
0.9578158585170961 0.50169645525809
0.1319643366434833 0.05639490175540691
0.8360826482856276 0.3600594866531314
0.4895903695876259 0.8651447015026916
0.980173265291271 0.7830912705478668
0.07120230056688354 0.4629671601075099
0.5798651350362998 0.361444303859697
0.4264775177526112 0.7094298846611202
0.6916507814749296 0.5288166279193272
0.2859988754981946 0.04793277826073107
0.9439770319030758 0.1292031367360127
0.2480052794398468 0.9075426160966722
0.7016329327411807 0.8627935722888515
0.3438357673622937 0.4509788333471931
0.70438235963837 0.1244124457054221
0.2093440402855158 0.6646502181147321
0.8342074539057778 0.6214931248715176
0.1802138651849 0.2474483413180222
0.9021027666477064 0.3206486082255279
0.409714820530769 0.8761695877275945
0.9441026855372624 0.8956175575737174
0.05416100800975076 0.3445133364366121
0.68114971650203 0.372321365513094
0.4141522915329922 0.6206770273531361
0.7023510701379231 0.6843584402116945
0.4848065239036446 0.01285791999938298
0.7901246554873681 0.1526578353494236
0.05599077173112568 0.8874461356055756
0.512410043962813 0.9962261335767173
0.4156309034548383 0.2548031782082456
0.5727312915450051 0.1767960735088357
0.09729318521969786 0.6186963814309735
0.9847741835976619 0.6887030464849857
0.04493055862608007 0.06011169203836879
0.8581378205145768 0.4386211201276569
0.3552927599133519 0.8308967673258099
0.7962260119916447 0.7683052204085018
0.1745122847955254 0.4870047986796138
0.5145252387650392 0.4708779628358734
0.3235581354439646 0.7074585517904853
0.5587665235512888 0.5895093166997416
0.2615467358350952 0.1692558330707824
0.8926579878868228 0.01215749083690933
0.1690389575937147 0.8086561464796029
0.5525712581293024 0.8065404840184702
0.463212295287046 0.4462482864556528
0.6478435062434638 0.1885392481050152
0.0930968088872183 0.7086865697791558
0.7880158042379202 0.6622909633108708
0.01670390838894257 0.1674431636436779
0.9514027014696308 0.4511718354942597
0.3160261459133185 0.9679898566309482
0.7964896588974407 0.9049122704117237
0.1816511305611214 0.2585762763084978
0.7199819495265699 0.3750034594068563
0.3427130386071438 0.5492962138409422
0.5444739888484134 0.6971058939701102
0.4216924669434063 0.229677959070505
0.8253041101005988 0.01030992946681869
0.07609065591392165 0.8593284010433624
0.6914398932873198 0.9097280773278388
0.2820245915945846 0.348777945669799
0.5307667650042177 0.0447225720409388
0.2358328759381821 0.560891166751582
0.8918424647801945 0.5881557588490044
0.2128825304694742 0.09807567229817785
0.768864429644325 0.2984512363969005
0.394036376903686 0.8051787499010526
0.9268501401465236 0.8361896107942528
0.0286571596117882 0.4077870385001899
0.5053985613018237 0.2912524913562352
0.4381055108618981 0.6807531038688149
0.6543436440854123 0.617669330451737
0.3472768391574268 0.07249169244474639
0.8849918791814184 0.1955882711072209
0.1798206855269988 0.9433412159327276
0.6707123338657557 0.7979352191358342
0.284863206235717 0.3810917929143357
0.6309036197367738 0.03960049298808588
0.1441866282844174 0.6949857092834861
0.792516884756759 0.5380735986269373
0.2399695606962554 0.1576481582892749
0.9856930657588701 0.2735141613394234
0.4568792277482724 0.9894699625607312
0.8794029493334296 0.9802233101544177
0.08923964894427172 0.3014099654288592
0.7336676661368402 0.2780677141888391
0.4450662423230323 0.5150966055078899
0.6822954383978265 0.6946135399591107
0.4247209216880992 0.09399585059395545
0.8250948570485719 0.2217824435012007
0.1067448413668084 0.9818170074788478
0.5687520032749179 0.9350160489176459
0.4509705509247834 0.3487445250270937
0.5442880526025818 0.2048608545782973
0.01053602533447438 0.5563426869200876
0.9081305582175339 0.6840442174233959
0.07176679002504793 0.1160189361294426
0.772571969819868 0.4064193465323405
0.2931808579627214 0.7562135245551428
0.8409287422640365 0.8732551565714005
0.2280373943578133 0.3768187505241653
0.5913129267878086 0.4266765136159339
0.2840404596788078 0.6638558060057663
0.5651860254142708 0.5072561465192089
0.3487566817516995 0.22487104547161
0.9600816048052582 0.1194371244447606
0.2146725398887048 0.8242219959196236
0.5317697156448047 0.8229279698806286
0.4989109347962828 0.3983306720575991
0.6728069811217096 0.1840077200520315
0.07318666204837096 0.6539656860229108
0.8437516433647353 0.6281481286804989
0.1094277654423773 0.1852806103667553
0.9032568148939688 0.498139792813024
0.3110252744037475 0.9761036199543415
0.8504403163174949 0.9196685583141031
0.1800990877637869 0.3690265610831559
0.7140907210890661 0.4928336040291185
0.3675186002907992 0.5821057748435697
0.6028915271945031 0.7009300460407915
0.3859318045161791 0.1690296413684971
0.857630041302118 0.06440331037360639
0.002850914760848916 0.8255723142641646
0.7395648809276451 0.9990205896288558
0.3504047164006115 0.3261501780120039
0.5442842593129964 0.09363376429063339
0.1737766655736507 0.5615645175418733
0.8936151138742879 0.5250707713449061
0.2368045483884756 0.02571077596667682
0.8328318943259726 0.3095544169490084
0.4173382390303538 0.8631515059485108
0.8910087239385804 0.7869959477412556
0.0532896827309105 0.4645899360225815
0.552954707306034 0.3550849458519574
0.4861994981794422 0.7453227143772507
0.6509104673834742 0.5108819968148518
0.3530914394895283 0.03370147481149755
0.9432662606347557 0.2444090449346828
0.154576291834965 0.9112623192442643
0.6442678852151787 0.8270540921797389
0.3664389135749043 0.3848520169532387
0.7460466548227518 0.02796114372066269
0.1494858951825402 0.6582405738738646
0.7557517239746738 0.5659978644028039
0.1656144983925157 0.1590369297929002
0.9988524800154189 0.3277907130631281
0.4150015097037293 0.9605064001805936
0.9146206845361458 0.9329299432526148
0.02794648994189421 0.3105564397462956
0.6410770927296102 0.2738599875299477
0.4680943326254187 0.6182201676703837
0.6958009375124302 0.7108902864329729
0.4303726416009081 0.02199191025049643
0.7717989162183979 0.1890387472922268
0.04199418868364292 0.9654697418176854
0.5637062877935793 0.9987233282961371
0.3920630564719854 0.373129692226291
0.5641576594574867 0.2266022886142396
0.05557708284244488 0.5945282287736282
0.9798196500080656 0.6649392115409384
0.01872771848444735 0.09126373173796869
0.7765942272529983 0.4941357400580108
0.2836920967339432 0.8577592405297322
0.80717441649122 0.8542053025014592
0.1589035628872406 0.436946353372216
0.555454052237085 0.4300066789421102
0.2838830910175216 0.6950574600711317
0.5822804949737441 0.5779084245061551
0.3488054546746989 0.1341168846580001
0.9021347237145472 0.09485075638891349
0.1576878995915313 0.832535332611652
0.6111906886380721 0.8040583308152855
0.4012547104860066 0.4406617570598909
0.7343749529933846 0.2087127385045697
0.05466081013181137 0.7465074844417592
0.7936936298585675 0.7495247747318047
0.03464015225926334 0.2007744063797613
0.9800340433900043 0.3803309729447116
0.3464061735602387 0.9284133489421901
0.7793435742349588 0.9660009139656452
0.2278615374872383 0.2702926857977337
0.6674924659336923 0.4035081107861012
0.3098406785024171 0.5294844734965329
0.5116536386671596 0.67547376657002
0.4664468872855077 0.2400267834682807
0.7966871398641572 0.005787259924526204
0.08043219034577702 0.7923289566714204
0.6689684240886961 0.8863519503587509
0.2784480510885124 0.3049293586843371
0.6152843798669786 0.01214638873132853
0.2345981002942189 0.5627530066048696
0.9450410622886749 0.623793729598755
0.1474544635824575 0.08746868231294713
0.7508717748965951 0.3458416047653217
0.4645092529862503 0.79700840738108
0.9672798252439734 0.8429959107205155
0.1141793979823695 0.4068338791138544
0.5736479595981571 0.2543661885920128
0.419698671802247 0.6556761635554692
0.7172055902868388 0.6114779979839712
0.2703552979092472 0.07168836820918187
0.8801857340568974 0.1750236536821264
0.2322652607447194 0.9391918116854034
0.7189642141668903 0.8096075863372387
0.3120268451007555 0.4428125668610377
0.67048102106868 0.1088898736175766
0.2403348552788554 0.7210171585960963
0.8179082806211474 0.5148233306569854
0.1895290810098514 0.2237594824723952
0.8983951997066362 0.2528537276374168
0.4570470807966966 0.9251147594009415
0.9908712571998667 0.9686048736682873
0.08519757826912475 0.3373458436533833
0.7310713506590251 0.368566881660153
0.3973817171970356 0.5240773389623757
0.6452753038374692 0.6675072211764751
0.4836493961081977 0.09721007876945645
0.8218018310391865 0.1332407522272546
0.106004823034418 0.8986453839480424
0.5092798802255831 0.8911688948223634
0.4390935846080787 0.3055027316185939
0.5205964191894383 0.1854450702801719
0.09441430643125898 0.5241766969519099
0.9092725835460622 0.7045426946988916
0.06403296252207188 0.03487906864801388
0.8130319742721946 0.4355540063592935
0.3368042145877387 0.7641927481891282
0.8400416308387718 0.7928182496662146
0.2114439305081025 0.4879168330763635
0.583018956889556 0.4627765585775118
0.3550435772765676 0.6429449535474108
0.5351739452737404 0.5566471395766716
0.2709769361923262 0.2265954985842147
0.9671667490338016 0.01152266234432657
0.1876937214692292 0.7873314335791247
0.6140336979549512 0.8126621756264522
0.3846641027529203 0.387600563688303
0.732243278953956 0.1747743835001201
0.03242390776283906 0.6870197383614088
0.8424041553363335 0.7222964349185681
0.1018946458384182 0.2147213303143653
0.9043994268485795 0.3766408800718502
0.2559082080092407 0.9030862369593289
0.8432791657918207 0.996768164352831
0.2218737035103819 0.313739076852341
0.6830236014891468 0.4812396053873364
0.2785622254874208 0.6147435719151212
0.6160602250188898 0.6425492900454989
0.4965402286613181 0.1775662173102559
0.8122523077135345 0.07360078763442701
0.01678996965405918 0.7585804703127746
0.6365465529368978 0.9392221024839246
0.3570919816588356 0.2906778896251361
0.5967381213551248 0.08972195405216603
0.1450734922000343 0.6016882883950631
0.9953704283072466 0.5436107446448105
0.1615656137700197 0.02144881388871996
0.8567274982527997 0.3254877581998212
0.4680796108604968 0.8304753895959456
0.9656281914499779 0.7626345790849293
0.1179073430846362 0.4920807589817999
0.6074316954097903 0.3429684315934652
0.3827201630432988 0.7198925308990537
0.7428832992890786 0.5503433283809565
0.250233384904568 0.02898132978327125
0.9875060377915501 0.1766900602371428
0.1900428663147062 0.8850630418689429
0.7240013287082587 0.8145136078777825
0.3174131906184113 0.4794417972091407
0.720541269340024 0.06500190919115895
0.239643932590168 0.6420599249382019
0.8549127318875663 0.5929034920182971
0.1514016744780893 0.2034415001070266
0.9095704659946178 0.3586545590704206
0.3862222080417193 0.9284030485737131
0.9780707631606299 0.9368178804136913
0.0213922730239253 0.3334136551445738
0.6351655251818477 0.3280285858741872
0.3847339396845304 0.5902692342018176
0.7419134896111685 0.654278996241338
0.4402307092167065 0.04332648135529926
0.7795296621066123 0.1737429446632255
0.007626013486337423 0.9363742412536417
0.5495185179322997 0.9611454286457999
0.4019836319795314 0.292115562138696
0.6059979019143501 0.1498283266826749
0.07627428726976937 0.5689779992851655
0.9620228302710376 0.7341122321385155
0.008753554510397827 0.02820563151093064
0.8270974813581944 0.4711114550193809
0.3347497055199633 0.8622142983990428
0.7629697693102296 0.7822517381719967
0.1262721955173396 0.4524908486778325
0.548305604408297 0.4554403716977975
0.3606191681507503 0.7458829683972542
0.5245035734132666 0.6009806806511816
0.3103461434495568 0.1459613018148837
0.9085235649477407 0.05138997185672525
0.1524955213908637 0.7513755113070205
0.5062352978233693 0.7653947634509832
0.4816799509752582 0.4899076416641482
0.6591165030808628 0.2259148779754829
0.1220258345132685 0.739100861362862
0.7779972246948884 0.628960239778764
0.04412663875990197 0.1405746282236542
0.9976512442786832 0.4766133361184132
0.3536843082772994 0.9851859670580524
0.7752318291235809 0.9113612122183687
0.1393253886670021 0.296407204284611
0.6892616300993745 0.436817304402372
0.3514149357358284 0.5062842505366317
0.5237948967812058 0.7404983394371961
0.3823996885399379 0.2015120524209383
0.8539657102059844 0.03692113508515792
0.1051088050300647 0.817481053444746
0.7464800958538167 0.8751660950009245
0.2510553616965159 0.3150898802779418
0.5360088470434741 0.01927939097721735
0.2105307888191937 0.5226807409572615
0.9327725477587044 0.6014880560739175
0.2438236173204229 0.06250189281395814
0.790665903851908 0.2736208603114103
0.4276499736482863 0.7741768451728802
0.8781996858892017 0.8682273181812137
0.04732695183325995 0.375021610954589
0.5342092885385311 0.2773952627191001
0.4882655460678845 0.6261119313088773
0.6764477869158823 0.5815480223897982
0.3196970496135456 0.09554595717319059
0.9311107932962398 0.2471479199405988
0.1406256689112333 0.9998919019095309
0.6532180891709767 0.778815434004573
0.2548246750869553 0.4200264842897061
0.6738946003322949 0.003931598623546432
0.168567527153357 0.7293212934815296
0.7757366231464574 0.5287831124296359
0.1950791015091637 0.1409381313346811
0.9575999617376781 0.2990757317412952
0.4859480539000269 0.9541351756560779
0.9195266449450438 0.9578910733832222
0.09629940954606314 0.2660370224432005
0.7032327900034674 0.2873866921091253
0.4834752115360529 0.5518187263978621
0.6368251053340668 0.7375291777176433
0.3782928908964676 0.09264096305390711
0.8686654020077402 0.2119215786718507
0.08957161190590268 0.9664840560999894
0.6071920504912137 0.8884766663095311
0.4896004141199308 0.3288246913894428
0.5238708976366625 0.2285159683423808
0.03194786136883535 0.524822052186116
0.8788357755513947 0.6551222809226616
0.1249954323081319 0.06500890106059018
0.7835491857863711 0.4050575393579402
0.2547308016611831 0.80085440852495
0.8514500725936899 0.8207295787788809
0.1971505971544312 0.422092678797373
0.6036147162775412 0.3763896200098766
0.2531679388553141 0.6339601827152742
0.6139008425792991 0.5615753217521694
0.3174150442387536 0.1886801279753715
0.9749962214178993 0.08047309199943199
0.2338321179815939 0.8742994692351354
0.5224834099200988 0.8558293267850479
0.4482973187801457 0.4120917876486564
0.6506248657500764 0.1401810898313158
0.09989687020258811 0.6652231740329668
0.8153475134813998 0.6719206946767804
0.08603394553522506 0.1376451038589815
0.931979398444801 0.4494481811833841
0.2599818646932431 0.9408376982478802
0.8171246797344708 0.896284838598548
0.1555829527210136 0.3323013516444936
0.7338032554581476 0.4523401523878192
0.3286123514087443 0.6051920878215052
0.5859780618902023 0.743242621520973
0.4313684901273433 0.1259087766126811
0.8169706696340364 0.1044829315169267
0.05695970308381516 0.8446233218648309
0.7058008791369422 0.9559740916713552
0.3266837569927379 0.3561612391523749
0.5217758542065875 0.1008572306396188
0.1511266605374774 0.5169380422496969
0.9076161149496356 0.5498745533424788
0.1885934167453183 0.0480920125585917
0.8692378427955408 0.2712993157387604
0.3940366341242894 0.8420371863719652
0.9273673502281324 0.7786139690404248
0.02687583037253972 0.4880647845432871
0.5153556271894055 0.3308897660507817
0.4387908234919646 0.6876483596281671
0.6698520673127265 0.5521139289556808
0.3163592256686357 0.003345081113845263
0.9765563423427589 0.187817654443717
0.1661679295888038 0.8936935163463487
0.6752625511281413 0.8549960630859019
0.3405673381329899 0.4351827210062474
0.7016624447010814 0.04140621667776281
0.1610277191198723 0.655512581318038
0.7841332609591054 0.6144396068637965
0.1410815409523159 0.1254656253029903
0.9533201627985434 0.3553141261092485
0.3962092075795272 0.9980497067724486
0.8837397970547277 0.8843555924481058
0.05102933823779751 0.2785596582728898
0.6837247674573103 0.2843100673911179
0.4988252496887272 0.5879367162553898
0.7330187227219984 0.7378684854118052
0.381825418179209 0.0526090450284703
0.8114578647335856 0.2492094694570388
0.00783191966294578 0.9953940423422614
0.6204624773052893 0.9511160203715094
0.4081718325658554 0.3231689154740174
0.5986053494940422 0.1992862804523154
0.006991180148267244 0.5793714220367941
0.9410004593345773 0.6410985296966578
0.03289053705673434 0.1008169719232498
0.7957404590095988 0.466098275154575
0.2739930498399203 0.8385608000478897
0.7510230590787107 0.8249639850120069
0.1527374885623975 0.3799013442382339
0.5223385971019079 0.4015751614411833
0.2571069965700947 0.7208829134514747
0.623016160856679 0.601775407524517
0.3409502985236672 0.1796730256579449
0.9235307604237672 0.08427119560643917
0.1308994347502306 0.8534858822227688
0.5780462453836255 0.7615686012661919
0.413909876308259 0.4798901526951724
0.7041788475535345 0.2218376819783646
0.009676058105694284 0.711372735700325
0.7736863065169379 0.7118671302082762
0.03063672108774986 0.2219432565450699
0.9505738569838957 0.4351507774098131
0.3334865099763061 0.8805849097907427
0.7834402738115758 0.9734317344092696
0.1893302314900578 0.288123124063007
0.6372597222526973 0.4146304095057101
0.2737915710420556 0.5619106803053295
0.5416492764295996 0.6279830194199748
0.4888638755001127 0.2006838165699843
0.7659766131284136 0.04827061959514645
0.1010397181867068 0.7661210435783693
0.6558550431964457 0.9361843330462422
0.2862342670588524 0.2559785174262328
0.5716123961912234 0.05634825242162932
0.1928763177058659 0.5980135116138081
0.9958977680372064 0.5783188021003344
0.174545149789667 0.1129853718329518
0.7887761359906725 0.3306646654643056
0.4750534602106963 0.7683542687340059
0.9798298275007646 0.8646188578280553
0.09274245555328986 0.3793072282410901
0.6024853105513827 0.2831945179052729
0.3972273428015034 0.6720865545269614
0.7436784975085422 0.5625058348099709
0.2948728526657504 0.1136943469430725
0.9191257631463076 0.1551789209656141
0.2106569968182032 0.9742329641905813
0.7083568050863901 0.7697108279056166
0.2668657292987046 0.4958573009643255
0.6316136721205806 0.09230815725397881
0.1934820482022687 0.7121730720254316
0.8458634854757228 0.5568882016206786
0.2367313751026964 0.2056465406622515
0.9131637483052701 0.2949091951154765
0.4975121499504986 0.8823233467850535
0.9579437053503334 0.9973901686026554
0.1228888565961927 0.3749752499564085
0.698621815056912 0.3425780053239463
0.4203726745550555 0.5613162427908209
0.6763209803007099 0.6433681632624568
0.439586149886607 0.07451105399263608
0.8687261227570456 0.1579334093849544
0.09121000143447242 0.924303326803582
0.5503082379905924 0.9359480063999999
0.4913402881232783 0.2805649661432696
0.552502618287804 0.133464448964112
0.06876567558226578 0.5419941885960573
0.8935426724825829 0.7232838403644377
0.1028545168342287 0.001184739435055012
0.8585866785451358 0.3764290095548651
0.3475349528910481 0.8004327449853124
0.8511191691955192 0.7532204141243022
0.2290232703677934 0.4665577529388646
0.6132930680633535 0.4899948460910488
0.3360286993547683 0.6752273597327023
0.5288189417244309 0.5227932958316039
0.2959786079107538 0.2027998946160579
0.9723600693423354 0.04704868733784296
0.2364513593065075 0.7701282045544475
0.5832458145754547 0.8216607626333133
0.4340829003212159 0.3885189486501223
0.7392818680025579 0.1453846548345128
0.0605511006995323 0.646001283054921
0.8150643045543656 0.7114147058975336
0.1072899604911708 0.2289099347335092
0.9341187801109003 0.3994040979843689
0.2528197806903136 0.9255994623926946
0.8272871890910801 0.9524923085563629
0.2330705940423013 0.3511019639292775
0.6569366761206704 0.4492110219684529
0.2598818745939711 0.5885411190691991
0.6103393789534296 0.6589135331567836
0.4375377366306871 0.1855380883755782
0.7740835779515193 0.08501648500418216
0.0007795227946190721 0.7857589405849652
0.6839047467566958 0.9655399086583668
0.35693264103452 0.2621349875753441
0.5685224366293608 0.09119037339396417
0.1603719764990157 0.600016125321388
0.9870447522483796 0.5233386367615511
0.1440185407461804 0.01026184206396567
0.8350682505935199 0.313528166799205
0.4801394588754811 0.8333660903550086
0.9707838274987163 0.7714211682089945
0.07759036322600206 0.4748132129203666
0.5962178094985054 0.3664649364132349
0.4024297120785022 0.7009998058315848
0.7478595324529437 0.5210574170577614
0.3032858605684117 0.01862703090453116
0.9896323117235255 0.1392776451875519
0.2302383179441897 0.8976945995800287
0.7296361484274403 0.8465077575014758
0.3644786849626374 0.4954518758293699
0.7110970680899692 0.06350854028070937
0.215514999820751 0.6429711817307783
0.8173954214872003 0.5838789290187862
0.1444210321886857 0.226229281367975
0.8829258033812788 0.3500315713554804
0.4315497931189476 0.9126272518356312
0.9746798005924759 0.8912773373397789
0.05870626169588572 0.3436698789238399
0.6276586274370578 0.3578977767792689
0.4207295006515647 0.5707693604360353
0.7101560654422455 0.6301402628168282
0.4868190733800766 0.04082445780927023
0.7828490760838392 0.1595024613554499
0.03868785232201386 0.9263881339277079
0.5603842285294245 0.999781291038023
0.3978457879035392 0.2805474319131116
0.5724661662768461 0.1554558955029193
0.117309064491726 0.5813774233236735
0.9729630826428353 0.7489090433250858
0.0303149406112534 0.04512879405912217
0.8684519465554634 0.484843528419086
0.3550292021063241 0.8634180221333652
0.7765412237875685 0.7717351731662847
0.1843111230240694 0.4662584925360925
0.5348706705664523 0.4763867522926787
0.3135111323169018 0.7405799190675385
0.5232531633536261 0.5887439539337392
0.2572619733996205 0.1290217691930289
0.9203195147617909 0.009009392316147516
0.1703978280225182 0.7601911778520059
0.5103312664248757 0.7833189742739284
0.4750199272838128 0.4665460994897194
0.6414503919004733 0.235939203346871
0.06344400643248829 0.7471897691430107
0.7737515374120605 0.6738421075786398
0.06243492259067234 0.1772223617725913
0.9933393760464548 0.4679067697006414
0.3423609546805314 0.9724318667476113
0.8054284500029834 0.9338693323573054
0.1627713539741205 0.2929797009736486
0.6939394854045985 0.3845991546900503
0.355100436630877 0.556992286335938
0.5051349786368964 0.7154303985904731
0.3771525143877935 0.2482232012269972
0.8512653249219631 0.006891509347088452
0.0729009681982913 0.8416327874278087
0.7468185081070335 0.909966633445263
0.3075750567327161 0.3238507486734211
0.5219989240284766 0.02912748865271955
0.212414185239507 0.5595137423782193
0.8974681592148261 0.6038551711962418
0.2085277862174586 0.08054416259742152
0.8001140443803761 0.3006685183926334
0.3870543458891994 0.7509867061019845
0.9026811356537642 0.840565967636564
0.01189360542134539 0.4057924951334881
0.5553512870842374 0.2899477752151487
0.4861149699965731 0.6673887465955762
0.6668075271867963 0.6032266505396263
0.3586250986667823 0.1246572541087199
0.8833103277407189 0.2232948627418689
0.1853258869885706 0.9888568473751481
0.6593092500608336 0.7581534702367361
0.2883709597121112 0.4133486434182365
0.6855263964981695 0.04290955906857995
0.1833268334185615 0.7092102532917107
0.7715144666207715 0.5617738111344389
0.2077822371946081 0.1777371654525949
0.9444007587649823 0.2547994534521461
0.4711203153931793 0.9995009470295499
0.8828500035382209 0.947626634980503
0.1010098905564583 0.2976848950694562
0.6901305650513909 0.263120551535025
0.4692119040387215 0.5250854268327814
0.647666132252767 0.6905518641096663
0.4226248274466216 0.0901911878575873
0.8352140945904847 0.2017859256213333
0.07751316955193852 0.9974109989505077
0.577207729857054 0.8968123068955905
0.4941018406138474 0.3527016731627957
0.5203583456669533 0.1980337831247385
0.01582031923253199 0.5045055953168656
0.8833337556835921 0.6803466218779947
0.1232219704156557 0.1003531738173442
0.7626381973950668 0.3770349525657222
0.3107943422095277 0.795557349385442
0.8241702779813909 0.8366135040205822
0.2103125783229847 0.377341295022163
0.5644945425757872 0.4015019678598586
0.2502782499643372 0.6841031686305267
0.5859054069563828 0.550238253511219
0.3173165578225903 0.2235231983469186
0.9911912199971123 0.1082203140391833
0.2398455584360186 0.8433553266686669
0.5351783530000366 0.8741592438535899
0.4678549934796606 0.3785864799423843
0.6758661539646383 0.1434686813095903
0.09761861530416259 0.6518663921765784
0.8210637676949448 0.653767112139818
0.09158990728597982 0.177949809031819
0.8896746294398317 0.4442487363289614
0.2652437271266408 0.9928564289429237
0.8389089377294826 0.9205116017649886
0.1313866796696731 0.3556144207733491
0.7283955561365918 0.4986544247966151
0.3210432308793603 0.5795926017600845
0.5857435717172406 0.6996652210062644
0.4156675178458265 0.175238461364632
0.8632051725515248 0.1021750216805129
0.03687207406191466 0.8281802390942559
0.7100355521517552 0.9930131578208771
0.3146341487509313 0.337197022344692
0.5500508018631556 0.1172893955054275
0.1353116528027606 0.5497232005313528
0.8877029210317295 0.5610488507889515
0.2331798098708663 0.03469523637468104
0.8744502581483974 0.3017856595335841
0.3828218081779799 0.8703185992763839
0.9214044380100327 0.8056496413658674
0.05005633054512929 0.4942057852042596
0.5327955206815695 0.3245403612922474
0.4450791256483287 0.7361057963294205
0.6753740550913765 0.5115343419610615
0.3300645410689211 0.03808697841960147
0.9638649428118948 0.1993025192658479
0.1599020984711029 0.9191400465290269
0.6740637198367625 0.8297430554734239
0.3139274088910806 0.4015268682936781
0.6972264625756968 0.01641322847786158
0.1252474851050253 0.6262209127980021
0.7636416371911162 0.5992917859640909
0.1675428514449791 0.1400408548425499
0.9384337855602319 0.3195681577611392
0.3991822741843993 0.958004951074122
0.88824066528055 0.9235089814270085
0.06202088746848021 0.3034784205066293
0.6453778673955822 0.3075309852695615
0.437902414367717 0.5921098239256866
0.7116027798402919 0.7359858909136227
0.4351911938765477 0.03859262134178397
0.8008336077517471 0.1958215531703106
0.009036042872809388 0.9430516168640668
0.6213173962554843 0.9975352092141243
0.4220460317314964 0.3702702620408507
0.581468411615719 0.1920124318756984
0.05137902105667036 0.5654141873232593
0.9724106840434097 0.6361329988873408
0.05598190417269661 0.08394690330864298
0.7945775377914334 0.4811646264317302
0.3109968869126674 0.8160691394085358
0.7532247852159656 0.853432890869342
0.1267314903857071 0.4316219685913397
0.50851985808922 0.407567218662429
0.2752690040557446 0.6974872685319011
0.5915450741055146 0.6010889260773808
0.3366644392372782 0.1391197297920571
0.8962917398606259 0.06574692051157432
0.1863721227088346 0.8496275316767016
0.5662701962254439 0.7853417124219786
0.3900092342207376 0.4872527565930349
0.7373243330679378 0.2358152928953279
0.02516941148070159 0.7434855460753278
0.7935024984505493 0.6936700409724262
0.03785993692273283 0.2447171295130228
0.9848863483666762 0.4239762673486192
0.3457158426365665 0.9048250274530033
0.761153247526174 0.997932499707357
0.2238647837597068 0.2893828918979814
0.6416205965944772 0.4050753210923835
0.2550703690153071 0.5035837808633988
0.5242230691788522 0.6376575466302141
0.4942171750648786 0.237097562667399
0.804076150753898 0.03829321635364977
0.1163038397141148 0.790683298327893
0.6605063520201238 0.9208733467512437
0.2506781814930435 0.2740706701285732
0.5866037765911364 0.02382177859194367
0.1875861876941534 0.5791705213828576
0.9853975179993717 0.6190378717707402
0.1319162224407089 0.09952307911840041
0.7674030542000647 0.3408288508859854
0.4919907844282015 0.7953087394543396
0.9537228724019746 0.8640051833803846
0.08448907330840247 0.4264726662856145
0.5842314795615111 0.2947466592594685
0.4369514529311121 0.6691289957031933
0.708203577253275 0.5722077449575557
0.2600866668015426 0.09446769503009084
0.8796473168186442 0.1535447689605164
0.2064751435953727 0.9431121399289201
0.7173871722619971 0.7856536577067291
0.3096433339859663 0.4893295084673709
0.6374983087849241 0.09468092317761803
0.2136793461950722 0.7288390283717011
0.8642165742964864 0.5166521719648909
0.2065801013787711 0.2049684886413436
0.9245798877354127 0.2713682164181072
0.4774760130185821 0.9235231479998545
0.9483929261620653 0.9495364067786254
0.0959922470378191 0.3171366740522351
0.7297966474079552 0.3390922785653896
0.4271779634317696 0.525131568238261
0.6517389539268056 0.6419294788435078
0.4926229176152725 0.06865287470667081
0.8276133219944769 0.1810914473969249
0.0696158249569728 0.8994855998046091
0.5142647702194613 0.9163016824218164
0.4785851268672673 0.2939519543437375
0.5419616160105829 0.1588749045621091
0.07049497737757121 0.5236748740256839
0.9329022655140632 0.7486246081280371
0.1166602064276656 0.06064495655817522
0.839768115394621 0.3894328939484358
0.3214844803316738 0.796857828292563
0.8435076079748456 0.7549915314455448
0.2128773282574751 0.4517112948221491
0.5664110605362643 0.4917831388827944
0.3255986375295818 0.6561146936470312
0.5437838567703044 0.5125045204955321
0.2884291747548618 0.2334781933121835
0.9772661994321733 0.007013464599565433
0.2284020777759855 0.7968439136484932
0.6000113850872756 0.8726781921436719
0.4040068346320763 0.4247525208371846
0.7131787051809881 0.1688364611593655
0.008334277370981391 0.6738770110603671
0.844427772601649 0.7230391047286823
0.08073138081168148 0.2167646280110762
0.8816104344905786 0.4301560763862494
0.2932012530988219 0.8780175900919244
0.8596371995769518 0.9989768533121967
0.1893396963889231 0.3163701380957455
0.6456752277562521 0.4882924437047771
0.3054938505404064 0.6025360302330619
0.5833024290601549 0.6259260878697007
0.4986971049467993 0.1498849816673041
0.8010442133336125 0.103355503722726
0.0473049917132168 0.7569580604035989
0.6353809652584704 0.991028964186259
0.3175122982133123 0.2921939768495864
0.6118650278204534 0.107996826179184
0.1410642023160598 0.5655466683039947
0.9565308942401597 0.5493441001321376
0.1813341293055247 0.05738637592949383
0.8570608109757589 0.346684202173502
0.4553701135761811 0.8679588585937794
0.9447209391632037 0.7980896408498294
0.1001739474485945 0.4542333829942666
0.5929820043900866 0.3369402929904491
0.4151276916181564 0.747978184078212
0.6945145917798101 0.5320235337165897
0.2667886141113489 0.0454868299999677
0.9401583375895903 0.1635366798718635
0.2086893566340361 0.9107715983153879
0.7063196617470777 0.8348242417549652
0.3298313558162587 0.438304889363731
0.7330214873175872 0.1195249283931695
0.2319318506809193 0.6782172409611922
0.8448147113952983 0.6214127273757946
0.1759647207940238 0.2091795535764165
0.9261829922752335 0.3362732363784154
0.3998873989581398 0.8833252470535304
0.9492498207952137 0.913815615777124
0.01134024992545852 0.3451635777560392
0.6853957979319005 0.3363489064186268
0.3929854339298573 0.59984065620575
0.7421319990236943 0.6717924010522029
0.4683984063037667 0.01793849512438002
0.7692011894000071 0.1478635535664715
0.01061738695020121 0.8977337733037207
0.5051416473530863 0.9535282914425907
0.4219921191929522 0.293513455222409
0.6216118902387269 0.1781540021423341
0.07798802436365403 0.5974387988915267
0.9528500325794637 0.6897609490532328
0.04272019506247534 0.02468030049931119
0.8128026036860081 0.4417611563243937
0.3260883324170862 0.8254312818259775
0.7884503658259698 0.7849414595046086
0.1364451350819586 0.4978387328263185
0.5038840279319586 0.4444778646499157
0.3452122433330195 0.7186882963905333
0.5384017933730474 0.5979359028493385
0.2921976621592283 0.1641468730265584
0.9037872565841417 0.04531903643703338
0.1343809205989786 0.7895871299990124
0.5316832828340239 0.7784892736454895
0.441333186949423 0.4837929759212067
0.6822574644866924 0.1893993173804723
0.09462443728219418 0.6932952491208439
0.8040774392257988 0.631026440609426
0.02761810757232639 0.1372802117260501
0.9394386193726306 0.4718750837265181
0.354884843295094 0.9458213745332319
0.7802864923252418 0.8929201231080957
0.145035404145628 0.2723760202530057
0.7495241396940588 0.4271430360811923
0.3211070394944059 0.5115153426168255
0.5492206784375477 0.726773994205584
0.4308423169596959 0.2030171289896041
0.8346781418320454 0.05530105517905329
0.118395655066383 0.8746174496577918
0.7061119888052489 0.8860881604697548
0.2577116377646122 0.3591747063568557
0.5500535486163393 0.04984991945285414
0.243106522891489 0.5265432175525274
0.9273338378539203 0.5835372041540646
0.2430430582919996 0.09823526773848762
0.7593316770700985 0.26440341850935
0.4344064972379159 0.781542974471868
0.9079994199693702 0.8734673705298897
0.03939338296364127 0.420204585435991
0.5043479152890836 0.2719200235832078
0.4572412040729446 0.6394557105543072
0.6556378061910021 0.5701219935836859
0.3359281701847465 0.06357018481938806
0.9123143152483636 0.2185277090885079
0.1327055328755457 0.947344440696817
0.6305603026033073 0.8006266744032329
0.2583420564964408 0.4030330463139498
0.6359495943765145 0.01468730314322797
0.1255552711360435 0.7486920536441942
0.7852214718982239 0.5233340036560218
0.2200817478280017 0.1421636645588432
0.9924960387789402 0.3060224488869904
0.4646827522471875 0.9439218476532804
0.9308801440442407 0.9738265853270276
0.07807917338888884 0.2789986988444982
0.734910043063385 0.301452831021606
0.456678191449488 0.5548668117361077
0.6599216123196426 0.7441632356908572
0.4019790661895213 0.1179820892135967
0.8688192431941864 0.2419853507383719
0.09906046833402285 0.938725696998167
0.6106819498938096 0.9231981392902151
0.4656765761098218 0.3325698031401097
0.5446948586272891 0.2452917604631915
0.04363232755731726 0.5359054645952611
0.9227599998431076 0.6522809555685677
0.06390405582425486 0.08938631461303284
0.8034879529261815 0.4240573192214957
0.2660152617584175 0.7783918223173608
0.8543700948531988 0.8505665005483345
0.2360411013417797 0.4242705226703812
0.6234178092965637 0.4145299414342877
0.3059067288836919 0.6344649432777736
0.6053106466353074 0.5182699935804908
0.3587446933535134 0.1930292337689963
0.9471033301500369 0.08237086840355333
0.2164372928066431 0.851642720309315
0.504671829272719 0.8343604973432065
0.46978417829572 0.4311286597352452
0.6510294815918661 0.1562848807268985
0.08486319388597091 0.680343646531762
0.8678946161100637 0.6803767755741013
0.1180700539922242 0.1497379543324566
0.9223320276250774 0.4888749045327261
0.2835132143924877 0.9584509408621573
0.8510533900780684 0.8988288973766658
0.171768057681683 0.3131294141497525
0.7083126636961096 0.46211338746387
0.3704417816337146 0.5949750719246937
0.6036058500665263 0.7261088273006244
0.3883067982688341 0.1457206729809721
0.8206615662307933 0.0639494993572132
0.03064527916244015 0.8569057919084345
0.7416800831319742 0.9420857138132657
0.3439040352026752 0.3488519894248866
0.5070565264230547 0.08598065627222322
0.1855654190067121 0.5067970045641615
0.9088840048110651 0.5297219455154978
0.2177715022041267 0.01411216552368535
0.8361709638280265 0.250677154155916
0.4357912470795431 0.8241029616879101
0.8952655279601492 0.7539535029696369
0.03085572921101461 0.4621078625927186
0.5131961298078577 0.3478009871165594
0.4976229587322667 0.6887202268245708
0.6489146985562051 0.538987971425349
0.3609624777074341 0.02243289599464108
0.9980701176995926 0.2445873939355474
0.151364323408082 0.891347151498887
0.6548790514724937 0.8440424554516888
0.3490305017438481 0.4186526305937854
0.7200005335580032 0.04971778374475062
0.164679099789369 0.680123012082846
0.7822724815823034 0.5785115572826491
0.1393464525678321 0.1780496999287244
0.9881815606355974 0.3518168969092504
0.4187370421607101 0.9908227360317643
0.9182306688022372 0.9017338675682874
0.02400760157809688 0.2680650185092862
0.6837252291302067 0.2645274499359292
0.476707769174231 0.6134449006534629
0.7362480399642846 0.7059929408353373
0.4055512802657779 0.02594213064603003
0.7565199849982899 0.2327627129950314
0.03433055969475872 0.9846812058902381
0.5783062073521748 0.9580664114205535
0.4002989491634826 0.3128055475766834
0.6155090889457837 0.2465868501929553
0.0241673442955745 0.6096210520801933
0.940074885944201 0.6609842832145993
0.01836057665436911 0.124581055030795
0.7686506099638387 0.4666267727235816
0.2754499204753922 0.8647585259600391
0.7847622214672209 0.8126206257919488
0.1798773028917054 0.4006174065945839
0.5616087510246829 0.3845632126955362
0.3056365624979722 0.7429340142646578
0.5979635001223415 0.5743890524545696
0.3645725125718828 0.1784525989212303
0.9299199231491486 0.1090923752554629
0.1529778873523201 0.8327117326597709
0.6008791529020979 0.7766448120310763
0.4321479470787882 0.441964251623186
0.6988838927654809 0.2140137035746317
0.0569031245188822 0.7090897117665989
0.7803165896985214 0.7267596920104826
0.002162025082514763 0.2145844680147855
0.9542642385467234 0.3792740606797482
0.3171549577658245 0.9111085381935204
0.7926977237549957 0.9664419181517625
0.1991005434350302 0.2682562022995758
0.677373581729348 0.4122554140392912
0.2903362957555328 0.5529991944775446
0.5520880295048959 0.6746572225964595
0.440446503027757 0.1884329282909956
0.7747999074798917 0.01965986309328457
0.07802326306445528 0.7780686338732882
0.6552589225577855 0.8860315497667395
0.2935177821018241 0.2882299442091027
0.5962981632231471 0.05721988717534118
0.2302804954511498 0.5982266635363954
0.9428417127635346 0.5895523938837527
0.1711672600136684 0.07363571042727977
0.8036498440140742 0.3718886649325336
0.4503806611753459 0.7544680869717154
0.9773699235065927 0.8193983205167452
0.105342914265877 0.3773995701196638
0.6224915616159299 0.2676701797708374
0.3796030413586044 0.6375576412226952
0.7340569179290167 0.6020022732370409
0.2930373224266907 0.07423056226771765
0.9368268639343317 0.1642702346966795
0.2358495028004766 0.9918384780163629
0.7378824378762545 0.754047856269915
0.2642312404589677 0.4520894458035301
0.6683751908702036 0.0661470548630521
0.2307248779149453 0.7135042057486674
0.837165171608127 0.5552030586267487
0.2343029798676858 0.2486721813004374
0.8819615969765597 0.2988080505567492
0.4516400463820279 0.8887620538634937
0.9735428232746297 0.9965782734254768
0.08815205149511103 0.3728024433329977
0.707531428182236 0.3577026120741268
0.3870432328765092 0.5457590627512223
0.686231862137525 0.6650354871592818
0.4681158010756394 0.1157005418842459
0.8661268035159702 0.1305130864221652
0.1240844498285273 0.9292350117062912
0.5371470426383971 0.9023025234966071
0.4675794484421941 0.2684620807888454
0.5293598623205806 0.1376612830086861
0.1011881889093086 0.5530888571820455
0.9049687296328254 0.7095740874052935
0.06604813639209252 0.01694506080441914
0.8601020537792248 0.4118059334608883
0.3736893558833584 0.7510413606675658
0.8672469032271046 0.7902305929666373
0.2289769587655282 0.4730720859526044
0.6108293755858984 0.4517915658525564
0.367736100846575 0.6800806367194431
0.5299072447014339 0.5549216763700839
0.2591812106976276 0.2181817527911232
0.9564090415160403 0.05897559204069323
0.2052674896327321 0.7670727788155209
