0.5928446165166826 0.8442657442565983
0.07017538880209401 0.4350436256348635
0.4512992358002518 0.72497499485987
0.9897933652720887 0.1797222345043203
0.8675330471025776 0.5719977509963893
0.3723872355488732 0.08474627911662322
0.1385606090370534 0.8923933830196255
0.6299277981062797 0.2500138376274252
0.9367485594566286 0.7731490396981049
0.001012026419478432 0.03016424915469944
0.3773355164554174 0.9618188292241362
0.7581163240394055 0.4427722630354803
0.5048251511743173 0.5371195209023324
0.3116336980246202 0.3339077447693048
0.2054296414479047 0.6680102644393676
0.744200451234466 0.2006730344441973
0.6626029905870936 0.9969280175603464
0.1685445937097612 0.2927671888365627
0.2557516969313072 0.523719202369904
0.7830774417441413 0.1171159849653521
0.9676547596688938 0.6547514092880554
0.4201168084252964 0.1290069526879865
0.1137590765720427 0.799748519846148
0.6247396903626894 0.4854724302893055
0.8218827137501907 0.9070959768223361
0.2491108363540318 0.2495676076381237
0.3360578664830861 0.8433360146240871
0.9014126952693768 0.3575452584521314
0.68906104703367 0.688370715189492
0.4689122475608091 0.4044353092024979
0.05771923948346541 0.621086008816507
0.561845589354059 0.04721007706339166
0.6495621059115257 0.7537351422409279
0.1037685225841201 0.3708314589343424
0.3930497275027938 0.587036355783135
0.7793557043095236 0.1418540004893657
0.9815792481243053 0.5600369368829502
0.4613588470663954 0.09474522606775176
0.09130460301559236 0.9741996299195668
0.6011514870829608 0.2713668510541382
0.8096690400546735 0.7945428417091192
0.04035611348680431 0.2290168229946692
0.4231456271145013 0.8613130937019072
0.9512329519623693 0.4639464499464921
0.7340724615784844 0.5151398115641922
0.4859023681627729 0.3208054372260299
0.1538644906992981 0.5997683010108966
0.5710289080832212 0.2149312644679014
0.5415296642796037 0.9408617092024384
0.1782716566626192 0.4841151920662134
0.3587733231941154 0.7356414947221517
0.9208869617791609 0.06335484360756458
0.8476900815132085 0.7080867209755838
0.2861677403232225 0.1663456241614672
0.1876345484832087 0.8166953719897236
0.7164592979656375 0.3842666622708875
0.8905476666756681 0.880533106880273
0.2193183329588908 0.005568678995226848
0.2799885467746559 0.923242849330415
0.8403180673792672 0.3032885683736976
0.5311338883863582 0.6830302889874463
0.314764467263844 0.4163105284855615
0.02989816632088955 0.6273230139369942
0.672052450913629 0.04226263898734258
0.5544091783732852 0.7644310584146947
0.0506979290774651 0.4993174278437262
0.3843045718503253 0.6787512714832278
0.9289356595554852 0.2386565309700701
0.7669572922756273 0.5187698922026485
0.2898948577588032 0.0220180047542692
0.2008374658452893 0.9559837668149788
0.7415817723147048 0.3140026737678232
0.9963567642706197 0.8288614922810871
0.119106552113379 0.07413143408509326
0.4807494104374859 0.8990655809198043
0.8355490996940533 0.4243258371376763
0.6111703547466104 0.603886929715083
0.365436830828495 0.2818023810864964
0.1815875078020128 0.715123807850043
0.6474561039497871 0.1370240275034685
0.7252024651076449 0.9301765928463395
0.2120716028846432 0.3391402327389538
0.350359258803552 0.6131094225441708
0.8520570483732284 0.06174309849350094
0.9137765906630648 0.727426106361757
0.4599301151341625 0.1951470815624996
0.03862052698061409 0.8517246321328333
0.5347823257563493 0.4107396123106824
0.7528607556305431 0.9868522189947262
0.1614263427135103 0.1498386210468259
0.2980528518542268 0.7825619744450911
0.9748320630387752 0.2753193303704595
0.6401486423282666 0.6396414106429281
0.3995735484283434 0.4753599163500712
0.07122293845028127 0.5405309057721692
0.56363476044761 0.1237040916273711
0.7109241364128172 0.8277866283469228
0.02317918246365273 0.3122622883976227
0.444747493285169 0.5013984263401614
0.8613631180660334 0.2218178641150548
0.8968633529968753 0.5826200906049724
0.4072983744195668 0.03355894434369149
0.01005888276683574 0.8832422807283233
0.5105146280606759 0.3458774266335
0.8199288673685847 0.8689584171200663
0.08321403593622145 0.1591729308847783
0.4925646547122475 0.8078909161917283
0.8753574158434173 0.3939307775116047
0.6691750294285278 0.5626726441704596
0.4305663178690691 0.2583008501617676
0.2270759749037342 0.5542891354059137
0.5160939027137449 0.1743973430318828
0.5782329299458294 0.9198626653421603
0.235398503524916 0.3823739346653925
0.2723590946247412 0.6482044546593162
0.9551292207185312 0.01448088289720961
0.7892859390255333 0.6620911888759697
0.3345279247360752 0.2082884467046086
0.1257984317094521 0.7766577205110512
0.6803470692685469 0.4466764802064909
0.945061178157927 0.9786809698831017
0.140664890715005 0.1049531031142014
0.3273752678150711 0.9529967448301974
0.7987731792834821 0.3622872845570324
0.6018577036672974 0.7442510668882236
0.2655775306635816 0.4603485010900211
0.1005108988728054 0.6955293784204171
0.7028576978211817 0.08967990102012804
0.5483780150162015 0.8509664352218492
0.05982268768770003 0.3990472828605066
0.3871469930938156 0.7337133241825669
0.9946333985918824 0.1913594495636978
0.8298722358433837 0.5581576777058385
0.2849522218246485 0.06988988438036801
0.186914587750318 0.943527824598315
0.7288090734479071 0.2881416041078875
0.9386792726454414 0.7547590257869392
0.07626054290528499 0.0531433931653322
0.4532537737777507 0.9651881621006206
0.8561655404886845 0.4681556959860527
0.5552994515166911 0.6171648446530947
0.3596138679005192 0.3478933522648134
0.1748080553324346 0.6299564772112399
0.6673090500037474 0.2358932142731346
0.7486779125566723 0.9579218517295207
0.2074979667870792 0.3084408414704912
0.295913008305508 0.5966682602922768
0.8274143066883539 0.1126224700557124
0.9879685267371967 0.691702990611708
0.4049181684782012 0.2112378572505785
0.04325252813899386 0.8012528173395593
0.5455796121119199 0.4376900685543727
0.8385398404707877 0.9960897387107314
0.19832614550072 0.1769562713396139
0.3319437405463211 0.7781165374654627
0.9238904732373456 0.2643721727822777
0.7370989462591184 0.6869288715316809
0.3979993813452377 0.4300304090948891
0.1060467099667459 0.5696983876572927
0.5000303937175171 0.1181314589208659
0.6258929314916113 0.8373126679071756
0.03376934981771997 0.3287646919203181
0.3820088855839861 0.5506669698558126
0.7572017741266552 0.2069620025093549
0.9322469982494694 0.5277997591695045
0.4346110572376907 0.07835994548530814
0.005851197227154493 0.9474798131449647
0.5682207140550649 0.351644804263601
0.7622985500866444 0.8151752660198984
0.09670952813175727 0.245790587136396
0.4480859590576334 0.8657568566225103
0.9466697085359481 0.4074023793461757
0.6990117283277226 0.5786090328690792
0.491456353554382 0.267272766473666
0.2173799948029668 0.5754490502124255
0.538549903534684 0.2319555501915898
0.582754323592474 0.9902238036603617
0.223461745369018 0.4902673905083423
0.3707566837346808 0.6507306804380892
0.9171292293094915 0.04366251300365914
0.8472720520682786 0.6420513184450766
0.3403705505123041 0.1332101500652585
0.1348449778529641 0.8210909138477437
0.6573864397102716 0.4182196887235629
0.978898013465512 0.9154382650483492
0.2332579398148127 0.1092306933923309
0.3183391045312705 0.8882705769355059
0.7879171436615654 0.2981567279020925
0.5743437681451545 0.6348722402367277
0.3208753193152568 0.4689240057802603
0.08936969327149108 0.6567312526449166
0.7213095793961998 0.03624361616164383
0.5947981148618952 0.7681045536221798
0.08127346298887778 0.4501440615081455
0.4405844696321138 0.6673371072713667
0.9087482025087266 0.1682175085846087
0.7699541608216023 0.5911618801832159
0.3438924933585183 0.007917596769934462
0.1947453776513467 0.9124122022313634
0.6542385973189357 0.3658711826817255
0.9045317334480357 0.8323076832541293
0.02719165383948242 0.09129755445642405
0.4258425623835267 0.9258339388101035
0.7757935740336158 0.3751165695205852
0.5866077115535319 0.5458468590367129
0.2739639439039308 0.256853566457326
0.2391907594621613 0.7007591204603826
0.7134418925949446 0.1626168673614183
0.676844449992017 0.8977680115725213
0.1675764245799374 0.3268370041429754
0.3515907314002062 0.5206722893805192
0.7945072693532138 0.02450077682194016
0.8923864606426672 0.6749780341150706
0.4969520486330053 0.1462020037666132
0.1111301481655691 0.87150293423341
0.6209519818982261 0.3962833643039771
0.8072913681693374 0.902971479651372
0.1303774133590938 0.2238649422544153
0.3019895426084602 0.8569319934953844
0.9707139074077118 0.3711932276735958
0.6336623203749485 0.7203248774562012
0.4803022843697053 0.4791507106616405
0.05196770925784461 0.511459797736294
0.615841439595194 0.05518829229382241
0.7066451234247341 0.7925971140824993
0.1215241359648467 0.2934199585815067
0.4655210400824562 0.6083090565350091
0.8642510304682698 0.1863943479772801
0.957198208294185 0.6215985585459249
0.4736498130176164 0.002717698614898263
0.06287354034218073 0.8781633518042729
0.5117467020284767 0.2797720577778137
0.8163614007942868 0.8086293491593042
0.01217452806190848 0.1531034248746538
0.4103973069469258 0.7865193021932692
0.8797058078579357 0.4953406276051376
0.6440733168089182 0.5067310285682277
0.4175916229059173 0.3428050442722096
0.146182755578396 0.5314251015972061
0.6059073647200597 0.1259684352493976
0.5245335564948151 0.9346343959252432
0.149340985892348 0.4266148576677045
0.3062050671628551 0.7470711501026619
0.9646912594023461 0.07544442312556743
0.8042176991426397 0.7132064665713231
0.2596619605652702 0.1975441742656189
0.2422052987631246 0.759072951598843
0.6951421194624127 0.4566369184777831
0.883201213992545 0.9694439077890259
0.1595175395782314 0.01765428215092025
0.2683487214267996 0.9834861638156551
0.8724117698507103 0.3174405781489568
0.5233560194344838 0.703763177559291
0.2536255077611813 0.3899082609900253
0.01927097959562414 0.7417472319544358
0.6844215032877541 0.09821622584718387
0.5965389028130974 0.8384053141863534
0.1023073514326161 0.3971928871759118
0.4989978595468721 0.6942428021543778
0.9403619252087214 0.1324606887411743
0.8420091661304326 0.6063350753429555
0.3380580945966697 0.1205154967043438
0.1733439889581806 0.9115292687790197
0.6650879804445969 0.2869411554634275
0.9042479152873641 0.8109198831379445
0.04164451854006365 0.03976345413621842
0.4360859081169041 0.9821934099817984
0.7832097310890923 0.4712045505841172
0.549857126119928 0.5262075026896512
0.2787594547137213 0.3450846972813238
0.224934041396337 0.6450522729403858
0.7179839516206677 0.2256879693883078
0.6270094400370155 0.9646263551199262
0.1340578175110866 0.2677202309353374
0.2922910913380597 0.5427826924177538
0.754775680745175 0.07763665393029046
0.9981939691655264 0.6588447559737073
0.3895514831627248 0.1796159223493172
0.08646910858857988 0.7604349538170085
0.581936057130757 0.4584295040676167
0.8578417748725945 0.8928461426969536
0.216607677540875 0.2106222051046459
0.3743669133164769 0.8493075507977506
0.9259565408874784 0.3318231248590477
0.7430569778494647 0.7302472515501612
0.4453232070544291 0.4141699317608047
0.002415838073555017 0.5731405760970356
0.5065328420317732 0.0118009190211746
0.661605777352217 0.7980343274033719
0.08473144565199713 0.3189341619813062
0.4091436039015887 0.6025345791225212
0.7857992752484806 0.171035841436628
0.9486890103147115 0.5038067239334891
0.4708730292633633 0.06743303990085024
0.0943502446685317 0.9671157924008823
0.5780387247307479 0.3094555625712082
0.7690370590648019 0.7507503582932165
0.008167840281411603 0.1919045398291526
0.3857031511031773 0.8192130654369759
0.9920747219469024 0.4736346076120714
0.7073868007706052 0.5562530149150253
0.4505569597644946 0.3551051445828133
0.1716212139970279 0.5679690071876267
0.6226728792160009 0.2331847371283119
0.5035495038534431 0.9940906682301982
0.1326944280050601 0.4617251940245928
0.3127891174179389 0.7127548693406404
0.9003469707512011 0.1214340559205321
0.8336438197587843 0.7485371101329407
0.2754482901914551 0.1483194892655789
0.2319932505962332 0.8459937593203067
0.7234880816039705 0.413744338495022
0.9237510940001993 0.9285709381760179
0.2016788547975061 0.0592370455323883
0.2997176333311987 0.8861918745925225
0.854405373948575 0.2616726194446706
0.5578175202603733 0.6252342011197539
0.3691071308289511 0.4004185923733244
0.05593252608828211 0.6654502252298956
0.6518457035579133 0.01955985654998812
0.5137710727864734 0.7886823092459199
0.006304045720834863 0.4475044819049282
0.4191591067198542 0.6342881590372239
0.8940750708902286 0.213186984800158
0.7951549837742535 0.5362691787237529
0.2599199882178535 0.05173878738579285
0.2286631511899366 0.9782180482585144
0.7123976289664237 0.3644440454568208
0.9540291635341015 0.862829899819968
0.07970936229118269 0.1072821845083639
0.4560498707114867 0.9172901179059892
0.8456534011753943 0.3790533040937082
0.5738040769512585 0.5773598222171915
0.3335332985044622 0.275611830227249
0.1277717200534297 0.7440554015075437
0.6601083210816642 0.1833478084708202
0.7006892749154746 0.881353771660528
0.2366452230586614 0.3736834989596681
0.3298788939612552 0.5841274740681749
0.8377889404814455 0.0283373882679707
0.8959701006027569 0.7062880287531579
0.4881975997074342 0.2421633740488007
0.02390332629909394 0.8256079519824849
0.5081628357490395 0.3914556477159474
0.7913162822833565 0.9591883451438092
0.1387127922592158 0.165859949858606
0.2708257617456778 0.7571418062962808
0.9492795501137774 0.2896716730473748
0.6713764575775633 0.6707367311884589
0.4238939806142928 0.4519022088627404
0.1119514945219337 0.5311151788549755
0.6188944057373592 0.0933573702773707
0.7194037706056469 0.8737225106363218
0.05332015243570348 0.2520414920472895
0.4898579888064625 0.5519575960250287
0.8309544130328105 0.2186829843548004
0.9062970208545025 0.6236109828514671
0.3958373126288708 0.0072536722808204
0.06227829281773946 0.9333896743968957
0.5518017200930445 0.3148439481995541
0.8599004147774072 0.835237890064442
0.108413340578258 0.1430525989010561
0.4580890718548764 0.7633562717390873
0.9118809410269265 0.4200706985631395
0.6551937413639872 0.6135419160621098
0.4020008954526034 0.2960936422609353
0.1960044617704036 0.5127120588099309
0.5596824710212766 0.1561962029322501
0.5977949684641836 0.8896678784926129
0.1918778192486766 0.4086931019693345
0.2947460809979902 0.6801546192524932
0.9922364618245589 0.04504913250022923
0.7788616262582237 0.6368603486445243
0.3633916876167479 0.2432556214216608
0.1827456381510603 0.8056952288315543
0.6309352256830741 0.4770288969513438
0.9857899022662028 0.950316218303484
0.1761127213080278 0.07134963947129747
0.3630210666873235 0.9860460540218341
0.7748458757562781 0.3231266999725604
0.5909396176433781 0.6990142821179194
0.2889828904527463 0.4813495332589988
0.07532373724611324 0.7400391838107819
0.7472949847435676 0.1097237170005959
0.5260924964492979 0.841454900457361
0.02112058137073023 0.4324148353978258
0.4159555236615265 0.7013110927664441
0.966722147795582 0.227799293737712
0.8653096980005155 0.5050387254438319
0.2619686722960158 0.1144871202560699
0.1428319432566202 0.9712394274655421
0.7047381264943449 0.2719418175199862
0.9835536677038943 0.7958287665542498
0.1196106844625162 0.01159781835448852
0.4948121976574157 0.9756564372360795
0.8260229893278099 0.4964776228941307
0.5176975288890281 0.5805557301337981
0.3421142523597026 0.33571756808901
0.1468954026487924 0.6777143193236024
0.6462309707466655 0.195983516935704
0.6965616799055335 0.9987363980266861
0.2224130600316376 0.2540494916042103
0.2662588663686931 0.5662155311820291
0.8696771202102667 0.08623192001059701
0.9595749614035101 0.7217301509989217
0.4123000759094714 0.2479871679965693
0.01373872993531105 0.7662579903575762
0.5200798793314062 0.4867094866239794
0.8731337043306958 0.9533068819028391
0.2405152352135937 0.1283426559131984
0.3471694101086034 0.8028155682234774
0.878547923256615 0.3008280996495396
0.693314058599026 0.6443509819877413
0.4280783291044835 0.3854097548009692
0.07375902547128781 0.6174387676743319
0.5313784379279328 0.06514794023231184
0.6795470226833346 0.8545650432539919
0.01672193100047895 0.3563442385749238
0.431847916291602 0.5174383778333808
0.7998771714187982 0.220578281769271
0.8818672596537355 0.5487226921201293
0.4024752032166723 0.1014071207520812
0.0317403724073131 0.9906959829773426
0.6141891329025364 0.3414417679416329
0.8058512901636429 0.8692209651183828
0.09219124570199108 0.1888063757626241
0.4749820823651358 0.8305340880433973
0.9778588965620794 0.3788622716131945
0.7270756495884725 0.6100059146333529
0.4631774879655114 0.3004849227053192
0.2444740031344588 0.594282456332246
0.5273747817500051 0.2023354673110121
0.6128504488601441 0.943252635160282
0.1905524496320715 0.454267119540137
0.3187731845869863 0.6621803856398605
0.8885589543988057 0.02672864114511065
0.8227042590350423 0.6851511735262926
0.3489976973446969 0.1727725688702185
0.1657570825309241 0.8591706068516968
0.6348191852354313 0.4039467257237274
0.9430832925978061 0.9060677674849444
0.2038207000676666 0.08212487292138559
0.3566943229586146 0.9216577467464879
0.771992651928111 0.2778695905798862
0.6036582356658188 0.6737008164675709
0.3552820962479361 0.4651023287664749
0.1152395835887676 0.6484465952580092
0.6913623023204599 0.01586563766970148
0.5894953850491916 0.7894666437664982
0.1233354323957275 0.4892464699354786
0.4842315287156027 0.6317465992936614
0.8866402139281097 0.1390548337184792
0.8010873590221751 0.5995250790462223
0.3257954954842754 0.03225036350843911
0.2463854696378777 0.8954806875279183
0.6817954300212431 0.3244088852024311
0.9142840497980275 0.8646592005409408
0.04857442436884067 0.1021134714841682
0.3750643800602465 0.8757899451922725
0.8108086925488047 0.4282067844734584
0.6091161440942489 0.5230870839684664
0.3035691689406145 0.3046928765677491
0.209152685569378 0.7229473866164938
0.7314767691236886 0.1505139918198714
0.6367310438742101 0.910025244565091
0.1504949228590114 0.3600753231563709
0.3240799049501699 0.5433809512735449
0.7503712608308103 0.05857639351070366
0.9349372451756237 0.6524979170307698
0.4431832769595267 0.183657026823784
0.06713453100018939 0.8130831096670301
0.5856557941842497 0.423088509697456
0.7651342234068677 0.9362283844609068
0.1843298799066238 0.2048251470354256
0.2575497001535521 0.8231869486839886
0.9627940000911135 0.3363938876801184
0.675486740685571 0.6904490199169969
0.4387201703569726 0.4450394551640318
0.02761561529256561 0.5333449368677368
0.5648339672996433 0.001256442305933504
0.7396185198355936 0.7704035529825725
0.06631203822033802 0.2634288584817218
0.4766274972541439 0.5923289391792823
0.8180915578121586 0.1355652148094721
0.9743198635534749 0.5888571411022265
0.4669212773747671 0.04960484039535569
0.09951270712730539 0.9243752984549334
0.5445978741149227 0.2849263678501738
0.8513630137044081 0.7801845671666416
0.04660326160843654 0.1616167411717139
0.3924301573473625 0.7746051985475321
0.9183451541750176 0.4398796511157229
0.6858423056110659 0.5622906033829894
0.3792003189632343 0.3675080420757147
0.163649320788108 0.5094417304186079
0.568367510224872 0.1580579323708681
0.5404495889274795 0.9013878538944041
0.1577672173448979 0.3886460414221093
0.2518926335370777 0.7182771102085524
0.9704589208021057 0.09667104221568454
0.7616802002833181 0.7378491788374344
0.2825649881970295 0.2369590742140826
0.2145403653702978 0.7840134177232602
0.7345945147944615 0.4939597952494631
0.9315697054764056 0.9391504337268796
0.1548276712192365 0.03843800751182244
0.3104348693545615 0.9466831360404755
0.8142211142509497 0.3514391524473609
0.5353470718276053 0.7311037367553472
0.3085909477968419 0.4369535913018954
0.03533403597609 0.7107555530072019
0.642495090234761 0.08068217968970501
0.5906817165471648 0.8266120741827989
0.07856785521245117 0.3773806642081239
0.4959257256857951 0.7351240339848555
0.9997328075938517 0.1276384785721577
0.8591035851297735 0.6241813761265859
0.3615755767719661 0.1226132196566508
0.1366357248944947 0.9309510236294719
0.6635320800031067 0.2740923960685825
0.9107540006462719 0.796736418527483
0.05551668395319611 0.01724390037106971
0.3951727758392171 0.9991052744576597
0.7819145380277267 0.4527718284241862
0.5534303251696153 0.5355674267399536
0.281001753578031 0.3302005507779915
0.1997984475201316 0.6297161628902322
0.7116470106782182 0.2039242551422289
0.6528379460171054 0.9751138462231089
0.1739613548567038 0.2662536099400521
0.2608637740386382 0.5552296413348634
0.7734505106204823 0.1043954167408605
0.9908616486747724 0.6465269701142337
0.4227527178269627 0.1819263813102584
0.1129361443506141 0.7761103102059455
0.584596730869209 0.4897695357071809
0.8315441930307941 0.8769502474790384
0.2308493000257017 0.21265352120837
0.3604802011537211 0.8389642954562361
0.9011223804683824 0.3382767504018989
0.7202553553444325 0.7031070740464974
0.4994866453015747 0.4215204008081777
0.0003986418439779386 0.6071622518726242
0.5116193438665618 0.03723281793366887
0.6563168079485225 0.7551395344833219
0.1098463309902989 0.328054384801715
0.4008095613106318 0.618932783106472
0.7927125979476838 0.1342892313276615
0.9547281998586726 0.553468540134798
0.4602043986927246 0.07966995287963068
0.08027415219611223 0.9568720162621427
0.6237277138354147 0.3111933717564396
0.7844577454193683 0.7804896647043024
0.05925256454588188 0.2075440839715536
0.40700721162173 0.8404275040076985
0.9681523059580831 0.4718086029350784
0.7149455617485877 0.5176388630434324
0.4910964707606175 0.3528820975520656
0.1720597031668262 0.6087185991067092
0.5629359463904506 0.2464017186203217
0.5136190527181589 0.9456493580038553
0.1374596483560953 0.4922422459931522
0.3173058286926742 0.7324592982410559
0.9055866228452026 0.06917600861304636
0.8647411299627402 0.7320150863614645
0.2766846392032081 0.1697112607088319
0.2374530481212494 0.8177457450904246
0.7037683649208539 0.4248149876103556
0.9029270985865825 0.9102380662040659
0.1892498884742381 0.01058127212037899
0.2697040977215518 0.8914001144813813
0.8326735251435621 0.2808421128400236
0.5612354285381463 0.6668153530844917
0.3268190010559207 0.3892193495781252
0.05141658660032081 0.6284840054143944
0.6266987132089752 0.05219057867979442
0.5590064586650518 0.793711133427357
0.05700840551876911 0.4574907515719819
0.4214562435290756 0.6604074293253851
0.8772417721062709 0.2431436884677974
0.7536536751269528 0.5439728047998773
0.2838959333436594 0.05381023488584961
0.1903046892342834 0.9878290034302879
0.7019110869846835 0.3240856795458004
0.9960832845044324 0.8580317569682541
0.08235584553347219 0.06429250752584782
0.473360686419735 0.9369936872681524
0.8682827534556176 0.4292202653121898
0.5924842069056864 0.61557454548677
0.3159794901844968 0.282266535353444
0.1310845167128511 0.7000005945942693
0.6289332390145567 0.1647164752891834
0.7223343758556836 0.900975498053407
0.1925702946038437 0.3726620922686248
0.3644193586109929 0.593366346388276
0.8286980471765067 0.03583407280701918
0.895211783999783 0.7390453170674451
0.4570681812264682 0.2269644079494459
0.004173509460437362 0.8641422658481555
0.5153533880659502 0.4063776426259505
0.7930091354153239 0.9845527111508979
0.1337113361694127 0.1487636948137618
0.2873441581361154 0.7668109635686399
0.9561172408267135 0.2623981596009203
0.6280044791183054 0.6864941412501739
0.3990939171889694 0.4415278700978231
0.1149256609734049 0.5463815956168
0.5880888656673301 0.08593025344668527
0.6995670120076448 0.8505027903108381
0.007760474497546018 0.2593222579730461
0.4642908148375163 0.5381291294120683
0.8349017684344285 0.2488440815040003
0.8763267025659258 0.6010845768787101
0.3969829077545166 0.04055135095169643
0.009261522835175959 0.9318101477628491
0.5559646590216921 0.349079933778667
0.8360399931085408 0.8197840696342182
0.08771138417978683 0.1454858911115922
0.4625964504175693 0.7912503424131199
0.9198996075189497 0.4032821512656788
0.6590761858025027 0.6117651106435964
0.4179775473116047 0.30989107739196
0.2029841997283611 0.5416417363064736
0.5567332265952308 0.1734500938065621
0.6215855278456266 0.9275106849226649
0.1974926337275391 0.3928888019664215
0.2780282494691832 0.6638918480473149
0.9529075294602048 0.04449043699760764
0.7678076593591043 0.6723591110822732
0.3465769411610141 0.1969750854469152
0.169696777416788 0.7786450893752463
0.660483127417962 0.4875796671372696
0.9971689071497689 0.9772373408583497
0.1795966600768213 0.120009825052346
0.3199177435600085 0.9795708866535193
0.7551043976288334 0.3471616388646134
0.5657782887460724 0.7411215684208735
0.2855141729728272 0.4484032571203566
0.09077602738439841 0.6981044572153796
0.7243577591082598 0.07289191206825857
0.5096733401768334 0.8620707496923659
0.05407970026971749 0.427032595388148
0.4095077168076539 0.7207451205499152
0.9718260536912512 0.2306337780261282
0.8398098510912704 0.5202614409285846
0.2814463703394371 0.1139877321631675
0.1267444409138741 0.9599749530837317
0.7256381041531017 0.2699113976682107
0.9727355419803539 0.7585160697031162
0.08527798832914127 0.003163604748697112
0.4663862423527381 0.9914345740434793
0.8663202250757617 0.4798763032193559
0.5057767560928276 0.6052970578795093
0.3583522696371541 0.3127080950288341
0.177252341188284 0.6747488149554568
0.6807751997318584 0.2020746250899512
0.746132896704678 0.9734169284769371
0.1936130128613594 0.2766645732265893
0.2748123401608215 0.6112668452376135
0.862544249401893 0.10307368182502
0.9649170868365793 0.6943722909596015
0.3940878439018869 0.2341019763983585
0.06148434914095146 0.7512171554782902
0.532361021735904 0.4978127857699188
0.8415542786630036 0.966522974662907
0.2301610766376628 0.1751562418540659
0.3480629522170319 0.7565060867789297
0.8934456211529247 0.2648762760435583
0.7491260954183566 0.6269212978038015
0.4162889417950327 0.4170319468766144
0.1066728952918539 0.5948798532482742
0.5363630875923724 0.1188984877531396
0.655665795000215 0.8448664937541622
0.02494092341780659 0.3198892072351042
0.3914902069563365 0.5048203475932026
0.770699868967968 0.2443207448933868
0.8983315166205857 0.5106444903873649
0.3905052492986626 0.08736716441843712
0.04974738498664461 0.9514769906658475
0.6195007437385472 0.3439144991343404
0.7645131157997598 0.8675585532221893
0.1083660439366718 0.1877426579159328
0.4940787909222075 0.8558254486231263
0.9757661173868138 0.4198585065028302
0.7459442840407556 0.5830931792559976
0.4701682350460468 0.2901179949612727
0.2280202040804773 0.5704243563136743
0.5372075443501774 0.2162214686693957
0.5876843947693642 0.9582622031304394
0.2350607054551217 0.4533980819074574
0.3666090526527163 0.6824518968654716
0.8993024697159385 0.05998678713083747
0.8250318305468473 0.6320787004968406
0.3694462723424946 0.1303035980666723
0.1805677820719465 0.8235290839142024
0.6487226117584819 0.4092604021752186
0.9936820290872144 0.8772546872992031
0.2062910044552293 0.1083075280547516
0.3222033324529672 0.913938421917136
0.7969587271400842 0.2533332839454085
0.5666608187957036 0.6690123378794722
0.3243576502066512 0.4558027696992498
0.09311655118647692 0.6517350322389962
0.6976872229772073 0.04157143234102864
0.5972340362259942 0.8056082380007117
0.1054519962436063 0.4462093207842185
0.4977112394266824 0.6594254648700233
0.8907042890398341 0.1676800002224131
0.7962287784873436 0.5764647255934874
0.3282588478969819 0.02813163417483483
0.1972177964159991 0.8965107297783885
0.6642673727842023 0.3604059135416862
0.9166527103155054 0.8340558899118569
0.03226626890668929 0.07447142445718324
0.3884137158385291 0.9292146294304208
0.7991807590001804 0.3871367859641552
0.5832103062458293 0.5244620055870866
0.2587799655334633 0.2992666034460436
0.2045700121647266 0.7049258366680869
0.7051232359123628 0.1382564861990588
0.6509308965509236 0.9001830258874151
0.1706945384386496 0.3748417003872359
0.3225202586034034 0.5156537185404256
0.7518441103212777 0.009620668241330633
0.8807256226262058 0.6399578062186628
0.4569552958582135 0.1263901209566186
0.1173984354044114 0.8337528293426092
0.5694979570621016 0.4020812827930179
0.8051958883844522 0.922526764239619
0.1660541073349475 0.2212751644275647
0.2932753840678988 0.814214571983666
0.9585065249736452 0.3636974099246758
0.6828811466836121 0.7290013884040689
0.4884736900059994 0.4434326350993948
0.03485614443369493 0.5474449982751695
0.5809228869852285 0.05704303221900081
0.7295952320317259 0.7858731632362702
0.1225889067431494 0.2565924230762807
0.4720498947475781 0.6221369874045961
0.8232561716765695 0.1766528222474039
0.963316131130416 0.5792581227863132
0.4832087859992666 0.03450114672303007
0.1164297754778403 0.8942866398078675
0.5338802580462544 0.2556720572680733
0.8430081461331622 0.7522801220266756
0.02022003809965446 0.1781029875175618
0.3861980965734074 0.8044685242710459
0.9153610906865167 0.4817099213668974
0.6781847018363262 0.5141685332881513
0.3833062346469521 0.3172735774244918
0.1816904910068361 0.5567823075768713
0.5941518857869668 0.156323299839323
0.5074116326409813 0.8890321942257555
0.1293240628412255 0.4059565856685111
0.2686195433440866 0.7192563116543366
0.9607658697725447 0.0967575721119053
0.7663658948422001 0.6968596924078564
0.290635693388719 0.190071417780064
0.2083434447428879 0.772314796731718
0.7147335429069714 0.477540970590636
0.8811656017722149 0.9495349022394038
0.1280254793137973 0.01891330265397266
0.2914952548066869 0.9889168000862052
0.8702383886204619 0.3694826369224777
0.5510951629780458 0.7099087299064808
0.2731121763630204 0.4221392029956635
0.04704128826114264 0.7262299800646631
0.6480305440373607 0.1055070460925299
0.598829782242472 0.8531049435641144
0.1206456355912595 0.4339889415977823
0.4549326568081071 0.6925532358157203
0.9610200186741098 0.161122645280896
0.8204270411400385 0.5672742153102391
0.3302523116225634 0.07058689350801826
0.184774361293639 0.8845157881425983
0.6338457862345868 0.2954024247914374
0.8892165453607895 0.7655069097008576
0.02195418946950669 0.03161905162394354
0.4294259947867373 0.9679600372972188
0.7561722986657177 0.4919880259943834
0.5014233316821152 0.5073989165989939
0.2950278821436004 0.3691328283595631
0.2335440414385234 0.6777897928951965
0.7277227373142805 0.2348143572080336
0.676165149360011 0.9489807631204376
0.1475515171769366 0.2910589453133419
0.2975203835468443 0.5266279697736368
0.7909723786514743 0.08307282637275609
0.9507857520522742 0.6645985195777474
0.4056105025879225 0.1470431080524488
0.0879391446892247 0.7909880282986773
0.6163948324607567 0.4662268670005371
0.861213974419458 0.9203296292465624
0.2185877365477497 0.223489451740174
0.3143288713946344 0.8539250003059867
0.9123318389925621 0.3538476244849411
0.717477890593517 0.7277157360337208
0.4678979075918462 0.376299756273308
0.0453119085575326 0.589178688707542
0.5391060869793509 0.0006440140165438643
0.6318471301369714 0.801868767984397
0.06508327180143644 0.3670517788260033
0.4307408409452204 0.5643904411534236
0.7628752664455185 0.1634179087343289
0.9692564867810783 0.528832435222225
0.4872295349421585 0.099629437785203
0.1032404635204776 0.9928588693510866
0.5799893288258642 0.2791416865758877
0.7725954304902827 0.7876119917836882
0.003060089086234256 0.2407233744516817
0.4039081592813689 0.8744181651144198
0.9766596452260782 0.4668263612776054
0.7440344141198229 0.5607919158069716
0.4530813926289425 0.3422049687000054
0.1443487493211155 0.5849794647131975
0.6177584666406792 0.2098647901731762
0.5495945077566703 0.98059959622903
0.185612218352032 0.450255694294782
0.3449912175619936 0.7159592485351556
0.9096263045875378 0.09910655167803881
0.8269368753689286 0.7055203432937434
0.3107280947622806 0.1549767384248911
0.2103960643912727 0.8482901113283723
0.7327459619176783 0.3950547772133126
0.9214817188033708 0.8876084695084959
0.2394090848818689 0.04641413416586416
0.3094215087936169 0.9183073241192978
0.8445056112273064 0.2944035409084851
0.526625524872114 0.6430338768219155
0.3673688312144147 0.431167163378922
0.01165980639453539 0.676660806562553
0.6665886253184993 0.02560484142067356
0.5241535582290671 0.774399129427465
0.01527340824667564 0.4764699518083076
0.3816317498261179 0.6386549594828833
0.9219614596657076 0.2138717370808487
0.8029790352140243 0.522151523227034
0.2627528417777443 0.03119795293214954
0.2416872894216756 0.9415616984340962
0.7307331555634018 0.3501542789979202
0.9477113549147052 0.8423592231356011
0.1243193427095536 0.09448809953190934
0.4487100134049142 0.8957187519250718
0.8184695026074945 0.3861698306483226
0.5998988160648967 0.5865215786014295
0.3507209353987067 0.2606391714809323
0.1649687627866462 0.7242490089261433
0.6746775475106274 0.136065767082336
0.7082487425360017 0.9160233737185589
0.2265540705187282 0.3326416581894237
0.3328837406494617 0.5967803380183124
0.8573801907978471 0.0228100433509339
0.9302670757933726 0.7075334075565938
0.4851841472065082 0.1984503195913799
0.03654313771291381 0.8161747845852532
0.5475114181242698 0.3998154280172859
0.7591004377868443 0.9396782035286518
0.1625634816295814 0.1596424950116073
0.2675614491905532 0.7970840100499033
0.9812412174554697 0.2839706449990549
0.685373848326859 0.6406300085487768
0.4274059768795199 0.4701314932092553
0.06378173229994903 0.5294420210941659
0.6149562244913154 0.1242102433497302
0.7406241909360161 0.8215217005274381
0.04417317847306149 0.2852967954893318
0.4760009065006759 0.5122846395673474
0.8550700128362438 0.2173118999206957
0.9331731946641456 0.5648134202374591
0.4255645793731632 0.004321101174061107
0.03715866739469129 0.8820693192224134
0.5223353949401167 0.3406690792626076
0.8713466405703623 0.8671530844391441
0.1011476288521219 0.1704374773893286
0.4824044164682857 0.7708327632990744
0.887674863666633 0.4112734702187755
0.6454227503690487 0.5689269385113311
0.3804915439974056 0.269256112996087
0.2434997247407895 0.5002242292275176
0.520720626676317 0.1535323542501873
0.5715731866679514 0.8855982290666585
0.2242564645639517 0.4124066189306794
0.300025075098557 0.6362242233961934
0.9797714111326464 0.02141891889462573
0.7888963397669624 0.649965632491823
0.3432093792128475 0.2247611777423842
0.1455069470560095 0.8118131956726784
0.636155288582902 0.4595506868285149
0.9454304710570819 0.9450226827310902
0.1497904696608385 0.06718772073534607
0.3561633130264943 0.9621277076053714
0.8024729636631696 0.3219069017408477
0.6033238146903398 0.717105165437556
0.2636977117154726 0.4850644888572569
0.09846094782210818 0.7492363896536705
0.7095739349263083 0.1155158371288548
0.5421442306344199 0.8243154334001589
0.01791732219231671 0.3918173198076653
0.3786193284850665 0.7113345547634158
0.9383205682070455 0.193295935955454
0.8528772528719472 0.5396673217875242
0.2567112998050849 0.08136132507786696
0.1564992428168943 0.9971248694026602
0.6957234386662599 0.3037233512351299
0.9404643442827908 0.784259884964351
0.09654901697493543 0.05002527358629127
0.4775451939356217 0.9635486812504513
0.8173362270235862 0.4630098189480316
0.5467924413273101 0.5742847363860001
0.3415054748625003 0.3590532681095258
0.1397812963572322 0.6542581588037146
0.6434024940899806 0.2373927250562585
0.6942118099392195 0.9548040639173466
0.245623762136313 0.2871145824376504
0.307144758465265 0.5905415330147726
0.8154291561510374 0.06558306464129379
0.9825511988268294 0.7457208388580183
0.433518810238727 0.1942757425185089
0.01281167770205795 0.8007655262849969
0.5283557327021884 0.4407807133873383
0.8505557349860281 0.9941416440031359
0.2112041011622931 0.1401640153476552
0.335356609975312 0.7814241905849818
0.9081389765120582 0.3069510116951598
0.6923633888894231 0.6839695758509442
0.3769170287909559 0.3837130939692346
0.06779235668731289 0.5741547713318624
0.5188226480358413 0.08807630755296866
0.668059960517283 0.8314047237124217
0.04293396630811573 0.362888877065439
0.4338090135648544 0.5323663134709133
0.8079505601229923 0.2054096413901205
0.9339317054165069 0.5514886733939588
0.4369103720037701 0.1103580647456124
0.01582196677933745 0.9701739752882553
0.5724448356597628 0.3346693015845051
0.8093030174874943 0.8366286853755261
0.07809192595567828 0.2401816098760881
0.4471236004489167 0.829294376105956
0.9415804151432315 0.380117335600989
0.6902310374179894 0.6035152888638999
0.4499043989944179 0.2729888989730479
0.2157308100874963 0.5976817279567582
0.5293108220042175 0.2303265307648966
0.6051170615273461 0.9726509451947067
0.2129424768006612 0.4831770750955507
0.3371468752072249 0.6559646746192221
0.9363536657972041 0.01326655292312184
0.8457185218028456 0.6576624444013927
0.3397362212008239 0.1811902680022252
0.1421998169454722 0.8725075689194467
0.6732114864282924 0.3979888035114149
0.9433787881823232 0.907303334452108
0.2216501865218118 0.07633948991415146
0.3712555211481385 0.9041172365198968
0.7606681508601595 0.3018738504855302
0.6121243774304709 0.6456786846559877
0.3529362219541361 0.4944476069280745
0.09568639894134265 0.6807367610295457
0.7390740023944664 0.01522941819067875
0.577082950075581 0.7616545218599931
0.06896821286159907 0.4727922085234151
0.4375495128732684 0.6331389918170816
0.928635418411906 0.14386410350498
0.7766862755321553 0.6147643637628349
0.3543408468819446 0.05582671703360545
0.2200887987196256 0.934313044312022
0.6379996874078914 0.3376195994364515
0.8842023489147706 0.8596485815816841
0.03120921397244364 0.1121379577815871
0.4113964524265948 0.9043772253200592
0.7776419913459059 0.4330402535459348
0.6097931718273202 0.5497636701758288
0.300874827450803 0.2509981337337189
0.2472578436978129 0.7466972728003194
0.7382173672089296 0.1848489549572586
0.6865310452574758 0.9254287354189832
0.1514434015106551 0.3298468377580946
0.3738153274755741 0.5348773485232444
0.786897641072815 0.06139379251301286
0.9275517524725646 0.6712822732651434
0.4786250901634642 0.187051945812803
0.07505303182124956 0.8466914506692542
0.6064551884318722 0.4357213098784659
0.7803292103152955 0.879280681500087
0.1523865590025483 0.1997751417649933
0.2547392929508865 0.8709288749736994
0.9844302071632126 0.3258061219483722
0.6411761466715181 0.7142307485623447
0.4443082981654535 0.4982687136478875
0.0291966834961109 0.5026616864562093
0.6083390115855557 0.006327132666415328
0.6877485354469377 0.7618417776936367
0.07129656068043823 0.2972754987973938
0.43964250202622 0.5812955719390406
0.8494267533542078 0.1410120983223998
0.9890241171099521 0.6196133040542389
0.4423367913322632 0.02410590965049366
0.07229534093450793 0.9084469999767787
0.5173939794005893 0.3057162927519156
0.8748733833976776 0.8105432346914828
0.03919896192219709 0.1517582609351348
0.413219283845396 0.76856661406393
0.8847764720491083 0.4626335543339682
0.6386928565473639 0.5593030218903901
0.4140859131723508 0.3567261475273275
0.1554161944108682 0.5085000773312301
0.5760015120515031 0.1313392915834755
0.5431302973226076 0.9147159267850509
0.1584002050244052 0.4151845817474564
0.3055946004940048 0.6899667788321252
0.9863442236760172 0.09200792970613941
0.8115340321285273 0.7372767344161352
0.2529066051325792 0.2191342091295337
0.2480933728835744 0.806858179663637
0.7354131285153417 0.4388137597633427
0.9249209053559834 0.9826275624514658
0.1602463180708537 0.04843700347426914
0.2509044770971874 0.9384385905090545
0.8134455691855367 0.3155827223604885
0.5020254653815499 0.7424300019001542
0.3046258003045629 0.381414654259732
0.02545246847652643 0.6889811529791365
0.6699313613550024 0.09058472949438374
