0.587578725905060	0.591809285476759
0.278437325562918	0.143605744965283
0.199620100250379	0.282086152649039
0.066501095207990	0.527232739964321
0.464196877662138	0.980441794260508
0.294191907228481	0.282599396836618
0.473501137335203	0.097249495586671
0.780206354982268	0.051065025863020
0.546093892898898	0.038730483511167
0.007738272894113	0.055735080748735
0.661217280119010	0.207188491524940
0.567243503305885	0.025546626193809
0.661513081207292	0.296507839182510
0.199352065846173	0.759862982379241
0.225898425380210	0.117257029311093
0.467237945056343	0.364967753264347
0.858146732872852	0.699575142399309
0.820707893655800	0.274513818154697
0.996570747344887	0.368891836462750
0.015412097800386	0.319758332874570
0.891893956319404	0.584715144844892
0.372748669323686	0.386466912782394
0.358443927336122	0.139660124001014
0.222285067714351	0.992643070405499
0.441725384314015	0.759234748491839
0.481484443759891	0.806978663617507
0.734030263902161	0.688522924596565
0.140283297547205	0.636584191964144
0.919660231079827	0.432652488218772
0.348729500395416	0.164388187267908
0.467293450484819	0.942342211013274
0.972443616476945	0.329590911588071
0.130220811844389	0.608156616941131
0.442981337765926	0.507250160562631
0.983618383757681	0.489928348802479
0.533079687862908	0.459456000118390
0.144800580373220	0.246350989967201
0.566332140370815	0.436151153043879
0.632265648951816	0.252430533583376
0.327937458019689	0.689762327282168
0.878038159543192	0.520690099224609
0.320955226505398	0.562659794362881
0.857723333141236	0.092602332609846
0.194865253566500	0.647389107767350
0.458188935056838	0.461894601691024
0.048474192164949	0.975321190658799
0.098739718575668	0.532860327170431
0.700999420532258	0.635028090010171
0.699024374293868	0.451471402647782
0.534414273578304	0.993092387447388
0.724297747417422	0.077948107635125
0.124555824353489	0.964064974329449
0.002544934396293	0.407890986746152
0.175280954729598	0.769947906902513
0.181503899437726	0.261871448546152
0.500781790935616	0.426857329073096
0.025588807423038	0.890999189552618
0.104326008144842	0.131009279547960
0.877801593830297	0.524969860567937
0.111195517264119	0.867006652259037
0.307761158400160	0.485083930307320
0.569711060163032	0.667282257617284
0.686610884658669	0.564411307816489
0.526302944758512	0.044277692689625
0.003993824125266	0.756800399803743
0.602534386935303	0.660080864480715
0.661335922465971	0.968295970458606
0.995996879645623	0.524881459429134
0.795205512967707	0.231359268825352
0.870597139203594	0.214885972490275
0.375759421003926	0.311898558706022
0.521038441574443	0.275710596534356
0.339477465101396	0.341175634959055
0.276131349447214	0.474683122121422
0.799120979569648	0.374357007298236
0.200516388332591	0.952622965898510
0.807284366061744	0.439915266456063
0.172782617195692	0.104447048880264
0.780641818600856	0.657054871240876
0.904765485530897	0.853478766943672
0.018586207185543	0.127095438569574
0.604638887477256	0.281545517100381
0.890640776346121	0.147048463613505
0.452777668706322	0.975115456845405
0.279129353649712	0.845605593604409
0.237050489112048	0.731392893179178
0.217510023204961	0.023034636635109
0.291575902442349	0.696013395370919
0.767568521845985	0.094941494077198
0.364078917858209	0.830937744078910
0.889614486109841	0.671050678163546
0.561116859680302	0.490725225184747
0.422931630728518	0.880801383378171
0.768687396256413	0.768276736086299
0.698887480352746	0.269382727162303
0.995984605745409	0.697138374367994
0.496233801007325	0.009411468871266
0.905326054875116	0.599691954813826
0.385441390421577	0.592413160855047
0.316782577735554	0.956006298064256
0.714109602783366	0.166176099368878
0.226697595842811	0.096074028428661
0.690442225358086	0.191781673857891
0.017335452143414	0.536838017063410
0.205534576951883	0.381687375572903
0.582915564436213	0.584701765464782
0.545275136489718	0.076162249566094
0.705752620870656	0.371002363360255
0.640071173580380	0.190813381734959
0.995119730242323	0.823045498417468
0.380783965201300	0.233792691545978
0.655233581237316	0.714401726777293
0.122163918363434	0.432495639760163
0.132008603804747	0.027801451512566
0.100197516405070	0.164231895041706
0.426771661366050	0.457223995229514
0.757283538057768	0.390247969513351
0.274586122314116	0.035450930948241
0.840275056390156	0.645805995828893
0.646030634093571	0.165528953812441
0.217638397639999	0.211843399845959
0.250716358015946	0.835265157938764
0.940397918908949	0.743988663131368
0.210453798810591	0.525942248414723
0.806984473906221	0.323998551658354
0.714494421080336	0.990896614266303
0.627258255059658	0.118869973607098
0.654817232781746	0.231360419707224
0.494361549265301	0.778481104592439
0.785161086773770	0.240043842755268
0.819343445082042	0.311351416006533
0.431386033871999	0.424879413197022
0.222561838157140	0.351699884364312
0.082505686460646	0.726142891851753
0.925752168969659	0.897895430889422
0.218758882307159	0.018172118817030
0.651774808217719	0.434618885962902
0.668168339801060	0.541324162981781
0.802142915735520	0.895929150724767
0.780315826130173	0.081610682206603
0.765490318128255	0.802848574892350
0.230749199453450	0.587542443440189
0.738827200312826	0.206141417428418
0.910317093113045	0.725171548948896
0.897123552834877	0.427721193159866
0.639515029648206	0.032936765587175
0.817922041709051	0.214701507290523
0.634082075123229	0.237278594225011
0.122138867648816	0.984010262876751
0.733730714007684	0.297758531593196
0.577294090664315	0.119381534196292
0.743449111409357	0.494104512383720
0.954620795779540	0.275935098593108
0.723784189141305	0.923449657141103
0.850600860046828	0.494507411377157
0.236144532970186	0.031707871014184
0.146596987300226	0.752629822295306
0.494473234399798	0.538154596820975
0.908803166334704	0.518276643128664
0.642854667418370	0.678593413596645
0.931826236641925	0.727012842830041
0.707717640257375	0.915677563034854
0.259808655423068	0.356684142108235
0.465723724212899	0.156836327201882
0.792607510879777	0.205561107072411
0.947394354722322	0.815170842645497
0.345841241382491	0.286296051993569
0.253801740997890	0.185169012096051
0.552921664331323	0.503769969917780
0.924701813358046	0.558750756215013
0.284319320061318	0.750666569161850
0.701028363243916	0.716133566972831
0.862252953663062	0.294163634603416
0.654327804375051	0.284901258136356
0.775637619145130	0.719879424599903
0.953605172446371	0.413756992764249
0.899752814765031	0.773539641819321
0.128679989634240	0.773275933408475
0.585578057119990	0.341277708378918
0.274102859495697	0.580890264963007
0.443460756783248	0.343664663225334
0.154268601945198	0.984374208605004
0.545445043953472	0.113574471118295
0.904320363165885	0.330883710722179
0.095100758153736	0.439994658678769
0.096973347500193	0.179550835671730
0.424362496106038	0.717870991844188
0.012793846198542	0.313721998667745
0.369723380629374	0.154690327391655
0.713838636110034	0.607271851647476
0.239852711381356	0.093845650109892
0.669636739806653	0.028008476604710
0.801146103721379	0.970778468523821
0.198658977914289	0.310135281484140
0.660664846110313	0.127556043706731
0.709737097776899	0.202548483899457
0.797871429658931	0.139775699735567
0.224620196089293	0.643483977681837
0.869502032145276	0.312283153019911
0.064902422033460	0.766638548291903
0.422811407228655	0.749678576306831
0.602090095775689	0.545067726528521
0.209797619890840	0.181835912908855
0.928481940396242	0.019183987523239
0.172663491492314	0.570296626903651
0.118612639633616	0.387645155281677
0.889198567459639	0.080137234199824
0.639428666476027	0.299145534471410
0.987247169014822	0.767823193633888
0.660847292668383	0.646794383564683
0.001545285806420	0.351481576299174
0.395359476188980	0.145105769658719
0.392167606249491	0.904909125274259
0.234618361628293	0.781814492955295
0.379298944813036	0.690103126384808
0.864569356400652	0.303353124368785
0.795128905865161	0.623919332312401
0.543569910466571	0.451804098778359
0.344412192549652	0.244456270300889
0.486582966867504	0.467959752648128
0.048257843835339	0.363406148590941
0.922517715236758	0.543704788792810
0.207727894468170	0.420664918008415
0.404543097225144	0.458523755534208
0.466323192107101	0.565114491052254
0.485297404575464	0.109636722158090
0.736778641058313	0.158870390886178
0.922174679795786	0.402603590721871
0.882592905285441	0.013563838092043
0.996607513631835	0.759752405518608
0.595578922563134	0.003934027162365
0.176306224236336	0.968388698289261
0.348267781163628	0.035498250284115
0.249840372533035	0.585483172113421
0.263716625576773	0.312481541492157
0.707015129436509	0.852096212062076
0.816529914926861	0.852311690536400
0.799781432328695	0.639609294393940
0.614220508750114	0.291975103619503
0.161149481581792	0.003803724889598
0.992964769944773	0.596194411766761
0.879485697457447	0.774580683972356
0.428279684257759	0.750449853891146
0.835408950651858	0.426650267193711
0.693437292634844	0.670584798946647
0.648206137970138	0.199683209229187
0.403460137174339	0.207329329849996
0.876994700608075	0.022708084439558
0.896143010327626	0.731090702286710
0.144291660316356	0.646045178092561
0.763772003763302	0.183290007799699
0.385336976588084	0.765510947388949
0.368974245704937	0.303930165549724
0.514035940755633	0.461545983436877
0.677573959035234	0.962352827182587
0.550481757277269	0.760319085735902
#
0.471969797385849	0.597677248669247
0.456758698089225	0.948267109214390
0.083880968877087	0.848899907164485
0.094810304021186	0.620939837447586
0.408818809643578	0.347293175139300
0.439402141710604	0.690661022367575
0.336821567112771	0.621966073201496
0.298951321583928	0.686621115469984
0.155863071129625	0.727365057851971
0.936441617537393	0.095396704295510
0.370924082438211	0.081046478841697
0.868849061864626	0.883038717760481
0.564614125658901	0.136349106472067
0.721702755364054	0.459255729908882
0.153907100938705	0.027901830856665
0.696459073269847	0.439861849518461
0.122658551932000	0.188362729779529
0.605167634926077	0.015955201121037
0.495500229647267	0.324734113953247
0.757092783869499	0.363348657815566
0.560183562235949	0.071917795127239
0.705838673679586	0.951749238640012
0.958622888885118	0.500027621979832
0.535183400040302	0.421657473645559
0.008327799152659	0.515736864534145
0.399186886474301	0.783054752690498
0.181066410658198	0.712800060797669
0.592286590159006	0.658495882213697
0.682857429302032	0.547611960104576
0.318299412801466	0.176072111859934
0.686891073986630	0.178517588455816
0.963148501227412	0.943163000732465
0.750326405919699	0.497876336681162
0.846611896028419	0.423294280055746
0.221052754256188	0.164697476235381
0.577990021225528	0.306945578033790
0.049751255440002	0.971332846668394
0.783203623207101	0.266279517967785
0.976416105166174	0.373035718773733
0.673674988251569	0.973930550500269
0.723233723017209	0.941232672180336
0.574247721017862	0.893106502921578
0.280023520179098	0.288649820557015
0.308401709727105	0.318918676422657
0.382660932928012	0.381544784033099
0.944266039399492	0.983215111303892
0.641072936039668	0.499839641968682
0.062787383343742	0.240448093796253
0.652028117015033	0.130001357786823
0.262093951520998	0.073221265821071
0.031643832109786	0.055973580585787
0.670153913709837	0.138427462228208
0.508423875902878	0.419611366330556
0.261916705002523	0.161172868022968
0.652758479270329	0.821590838912314
0.864698471469967	0.863776363167860
0.120651695672574	0.294774218531040
0.405449163961562	0.789688493541835
0.259133005109414	0.938061574925217
0.903749518074037	0.485554871495244
0.576681695547114	0.830951983069757
0.462290452435215	0.679120796192233
0.901859048731127	0.385561175966999
0.324746748740959	0.829569768586562
0.789357317795362	0.848630344925595
0.787712515748039	0.154988574365850
0.609597748054563	0.431459774829321
0.192051993727696	0.363397989041032
0.562724848176056	0.004240714247395
0.420391878211031	0.924487411259787
0.050048903806612	0.375675986142754
0.237504954039470	0.972688521485005
0.984840665707560	0.722534983121449
0.724136133148367	0.988520576615939
0.860771823874854	0.234293207580758
0.153340098250969	0.317279740776233
0.481397857070295	0.997784265316507
0.991049303903954	0.563013194958450
0.343541383124781	0.504974960001413
0.772035902545796	0.866577046659444
0.867822213766124	0.231820314710918
0.049069960380222	0.525386004831033
0.074178702215240	0.739533117446008
0.768961171332970	0.076721008419227
0.668731584369375	0.452917859063697
0.465494363444274	0.005385953002932
0.697408185037181	0.035088084879119
0.391528449578101	0.056518049923824
0.550200548151089	0.046622769452311
0.116097879157424	0.246675117464428
0.383691559402200	0.368975938150886
0.803665937810127	0.350032726617072
0.987327193838388	0.765392157660190
0.813314709768937	0.694311781016717
0.876451618707844	0.074202042323119
0.081498937001801	0.295506653910388
0.682484964766187	0.559229279765680
0.491466215693268	0.895665887951773
0.424616857530693	0.350364456500477
0.232042625367651	0.062649686369731
0.060255890959002	0.189421548086550
0.824550206499302	0.915283837103118
0.828603314894392	0.130518046005284
0.860057293637669	0.491936556178130
0.260800056685880	0.136116182928932
0.227441322809886	0.574495750147499
0.345324120099033	0.098249697614985
0.357876149788004	0.959230634607195
0.342381656948100	0.494358811642592
0.855397882837662	0.076111974910859
0.958019834002019	0.202449559979711
0.558830306995388	0.385172885000979
0.159308015638801	0.590428786722577
0.417622793795919	0.642608944243428
0.527099470963492	0.263678971972242
0.634909587128765	0.119711276637323
0.610037369795618	0.305598832505196
0.932016240184199	0.803168582451336
0.576454742480175	0.633376895364695
0.875775666878506	0.736350313233293
0.212681869094419	0.369879298463901
0.771172414014855	0.983988137679172
0.243542513401141	0.928240952298101
0.304635896418392	0.005283426494636
0.311801970543294	0.688992891621076
0.601650334801909	0.935871219713211
0.972113023505572	0.414540882318872
0.475049665308336	0.841492927596321
0.228335610644039	0.448357915377328
0.003725797404471	0.213594392224586
0.336056450227289	0.078548511042853
0.337147271106287	0.318887961171309
0.181584576885585	0.513129035828898
0.170930928590459	0.046775755483372
0.910508902024131	0.760767531059861
0.871774280181102	0.108291864420355
0.707749329904967	0.927463656740138
0.149756793433278	0.452392409660945
0.152799358161352	0.304149092944374
0.082155214874576	0.288343786794772
0.945398248253716	0.072230163279974
0.693348302667343	0.669773330602276
0.592416670311339	0.812731860860421
0.578392272484115	0.227918160201031
0.690963151559924	0.291950987487089
0.846460733061298	0.471688530750500
0.460404251343665	0.847361530607418
0.414168430123052	0.624700721731573
0.385038294919077	0.807296864177868
0.510777867750911	0.706782748155944
0.525709463405821	0.176083521725629
0.278544629057530	0.255779799366319
0.059818077147896	0.517652594837745
0.488671654716290	0.883891289561030
0.866185885357248	0.441727191079810
0.392938016772489	0.943613830242216
0.529292835977230	0.259872645433031
0.850700666161883	0.277886072238415
0.404017707892698	0.918515770909962
0.041468367455869	0.477654137759855
0.155353537796846	0.576014318404723
0.162927331440832	0.825854199665099
0.903920023446884	0.779711648537710
0.270000602414366	0.868015077632855
0.887508284740036	0.372872474923002
0.577170289954443	0.054236177600510
0.345011935882506	0.927653307311156
0.099645131057977	0.975703652942484
0.305781410845411	0.131920739806239
0.344958638154193	0.466952983631509
0.218743809084116	0.753116682114340
0.622047684533067	0.212763794281698
0.159065680149725	0.632766226686716
0.894185007059524	0.367602742362675
0.848680491989637	0.835774136436119
0.636982366358159	0.996326193212607
0.185839763652962	0.617297180839185
0.088554770473520	0.480394936511385
0.970972611794940	0.870014107988685
0.486174686692230	0.653156439692983
0.193124077793472	0.862810430085010
0.702983725281196	0.809416807212265
0.858441771440776	0.545513000699112
0.515171235314377	0.074865405698043
0.837495864331139	0.315728744099785
0.716152453030495	0.856599676622217
0.681938925218289	0.924942054768312
0.068236061620581	0.770758511910857
0.403210837022218	0.811219244918604
0.892267513529460	0.555134998298049
0.180283727166309	0.259863567133402
0.396289108879000	0.292887610218694
0.552535841602957	0.920752880145040
0.488908714262980	0.351310154970575
0.115841899792627	0.017293992922011
0.866302952837735	0.535861546996949
0.405048855209036	0.271350398257224
0.944291701993042	0.708667534801333
0.964503606307438	0.955278606609273
0.275178249523784	0.952596836945181
0.072865722019427	0.444886740866324
0.995647862086922	0.753959820315698
0.789630018824160	0.550057849974851
0.431329692348682	0.870816417939685
0.194718184227757	0.679412854527918
0.594567110201942	0.994217792058880
0.686806468685811	0.848795099847204
0.848634157760216	0.693112042661084
0.420206731050323	0.803516471945568
0.982686896105923	0.979047489114815
0.292639319387413	0.045848782184964
0.645063886103468	0.651216202567149
0.029925582238921	0.162057014685603
0.122349918149959	0.727354739263503
0.065809523469258	0.376822838414652
0.006169067464343	0.921857994031594
0.060317995273582	0.203736292711398
0.616690679596898	0.619076545261563
0.171959042356340	0.268635521006918
0.780107341655555	0.218513719555576
0.033662369249776	0.183750172654109
0.771900055178418	0.612267110173653
0.120883791735602	0.060503344065627
0.307069664659693	0.261146687031991
0.367451749129093	0.222145850123406
0.269500097322627	0.985810703361829
0.665268617138562	0.733613600193899
0.906484008512107	0.518734005633447
0.610284504622753	0.638151999711560
0.778941044066786	0.957965910657767
0.863228361090466	0.628889243963382
0.781468414417810	0.572592307015460
0.010965187570771	0.682446676465321
0.394257739976574	0.378468749899992
0.523122652555612	0.556703666121863
0.972337643376630	0.360361583381975
0.732960965422206	0.961110022841280
0.784445880163565	0.859905789573655
0.537837833058517	0.895609795790075
0.351092781021980	0.597172250178916
0.610602428347478	0.038401841893420
0.882024338441441	0.993900306987087
0.996844724751274	0.452125264204136
0.491186458964643	0.390470314163358
0.041110949134713	0.632049984911468
0.953000935947756	0.254124165571789
0.561069670031096	0.322287556790348
0.491774318621441	0.829891391757385
0.074938182969330	0.730908629188991
0.726015326037541	0.591162278221725
0.576398928551096	0.626699621003750
0.611901184686437	0.774159236525688
0.148481027257741	0.725998881209176
0.325032787240351	0.779730743444462
0.805626339932351	0.368249169403745
0.525021914747782	0.891136481401310
#
0.894295484501472	0.706628033124522
0.217318119066143	0.160346476631320
0.782908132947727	0.575630890339527
0.486619854226387	0.618311519180031
0.909465433542958	0.150107314612276
0.425921957806200	0.049129182251433
0.005447113422083	0.599602098017838
0.973817555460571	0.747700268111122
0.683153683478747	0.027933507232911
0.006696267520705	0.018753641056538
0.459970854795531	0.117256547351660
0.810593257614084	0.562265604632503
0.050003532564734	0.139113829969222
0.426914034510710	0.020778578710924
0.693346079833188	0.004270368722330
0.334665316234963	0.475130285014196
0.547890717524078	0.500375682604587
0.096896084280893	0.404020036664796
0.983643711307934	0.950823299808154
0.210068431731795	0.084935465148868
0.875138700677813	0.997685894602371
0.173641330370130	0.886707993197885
0.758730007512199	0.955398531620251
0.356106669724944	0.437918947878740
0.253409245110445	0.782601918043243
0.720422637350956	0.799633119907145
0.395833619031085	0.439907209584468
0.921864439947965	0.819655059096323
0.973197181702870	0.816417335955523
0.685543193874309	0.574091453006047
0.246172470097936	0.058860905249338
0.148737163317561	0.740122879561997
0.255352727895452	0.079352925084381
0.780622224970866	0.407097037510736
0.690138554128385	0.844785102606934
0.412652172011475	0.310176074577071
0.756345434523268	0.584180040653837
0.926228477602412	0.890929727556866
0.905776448060241	0.052616168291451
0.700748050050053	0.044341851734636
0.789058135307640	0.131579319045781
0.436966633758733	0.372048959921126
0.192651799226331	0.456604333467922
0.420310499011611	0.821599795208685
0.468745446174579	0.568344362445256
0.336689954701972	0.965007487210680
0.398082134406567	0.900935049611362
0.532896015917160	0.241479632500904
0.945190195679942	0.639734994070543
0.214962144898009	0.970888771109956
0.850419828866241	0.701141134766196
0.660738711864860	0.735729866832432
0.052186578291512	0.383927992401628
0.041497161388746	0.956562967262362
0.874093864083778	0.808941232927363
0.423469132376711	0.718786741541416
0.676095479558244	0.332182112925728
0.291847864233853	0.281689071394896
0.565223681173572	0.110194157834676
0.474619051086395	0.471231334719628
0.587194213314726	0.142792584174963
0.787487282833896	0.448572597105189
0.253043175035399	0.265883147545597
0.053472068406053	0.672369660034862
0.786025358314166	0.530419463648093
0.672585437463733	0.572904571558559
0.307410512656767	0.409720417440338
0.407943481208743	0.577569906734296
0.495584820745416	0.994683375348030
0.550496325723477	0.213094474331731
0.043475491237705	0.188831144754968
0.237548447269376	0.415700859486987
0.980577433244460	0.179712349125117
0.754743202532349	0.386338773739137
0.366912435825661	0.393886363225497
0.637029702923500	0.342421052591508
0.549893995176510	0.645160441902736
0.634866712995541	0.015273320492188
0.864882691731882	0.623115352034363
0.235234160031014	0.218544340743344
0.666258332241852	0.108532744252247
0.731577833819105	0.214127779522475
0.397189183485971	0.993633062577255
0.150147831335233	0.556909660938408
0.529621635919814	0.597236445079846
0.981089415955611	0.085214823504261
0.459136167648047	0.186164496044201
0.481500715129427	0.570950300100015
0.727520114445947	0.508030604223728
0.868515218344637	0.220180080090691
0.195915398466381	0.954805799749402
0.605195406499597	0.053213712073214
0.043723831429082	0.621050287648349
0.853648101644043	0.197847255318856
0.990181322207251	0.635571497174811
0.818012969758830	0.286216665125968
0.502600341686653	0.349377121392027
0.143092394606930	0.626228640700278
0.116288438233614	0.246194539416161
0.860057654292336	0.292156136197074
0.223027738561627	0.786077404810599
0.863115049633923	0.719167464580193
0.402195406705652	0.250042337051137
0.001943775453126	0.208017120419074
0.576930567290851	0.360544477906205
0.648672855610185	0.819572259629977
0.421423368952568	0.931833054854496
0.497631545527287	0.909113767768516
0.226356187888038	0.889257930659051
0.483136592778176	0.694974457075581
0.828533800977406	0.047621065528975
0.492168642695101	0.334366570304699
0.189309129302695	0.343879649961339
0.341250082324550	0.558926091193903
0.356940112159806	0.941502819755465
0.585423616595898	0.143972079303109
0.844611269851357	0.558791660135331
0.395652858166875	0.770876598956733
0.172059091080925	0.177761006210409
0.454465882259995	0.091182171621169
0.057414097724812	0.473491240403031
0.619957343121049	0.831492969028534
0.850973810965888	0.487450220735616
0.345818986731074	0.038913014819592
0.117720588603458	0.869524505657499
0.267004251076608	0.338640449181814
0.117514505311268	0.764028439941823
0.337310008783198	0.060070199207419
0.335897220144024	0.039993221880867
0.810697249558451	0.738829052946258
0.652382623788990	0.551490910479680
0.346916078670629	0.738771018511330
0.220002402137034	0.283296496906154
0.882491561091154	0.310428596639640
0.063006402706496	0.231111823634969
0.325870273012172	0.236592308207553
0.444292862071724	0.247313733270232
0.650314638309720	0.930758109998600
0.772569463535345	0.599944711336853
0.875150827661890	0.766944010222085
0.470430384732417	0.950985828170317
0.235655491062360	0.929233944725533
0.215174071075202	0.134700185883488
0.845358230836074	0.295030146440265
0.825455014087599	0.905804564921606
0.842289532730889	0.876146825234440
0.457517010731976	0.611780107396604
0.908793577204643	0.149088974145495
0.226959289104435	0.985579158408935
0.852624946239550	0.604457168980608
0.799150567920681	0.981290461723993
0.928011573135855	0.081903461851623
0.245800414878363	0.095136520474948
0.881766379783341	0.266481666887757
0.401173503464361	0.429843118048702
0.580380427087746	0.992954263927637
0.882628951427208	0.755504454661977
0.029886757030591	0.253365322540832
0.013279511130713	0.778845397704012
0.455620660785497	0.302723316546232
0.655837158359549	0.267489107853614
0.231417611528052	0.068511852312021
0.043457719041840	0.012979016176653
0.118990202694896	0.758084624483735
0.013202686797176	0.983959391010916
0.104913573270876	0.618020017542415
0.766853815123172	0.095564806623283
0.698560404521078	0.649634719744705
0.194247627908887	0.311545896416424
0.392950093930808	0.658637824621666
0.316246854214986	0.797083212713963
0.185997911073733	0.973658497671983
0.463352490790038	0.058303161770642
0.477996336873154	0.265193889910633
0.183112749174031	0.420960420374982
0.084463803117271	0.095234226923258
0.154362288339614	0.626526189182542
0.565239017495243	0.535609563937320
0.262424535644805	0.790000291026663
0.001012295019117	0.702001521527302
0.813572516155795	0.855856013683569
0.037380989882485	0.522212164365270
0.304499700270709	0.947237251546988
0.315014862761603	0.853862431331971
0.983879273520754	0.444747047136712
0.833306576785004	0.478028112435254
0.487186573559229	0.556795468217879
0.045338541047028	0.057690434171280
0.665721180072455	0.667264648402870
0.101780539867883	0.929416730983513
0.137749734366720	0.931824186102446
0.678996442975243	0.059560700100744
0.288713775642382	0.335573801616108
0.266966407016610	0.565352529186139
0.080525751942891	0.106222123863693
0.661882918249323	0.087920694632437
0.897001235954697	0.267857944888030
0.048690801730540	0.461415155432516
0.555780873530493	0.872134214703025
0.104322643974871	0.664285946792058
0.935473188742873	0.012138338296706
0.808310660721806	0.708717686521988
0.312857062395862	0.738601142712543
0.685122147594840	0.325675587012823
0.927632381424222	0.820527456891846
0.484922508123546	0.806246426377037
0.132982158831549	0.286926432812336
0.268682848491865	0.470047601608105
0.225700837612548	0.251837750256955
0.384437892675502	0.185947559118724
0.655250445160840	0.785972388877061
0.944099539877870	0.940318663125001
0.499226292013011	0.488638197651282
0.743755536327082	0.377515339380483
0.932481652342827	0.740244757789244
0.837976878936863	0.925870395481091
0.081528351661174	0.011887029281791
0.882153812302778	0.778896947339852
0.435923011376505	0.447028671961052
0.975295766716659	0.031229248743325
0.930338542659380	0.524668700649559
0.462266149572624	0.538093881108354
0.085055478402659	0.834466305755653
0.204144327017512	0.727714567614653
0.330123911688599	0.227052812517400
0.987185112663355	0.982725633769931
0.183117769468370	0.623183750226904
0.999653392238462	0.349634534062267
0.145151973270148	0.433334076412333
0.148720626521092	0.610332081702149
0.859919907259736	0.127183674398620
0.688761311045094	0.707435970126520
0.429406691209741	0.875697718671453
0.581823663223028	0.577607657662036
0.045711107795525	0.017023764554650
0.060710343313569	0.570361441134094
0.528545091284566	0.782461298113331
0.082420773357717	0.241228086231562
0.417422216249961	0.034390309135055
0.245504305522308	0.944739998305389
0.578564999992625	0.710532342947678
0.851725094218674	0.064745658325205
0.326144290232599	0.900458999653454
0.285573255802871	0.092237790602315
0.577481334232139	0.504849473830510
0.584736823706128	0.513494749207398
0.748726788849739	0.399288171063943
0.781764285588117	0.389170398094964
0.514430857383281	0.382639138815608
0.851180154795568	0.668782816889878
0.954900050758128	0.991879587059812
0.220386088178583	0.405780338776712
0.950742335978603	0.114104697973026
0.657204091701937	0.309966107669744
0.856664805406859	0.348411156644209
0.175127526553145	0.276661336719212
#
0.376807291614080	0.236375904231420
0.059709892854958	0.281799016585992
0.789876155273494	0.414208918440670
0.590604967109534	0.588593491722968
0.028900641954714	0.967320712741306
0.196799128362164	0.730192599522460
0.622978260187194	0.298130992636581
0.203822226543869	0.545291202968287
0.529136485077705	0.386234362466781
0.488242690565121	0.857978785610287
0.070169530359602	0.534474517808872
0.560129763223261	0.580644340855219
0.830978680595518	0.238648401628865
0.164324262683355	0.043219533060496
0.720780881755236	0.394637908179927
0.482879297454581	0.829658335500783
0.241603132393584	0.735039857154488
0.107331173985109	0.174578398506757
0.777570775658258	0.017984058944970
0.654730392772409	0.577531623788535
0.708755165503536	0.426965375064631
0.917401617140836	0.707970971872092
0.683814644739920	0.311216483430755
0.193463821940465	0.892154170640780
0.034250237986969	0.569505333800219
0.474207030253999	0.017118420921526
0.179673317861667	0.289398042785329
0.547255832363678	0.180636407616696
0.487457415202506	0.626689844445020
0.572574376727588	0.532723720775154
0.189490267818209	0.458086503077784
0.838592590260923	0.753987754870669
0.273738259978997	0.985935701752532
0.315973473087878	0.054765328312005
0.900010360381568	0.142488027955985
0.155661934790123	0.420213877088440
0.584053506046546	0.863459634329998
0.516678155752988	0.549453805561516
0.718333085467651	0.382748970851011
0.480449938560009	0.976498118829098
0.846741740556141	0.739928380758485
0.107696096903574	0.182554632700643
0.071143811585182	0.299993030563927
0.938371010808826	0.701292266534011
0.818016622638799	0.217964891860719
0.462902967460198	0.919030007887406
0.297269788407085	0.479447003798431
0.948080375778508	0.268539031331553
0.059283023248260	0.179079529871018
0.632457714675101	0.114104019038869
0.871607850508673	0.180593218696442
0.293626145295246	0.076333612454201
0.413516284994203	0.881011774037269
0.277085010026834	0.600389387598352
0.786368489914194	0.694407742865013
0.544700635723933	0.575723161356459
0.385226273998904	0.921922720019222
0.739273449345323	0.512930665750273
0.036462430617880	0.901906827441861
0.119682427989245	0.706088300493101
0.713451619193296	0.159206576216781
0.344896437214896	0.719657932110051
0.958566897073427	0.987758384083341
0.766845892129197	0.958513937182378
0.466462351490385	0.712340737160375
0.549107683019039	0.493187866288514
0.458792008799219	0.554178659234703
0.338711373121178	0.834391584814152
0.776628978731257	0.933196866869274
0.662565090149307	0.109713151378025
0.530661224743971	0.005219138694280
0.467523807535768	0.709073551397089
0.921262581814374	0.920093882577516
0.201078046392900	0.464228418763780
0.542753465832852	0.182346616215619
0.874103626207007	0.304835090484665
0.506141000312320	0.456688457740631
0.876994777675018	0.977812449442645
0.272660993335922	0.973374857328221
0.784803652852961	0.309934530246522
0.738578014247720	0.196353714260355
0.086988441666353	0.809157982424171
0.860546886888460	0.029533730128206
0.892131821227291	0.143540294175861
0.474855375353912	0.148485638235809
0.401176833873889	0.395149570283282
0.570836095272292	0.524149318580550
0.826872398338018	0.717063212701367
0.394412605183761	0.167115884639117
0.638008264973296	0.660666610035269
0.253422568611201	0.279226144142269
0.048800401866622	0.182547601913695
0.337133750630807	0.160417084386669
0.867181530424203	0.170622714602068
0.475983535516072	0.916486688404457
0.296280456775865	0.035031853251865
0.296667027123428	0.679340299609895
0.404202335608239	0.752793779073468
0.712761336405007	0.421846549357718
0.260898732640990	0.220259025744223
0.024919267051136	0.229390761169929
0.202403955674359	0.069905465019379
0.024579963885383	0.077410066983991
0.107492934471810	0.803684859723711
0.975714651396432	0.296552894473205
0.942573396708484	0.294806200148260
0.430777421554266	0.739243261455382
0.263022282920550	0.632084136277457
0.093251823003695	0.051105212199293
0.510690058933266	0.788797355207800
0.141838309155274	0.166095966279063
0.945542439572872	0.085298988056672
0.859547099764353	0.543906029207610
0.990922655908140	0.730650333392120
0.998640540521275	0.759545347131683
0.803509397852120	0.001554808114086
0.850707896019031	0.617286440827252
0.541253274898337	0.312598517470201
0.036798435970395	0.768525601776439
0.476149988005904	0.993596205952018
0.831215554110523	0.421310240733742
0.028876943287644	0.601455965685066
0.623874778771744	0.502941067447639
0.308779387341062	0.455015997508312
0.038855422297226	0.598482843162139
0.909467997474006	0.783709548829056
0.885980413501612	0.078980442620576
0.284374044575816	0.230222762383107
0.671792486838948	0.233427236376663
0.978232311545460	0.432902671031864
0.354856793618495	0.616976007031504
0.094976109940320	0.395865321018702
0.222706480236423	0.072193856600717
0.003049453953991	0.739430902465114
0.819365750257710	0.053033466230387
0.958722699191124	0.720216499110734
0.688750522371556	0.039977519083763
0.136294516533682	0.542692141500928
0.882184280986475	0.155655734742911
0.773455556196500	0.393497329529723
0.396777579187597	0.287305685525598
0.378102168528853	0.891672320405876
0.924431912350569	0.103814264550762
0.647853779990192	0.873503842361621
0.388283037205293	0.257804283699441
0.602519022441124	0.657112186694777
0.343252407466819	0.432349023742683
0.000572859542578	0.385203598622513
0.324676290928544	0.707607570036223
0.619749261676275	0.850375283008994
0.213336636594808	0.889276770150586
0.204003872630187	0.315207593914868
0.568971361166092	0.768865449998729
0.434372691538737	0.823976453585545
0.503997461056336	0.552647463174688
0.576119893364636	0.279469747394200
0.791482720941185	0.328638238210380
0.203091916442637	0.210580778357242
0.533033004620353	0.845508214981646
0.557886208071813	0.696059173367931
0.725738611008445	0.437016512369042
0.275095043767964	0.298918930883268
0.320691088987675	0.860927688391164
0.419925032746961	0.076012451917867
0.640131295807690	0.861656512334397
0.360218620244464	0.919342663120325
0.268585127608056	0.639759657354969
0.381380623295293	0.760165358604902
0.106524932223029	0.462678309870576
0.699563578399728	0.557045154868868
0.991422479271754	0.143212252329852
0.401589915017036	0.774258067546007
0.262442679438377	0.731024593517889
0.217467519505291	0.819591012741344
0.990471889029833	0.276711406483481
0.194090256978313	0.369515751574541
0.120175676913973	0.279485666025310
0.945047259317955	0.027695669333380
0.540681343185874	0.613598551278375
0.177348877344595	0.363323356808006
0.350180202478119	0.887464868809903
0.748264011169845	0.128872481903264
0.204265125609065	0.618464179481022
0.439684625118897	0.774254628171738
0.070835631822896	0.179751206696907
0.743495923872920	0.284469316314084
0.966609942951847	0.159869854142859
0.824765329441234	0.530094942667078
0.610813587813362	0.816016772486273
0.494989761965114	0.469789749120779
0.094304920894630	0.439327298300184
0.155731123442699	0.186907228591597
0.070192611094143	0.068165308811740
0.135329966930517	0.287374544955644
0.386444059290561	0.982043553838051
0.117205268963521	0.237135312109519
0.778770746146043	0.447787653759072
0.598445109696697	0.927441284509246
0.980420060218410	0.498585104359916
0.178157946834843	0.387641002514316
0.385642539333935	0.200543383183084
0.016616127923274	0.181488434360709
0.329986824963704	0.838698999685864
0.528334202600721	0.930160631176587
0.819113707360605	0.752672144852735
0.721214809390068	0.108124716698221
0.834270719865866	0.680132304709436
0.621818085345863	0.029711754999522
0.890352086604189	0.013912609548753
0.791743179734737	0.467594580600875
0.507761066664886	0.817212643292084
0.408365130752410	0.863392192838572
0.235065237208052	0.643162846947825
0.863381511965623	0.223150732978981
0.554616100749610	0.592345147764391
0.814874655291176	0.387837156045213
0.878123532719473	0.009598395789414
0.312891123423560	0.685638162932740
0.750871316006144	0.870347469316411
0.060254392460979	0.229964835855636
0.448579283302785	0.486799946400989
0.488587546043235	0.796210497337442
0.628299259028467	0.637637077746363
0.839722089432115	0.442408230957205
0.380777926738555	0.407782016882622
0.051875573595025	0.103376835375879
0.576421309629553	0.561113433810210
0.018404768551328	0.470437527976566
0.573874188022193	0.434153958092014
0.721019552489980	0.285605605292508
0.370012556987352	0.365344291405134
0.507713137778387	0.100047973939229
0.082039294085009	0.095114782474729
0.149171781760913	0.120739327306100
0.486634865283648	0.078183714318598
0.389088786297731	0.733060019028620
0.483268857347609	0.961978162629990
0.062705287491601	0.005683606724647
0.376185807021378	0.862207127237275
0.748006760316902	0.490756850571082
0.013354345693568	0.379379266262841
0.096845504850346	0.341461353549143
0.461089037931778	0.771623042824590
0.988301741887886	0.037837640391159
0.956537529117553	0.165872661901143
0.075124518497643	0.479159769713683
0.677343124914296	0.914723988602572
0.221989654754752	0.956649251737783
0.671616543939248	0.866183190109717
0.187606006205922	0.033700427281135
0.278057921975399	0.518300289641670
0.381384758833187	0.551562847698006
0.875569493480858	0.043518568399250
0.443991237190550	0.030321855570730
0.055156680535329	0.422599815396266
0.225431891909203	0.755892449933079
#
0.078425116389623	0.882360613179011
0.478246890352631	0.992491645271073
0.003808422247835	0.420669043301760
0.898566791298466	0.896946867205423
0.337057798480861	0.801660292735710
0.822299853158719	0.112205361973542
0.596313363778478	0.827250401682046
0.212961932693832	0.027185644262281
0.753229874361593	0.694926648329694
0.855803392561107	0.627173733577871
0.907924709587340	0.340801788340509
0.231671253506018	0.427890938806322
0.912359745919788	0.120389381218792
0.083614633670918	0.767093700535384
0.618201348143211	0.203932111198998
0.980142270210232	0.909989998654926
0.569719139619199	0.105555453129475
0.579584989366025	0.677553307655629
0.895013160979146	0.661626404538198
0.589046342668367	0.779860218702783
0.234829996301520	0.340892390427387
0.170543536117893	0.612926818573132
0.520411642156637	0.200103709287966
0.047653677651578	0.800797895947657
0.394169535579665	0.529571961036318
0.713971217096311	0.285092195795172
0.096496671460685	0.364769464909278
0.109155091715314	0.298613719478858
0.491518548804223	0.261880384120597
0.041283826586158	0.050291269563672
0.335198139617033	0.828979284928408
0.667519172110483	0.407777395660006
0.534319708248209	0.946697871188330
0.149755754077285	0.339944769707496
0.337014416776834	0.683662293638024
0.520462585035819	0.244211085430396
0.001794393174768	0.417090932004408
0.216134343579443	0.798225812566985
0.427956664568734	0.534910370254635
0.697718804166121	0.002291061683160
0.013146362503326	0.216341623853972
0.270656530808345	0.148114814457510
0.610200993625960	0.251056554552879
0.546885849569665	0.207381765406435
0.335528398476431	0.572591047867339
0.925302580447239	0.156354327256874
0.608678182263085	0.661280898065605
0.385516538141648	0.782427664097032
0.730086229213068	0.063660145752053
0.478824596265057	0.442789078327545
0.709888135015473	0.254960753781479
0.317818831027909	0.471458348555364
0.617236685384353	0.882402577410080
0.373407027538262	0.761191560132706
0.435516073469891	0.025490361038942
0.399041846487448	0.084402377038356
0.222975704172388	0.712559844533112
0.510307359395155	0.415896162021881
0.640026255659765	0.480635176990329
0.637932534012462	0.196828439644731
0.870723047030792	0.673113480134195
0.261065173722120	0.398268806840821
0.005041722675097	0.984076006334293
0.536181038137567	0.048268184077057
0.137198559971805	0.426176014455542
0.456735468575902	0.831743885956645
0.236903247711459	0.649820582393981
0.601840969315227	0.128108586214508
0.634249768367561	0.907588328911827
0.809325163906749	0.968988351516656
0.283631449864160	0.913458182223481
0.089970083462533	0.393970660025713
0.675907264388145	0.882909342386506
0.065295896740932	0.960809583999405
0.421129724341708	0.045448465050535
0.227162270626789	0.654481724522654
0.606836727263135	0.488586601449313
0.268873594763892	0.960145138194818
0.520821095099864	0.300377645599744
0.171573899726284	0.502765413490768
0.013471211775549	0.777551214624557
0.746146103075274	0.963892718535823
0.673490347264682	0.837707183751675
0.206353251404677	0.590805996114110
0.177757962415404	0.377476613823668
0.492370569960300	0.050640685495604
0.617563012898332	0.201865707803952
0.660175649137277	0.477934246994074
0.056586487231913	0.086820828748592
0.366227131422196	0.950555175298489
0.297849962789996	0.766806165400615
0.890598493835562	0.568688031185579
0.966821163419360	0.516161512936503
0.801691675978175	0.384230445461401
0.309798211397091	0.547544452023586
0.237613046829964	0.054445489555235
0.144333729554045	0.368535777872553
0.336252694329306	0.610728782045359
0.106841683878294	0.446454021019501
0.501972722704982	0.730458466971865
0.804578397610359	0.994427189229621
0.859291555792860	0.554510208907190
0.974201892030938	0.554927066563379
0.209298658931930	0.879888476775933
0.551309802930641	0.755620326789939
0.537991269151212	0.628679405811401
0.725852479395888	0.633714047873792
0.681999721955974	0.617187748806828
0.283958106367839	0.004882084206883
0.468540906782388	0.285383977295222
0.903375289613236	0.210946171360776
0.960131173711301	0.086508358616035
0.329583300819989	0.128322711709962
0.953863420280130	0.807895663615292
0.864608435627215	0.729790025327771
0.836334888319563	0.958100870009070
0.600149569241365	0.915026689859812
0.379342808010835	0.333906033154089
0.985388325523908	0.187365875157380
0.791490039506808	0.491529284625205
0.454043831083468	0.798247242299432
0.448307456320223	0.550130781612855
0.830064887141358	0.664568002024798
0.869446421943010	0.080654339650798
0.992205953223679	0.704447881715476
0.830331960653498	0.822772489586559
0.842177469479427	0.849807542015288
0.428142572387155	0.564100762262033
0.507780773916231	0.024401597917173
0.041160566043379	0.723192477999998
0.269821610830217	0.386169552194460
0.688027512675158	0.402948264592082
0.968779724084022	0.751968390017741
0.491836673228963	0.666827571035090
0.839124862300028	0.728488127870599
0.065266883481589	0.242482878091392
0.541031904178912	0.217292956592816
0.526674079598550	0.262978740330548
0.522412074152942	0.853730642668375
0.831235187554554	0.205912270165494
0.482266174275956	0.424770456604839
0.360175205944147	0.285018363335407
0.524891240178815	0.961432419475502
0.058515235562463	0.294637252878080
0.839485036171853	0.704159910721742
0.178688814206675	0.787816463920245
0.262043028432420	0.764863400432482
0.769998195294756	0.750645626743940
0.786225187309604	0.386748263935267
0.827235362685107	0.695930722098781
0.558098294902150	0.751289397420196
0.573004560445669	0.715568146834981
0.757521621593628	0.495280494097453
0.667575212816609	0.428834752279528
0.063769057873583	0.979515797919481
0.872768711734742	0.228735760373235
0.833567438841231	0.465240538694253
0.084673104128957	0.289478850152688
0.687510392323022	0.808566698992757
0.953486986447472	0.279162122932999
0.394861141078840	0.228018303687688
0.671886086387533	0.944496332654845
0.929448391061613	0.239758277600575
0.094472968507203	0.004887439777350
0.984655680829812	0.608480372374989
0.774592074513108	0.992691576711994
0.212573478513531	0.035392054132044
0.711024670794379	0.823798684129445
0.928066840145752	0.078004193743226
0.795190465123204	0.585220517494069
0.413275833803526	0.247960291394955
0.559243234703141	0.503055084381033
0.313476863390179	0.869323732068139
0.149834458751100	0.576093272905818
0.864559122329708	0.647747167071269
0.371741379930578	0.462517320053307
0.780948547828232	0.670444822094972
0.021788291172541	0.191730968931627
0.859273766134697	0.315720634142803
0.461255472959312	0.470217368442150
0.401307054888761	0.696348336454562
0.715163750274843	0.503125549178367
0.486277109590889	0.076193306379997
0.876614947774591	0.166107279287211
0.472184557577638	0.124956867453865
0.802127311425779	0.490888971949669
0.876089710480554	0.200727473991161
0.623963694000608	0.480385908968837
0.327371276059973	0.578106923396258
0.885173385470447	0.758111055185579
0.826190030627463	0.364765304691336
0.212016603493136	0.317432651602997
0.426347967103670	0.893804920579727
0.806083618850932	0.962562773367987
0.994076055473200	0.792471907984575
0.150352179806296	0.398280950355875
0.373898020101222	0.470006245065016
0.800561946537476	0.943521576920413
0.965450165785255	0.465647666823503
0.843892046679718	0.157927695465723
0.677141982521196	0.042562062861994
0.009579292966421	0.427108626213648
0.326959401678052	0.756909417863216
0.653055224254042	0.170687289948270
0.188268921614687	0.435448103685735
0.812085502737222	0.537159905893998
0.120728598004377	0.178858570563341
0.169877782969241	0.563573064879415
0.715742515799530	0.528917794704651
0.455127345271205	0.712202475106391
0.974864431651045	0.905741764909062
0.099265568912790	0.540623761606548
0.138172943177208	0.594919442803347
0.531216730487351	0.232815275721442
0.485477044825786	0.827384884429021
0.698994325403821	0.888807933286020
0.204330940079952	0.897743981307779
0.436301089459169	0.836024387468590
0.227640437480910	0.049441112682559
0.197379513689638	0.011486240898139
0.206391148317231	0.016161457173564
0.361800543582486	0.841856640261099
0.015058024324257	0.647083033492575
0.052323852677905	0.589668035411664
0.160972507940832	0.841937751938109
0.717914622909835	0.936774502260791
0.965996925012673	0.810207291462041
0.403246898996468	0.289310368776627
0.106839963492667	0.143112437134402
0.163437744873445	0.138504419508042
0.438791388282271	0.935203241169267
0.970134464551260	0.925410811771967
0.289477108346642	0.851335660519855
0.502841390320761	0.715263692595825
0.100365029671314	0.858556486400439
0.926430736418448	0.967021427575271
0.175080185098359	0.859629737879063
0.814401126656309	0.398922935453924
0.267451308264269	0.885643959950107
0.837634335234210	0.956177134289448
0.325278051738925	0.113522117518243
0.621076285750856	0.072263663651483
0.823579670587457	0.851720374741526
0.797269341954326	0.457946182568079
0.989506070033998	0.690112014927462
0.728519526945548	0.850937013712464
0.392240439400133	0.793558436397826
0.259198876158148	0.878329420666753
0.997521744341944	0.811433123147914
0.431290541410281	0.699972636229352
0.895855363434147	0.786682717685281
0.927485575416937	0.645723991246364
0.739887226545226	0.461208790415248
0.219920505122263	0.013857849178337
0.761404182007863	0.470076679361536
0.891339145342666	0.764588462134029
#
0.027928345144710	0.832947857871872
0.820781744043525	0.304889421748204
0.042298745839460	0.703260098747737
0.219585595470757	0.769206134781522
0.281292099338326	0.250097798474621
0.630419219757994	0.170744286191357
0.917462952182969	0.254679301580107
0.336616291975746	0.569671584658714
0.090444251683178	0.915779116078228
0.037465283423072	0.014237564293257
0.384577935651079	0.143625831730577
0.365641226844313	0.565585600576733
0.685901259464654	0.091002499240218
0.195545986340276	0.561013206737352
0.382010546834676	0.969816122662699
0.082009254973850	0.436617831801208
0.030862647581581	0.822643462061566
0.712083089564015	0.528595138697092
0.161227732235852	0.966191796578046
0.479664770299491	0.641922897343040
0.474446287954796	0.093109480825511
0.415250907981594	0.461600925648026
0.052222557145223	0.356199987781281
0.120876484811510	0.879916074890624
0.661246925746381	0.545786823971613
0.922355635539246	0.231734230469850
0.987492764132911	0.742933820174759
0.529610891018438	0.838923941096040
0.836329845440651	0.206773415954498
0.908181546001737	0.424181620689151
0.568525313532102	0.801207411987988
0.081230246713671	0.405740565249170
0.457836954262535	0.896754136052158
0.799698783969436	0.358922926326963
0.056676123537281	0.578607695544746
0.110556537311188	0.733180222970708
0.594006404884627	0.629079008155754
0.870261152244699	0.857863627573909
0.329607558979096	0.265290608691352
0.917919884649552	0.335326555030264
0.954491638102217	0.419315201560807
0.039560036742957	0.122838679031199
0.687425812866405	0.020345985428511
0.447480219986169	0.249554731475551
0.752240240516197	0.587945677476922
0.492176476747770	0.870508999067943
0.925625965214713	0.697991830226498
0.499494467745417	0.501482709427709
0.687238853351967	0.263260984156109
0.256723621454258	0.139946912913571
0.851443638292012	0.884251264129824
0.007567824099112	0.511891255740051
0.406150955102907	0.576567501429601
0.450951766560541	0.920110738351967
0.648435046115991	0.462402546187491
0.485341782794646	0.036491673215407
0.378790540243217	0.665279656803533
0.872430760616537	0.327927421156300
0.663827144928236	0.441634927513459
0.737335881389989	0.667541765530487
0.507030998940354	0.585290029781240
0.658227540473041	0.328129321645975
0.381746795815822	0.143110487177761
0.288659734020163	0.391355352800189
0.889905145599019	0.239229445867061
0.963119533137213	0.328479421401508
0.130833859585885	0.598749831923924
0.685435884558930	0.498768930439551
0.284455698049733	0.145873853272263
0.083971474106417	0.826119072694825
0.599501848127577	0.153084021795793
0.810887863815503	0.780881100981701
0.901129382872286	0.349013425723885
0.305566577079139	0.991961321791625
0.841351144910173	0.541769821788596
0.281725163171470	0.612315306582562
0.910358807516834	0.505711848499652
0.319343694560077	0.309731223459759
0.994868715758172	0.497499074204243
0.279505295976881	0.759293271405458
0.452362860658291	0.485772573269385
0.640582414260270	0.075412422668983
0.024712611461224	0.125207020697465
0.262438445645952	0.871431342063339
0.197425293083635	0.483830148233993
0.792478493366502	0.022262194199083
0.684488439859005	0.131604298747053
0.176261693047421	0.767430298907550
0.624529882246752	0.223282172163781
0.397762035112307	0.960150469550898
0.136364851178686	0.484334333679717
0.632179099515122	0.326252430054884
0.625691424036792	0.799370129313173
0.539878360587144	0.362037079493058
0.993783245327366	0.989810914730143
0.395301252695569	0.859693783069890
0.400301591819222	0.654799400748405
0.188901550646150	0.735194526318273
0.634452179687669	0.729001575319330
0.173537382896416	0.013562926094412
0.831456215547271	0.104618457170347
0.491557052240604	0.532608569258034
0.965407947070293	0.930176950276405
0.830548493617808	0.885065458688202
0.428718235443513	0.574474297131988
0.311772495580784	0.360068061938525
0.476334893255572	0.258740422143308
0.233856632894337	0.529030334327610
0.306507378887969	0.716599229191569
0.034274387181335	0.629272771214431
0.431774000737763	0.077628020448058
0.151134992286362	0.019386665434434
0.922168962639330	0.348035792668358
0.945672539282980	0.565308549340188
0.334711386667264	0.722860784205343
0.614657946074069	0.075618035177611
0.833742774984274	0.804969713977764
0.929790726846501	0.543912388510982
0.081588765159619	0.400607569702111
0.042612683037904	0.021884239283829
0.675024061853770	0.076247307722514
0.565554218731251	0.485884338730454
0.080378389004706	0.318462479933738
0.870033119076405	0.119978907546024
0.576399474538956	0.793054705437518
0.276599075476778	0.037416311455289
0.311471465349074	0.154578686960642
0.990334691011890	0.028520829982246
0.683899153881683	0.768503911273671
0.141330485963572	0.488177440242883
0.648979098920007	0.359914833530764
0.545838593166750	0.467221143997093
0.004439576297169	0.474796373041998
0.639531163414831	0.200190151622563
0.064995679088169	0.167080969122956
0.444358256283300	0.772317064407355
0.888024941759190	0.097821420314215
0.962701481758314	0.688821944102836
0.347948813193466	0.154747652391612
0.768807445831785	0.958015779256359
0.033583523014929	0.234502048519091
0.500668142573132	0.857429377235805
0.989937759235021	0.246926275605086
0.700913778669414	0.617031883592026
0.814316344869862	0.560772813288675
0.194321906006504	0.550079439661950
0.697286162222104	0.756721340761688
0.681561728399611	0.819738447857028
0.072634440863653	0.113827459540644
0.948665078950269	0.763889552271899
0.916452334242978	0.084538796470626
0.155564850698124	0.054720665573776
0.338705340479199	0.976210721297239
0.471450522884599	0.579797167233144
0.210222712534066	0.697476185787813
0.448100082214945	0.890070553610583
0.135043493037821	0.369939445371260
0.604416878336206	0.304813011853214
0.531315096079212	0.429484609614472
0.532180686372374	0.960533958617722
0.243590047406869	0.601766947098488
0.225836832128893	0.471493177458526
0.901471730764367	0.481738842204618
0.911942519459860	0.063132450232080
0.793349751921685	0.972026976517408
0.879975395482028	0.975724520156096
0.407353669965489	0.302896169084799
0.902174783614970	0.247701326209982
0.392949068078992	0.883853503941524
0.918412978043410	0.324947140488063
0.618270643199391	0.332678917174386
0.998185024829159	0.109801178823645
0.846228274480958	0.222267174679383
0.875131334381907	0.974845760728895
0.154035238584977	0.747731438779210
0.125558899279115	0.880765004987075
0.332881471685339	0.720568881305067
0.916776941371331	0.770926298287447
0.351493231801198	0.182469910286011
0.016553195430095	0.098174881212920
0.749064999574112	0.451057784830001
0.225564697577051	0.124093645979672
0.747322038921370	0.662581531485212
0.186465710677781	0.599040202237442
0.982356064017479	0.193813092586075
0.097355392784196	0.261669502654502
0.583932790342703	0.361799926115619
0.440164156593421	0.342511359216299
0.631682578155697	0.538723299172410
0.361895173639500	0.087466944262261
0.695322969857446	0.620835569831737
0.496351015171118	0.476649726153503
0.232251596923976	0.717298004244756
0.694745907023257	0.246000842481386
0.095615044491276	0.181466734079054
0.944764145404278	0.123124653967825
0.817816086536696	0.792598939918121
0.898090789536501	0.735073995016300
0.961893096091667	0.322618559077992
0.153798436781810	0.456517735835285
0.301992996898944	0.966975260285422
0.342203622996389	0.760993414269992
0.425565123657129	0.378656282410644
0.287856737684425	0.420616614730241
0.169645438708748	0.939978975788685
0.433788841225623	0.245094375276262
0.275241023692126	0.576306867780235
0.268751135857019	0.673914313473253
0.843421612829767	0.234509877449486
0.258332734289191	0.849926446995215
0.161602503424883	0.787676190209500
0.518719841148406	0.675223499228066
0.611967923960641	0.891981312048617
0.764925767845690	0.780243035820369
0.599001384246862	0.270407103297861
0.668953237279540	0.751489299990118
0.378535497090438	0.116633748429975
0.589674249894376	0.439072553636290
0.662181624132717	0.288471981251722
0.107253387595353	0.936352326519869
0.545049024639895	0.815708248134634
0.100978944474128	0.650071775226405
0.626536069583738	0.908611157654927
0.332291577321545	0.090306658318803
0.288527845705051	0.917616791305509
0.852571372606925	0.397492477064368
0.428101152746962	0.170613449805093
0.278911211359992	0.445758108153417
0.411651673356921	0.033935463995192
0.355337735813888	0.096576057164133
0.746158759516235	0.536664996653950
0.701074527972628	0.068348299727856
0.485817909121005	0.894272382579342
0.981258862880352	0.123631780995902
0.991069879846431	0.379438899778630
0.820479153613671	0.201746929483895
0.826127938885737	0.018608584538710
0.427662770829085	0.580227941176907
0.293390225221727	0.305879734993419
0.993167919570852	0.428925314319535
0.995245443888764	0.751825542829890
0.249905547418144	0.828041078482764
0.941775935222808	0.167865246573432
0.745188970525095	0.424330211110490
0.666792134211117	0.547685504320004
0.082796011837850	0.856959230931699
0.539036218202449	0.643624232300470
0.578522972664452	0.727692717157233
0.999871004372805	0.743022664157446
0.373582583706263	0.782666273364487
0.143757171031031	0.987345510857959
0.239236571648912	0.109164047546024
0.921577241486306	0.273210084827899
0.934564941547477	0.718476073750871
0.861667557354473	0.341494146813986
0.380888631423211	0.228822331696009
#
0.534621219973690	0.623728442383867
0.733803497565399	0.449552333785582
0.699716414255024	0.533616020468440
0.248083469748516	0.238746345331600
0.775070103764318	0.474292953841922
0.479256870336658	0.227399969759257
0.595117889716085	0.858763215332004
0.903947022022667	0.011270560093986
0.749827032384888	0.544856638541645
0.979799357238179	0.777442315541544
0.021676547364722	0.552262509835945
0.500369912129913	0.660525717693503
0.422808992774880	0.731083716436076
0.441627472043416	0.996716375461946
0.198454136307923	0.525628594105511
0.860146559276652	0.091619764708825
0.516728705381213	0.662968727681546
0.125190935126783	0.804952763441241
0.811660155144441	0.738598357825214
0.188478713899031	0.428092704719885
0.402819328802363	0.256444433763727
0.774518769880412	0.351000992895803
0.222312396443987	0.284666510365127
0.972185786108530	0.771059148658779
0.918412037873271	0.867340425464171
0.033108727315699	0.400276032369648
0.024740910163322	0.604248301266750
0.502842662274568	0.416815766463246
0.913705992492313	0.529240468174508
0.164634747469014	0.276463459077399
0.431019784051697	0.878259728401494
0.904470844637712	0.885559704593746
0.503158326610727	0.805944996607943
0.124601501302002	0.318020155261741
0.691549191878072	0.424726764304733
0.426806442306099	0.222687196271188
0.654187963496472	0.741535111270271
0.769124933231884	0.156390955708081
0.893320579056936	0.207968972438939
0.339398301984043	0.252149584296194
0.483247256018977	0.767351378399728
0.377779045463023	0.855327495805763
0.240498620141414	0.737130156656990
0.541190310507359	0.837041343524363
0.059667783337568	0.556669518713995
0.417320139803300	0.617287289262118
0.879839009344540	0.849474431213335
0.479586621392422	0.669060555908145
0.080969658931943	0.764586260254631
0.590557993061505	0.549045376374630
0.719551441427216	0.492704172966234
0.457723848628282	0.264503745190917
0.381678438834305	0.215818029412957
0.194044994235515	0.417188118774721
0.520980821810891	0.745312438287146
0.460749019743118	0.596195327024021
0.901606762991661	0.065996615231502
0.641786862779825	0.069761325155795
0.473958521027574	0.024534617323553
0.753340931784674	0.677832302562388
0.778545123007741	0.571303503255198
0.749433043587355	0.718832711856540
0.603130192170648	0.431603435760272
0.614854162236409	0.553301311459695
0.936517703099297	0.983749880684481
0.145799240364181	0.710312103785181
0.869955282162399	0.546854746422464
0.759800025438843	0.191671084657235
0.094336457339659	0.961871999772701
0.813079484927719	0.488660241823797
0.505648265011992	0.388413539712414
0.893679038363900	0.861029941090622
0.027912494500147	0.094327422579361
0.231717363053867	0.821569099747941
0.893923047672474	0.664059157172232
0.492626088553254	0.612557246492374
0.931361708075591	0.552899623651267
0.687869333356589	0.465340878922804
0.000980682904129	0.474812472582518
0.694714791536032	0.843458085284442
0.128225117253192	0.357121860691607
0.764535815633027	0.535676233827992
0.052357250371100	0.384966357467921
0.073768371966148	0.023795831954059
0.952291868615963	0.089166788870740
0.980328481406981	0.310059593364145
0.813109573864636	0.782832785924625
0.598642073245403	0.338426462919085
0.591336518896589	0.618075300850457
0.199140481464365	0.824408842908314
0.265650924357039	0.759447190854570
0.007945581806811	0.066253558282334
0.580622932543192	0.134222261173237
0.723429588303768	0.879127850029415
0.435074660562695	0.741436974085271
0.125007937458578	0.722165937936438
0.045690084818213	0.251012076915012
0.983414832265911	0.837296811593067
0.420310461060216	0.896640046242773
0.253751719662396	0.087973058942699
0.080157419219650	0.283771153838320
0.672437796525759	0.429191338929625
0.266897253055800	0.492002984623425
0.527305655769842	0.213841999465097
0.754932164157492	0.481595256943627
0.671209095667863	0.947080730448263
0.150244314724171	0.020484827929289
0.302543588053096	0.697141746919868
0.197799177187914	0.916094838622048
0.289029879795627	0.776515971118704
0.706759863231974	0.612549046429933
0.998319724108633	0.944491187563280
0.188388244525620	0.510391659920661
0.229671541654894	0.119219287326378
0.151243247825476	0.299383723479552
0.607636457683434	0.139981531570661
0.598708872124252	0.830319116318207
0.291929073932564	0.030107914244316
0.144302897188883	0.163187085223195
0.093156558250346	0.654462248937800
0.378397515597380	0.563828520375264
0.017446212940255	0.358367092525206
0.311309796131987	0.970173213623970
0.412863760351404	0.630196715386165
0.136368511509236	0.058894675704393
0.477107540815395	0.422100192267005
0.628161633999125	0.814529139505357
0.211767905208228	0.324745128705340
0.401876158174564	0.248899849422486
0.975921626895648	0.623059540200760
0.017816586656919	0.463414624674109
0.811565030555140	0.619255910306064
0.596880170422811	0.976968641853186
0.926208426460207	0.529783918645648
0.470649123999907	0.970604798284034
0.434785739852764	0.115187062675875
0.593063144151369	0.828520979459519
0.117387566975641	0.672886885626448
0.084921036168216	0.707295403980486
0.523993770713917	0.038489195992818
0.370449907232646	0.642191765048120
0.917588969207739	0.189091531138190
0.001548826694849	0.016578473620251
0.052818912326549	0.109248521996021
0.591297458994970	0.343546142648800
0.293855891398586	0.165488218228679
0.866082732068860	0.824300922645326
0.633085343901321	0.006135185483409
0.050891606149006	0.935699719455023
0.343788283258627	0.449385688046316
0.535446608330926	0.339221792374556
0.277311938646555	0.308564825055321
0.930031811336528	0.694958273483198
0.339357165698744	0.182404368226976
0.696428355923022	0.642483981010151
0.240524308811995	0.576657391986031
0.686425863692170	0.365973898062011
0.169612447072196	0.682330163121766
0.031265326317229	0.814074882262870
0.559059656588142	0.020915853330147
0.127582504909388	0.795481979333675
0.206997440943261	0.368358508769506
0.894729766271713	0.630425823300710
0.683520821780786	0.732456913155610
0.975157519098175	0.052683741565022
0.308274764639389	0.865612987630445
0.065010662671414	0.292568309300711
0.063659128282140	0.535987927004692
0.518740519070705	0.615178214529338
0.579113196716437	0.311345405483466
0.149444472312332	0.465423744978715
0.100311885145565	0.720935295503804
0.345911399076206	0.362188902767885
0.628513311415099	0.782740951697980
0.424102708330402	0.806204195787712
0.443907436319605	0.655559944141554
0.826272776775591	0.819498600861872
0.789431139544917	0.974264331621645
0.689578798527266	0.384017305538062
0.090150398921722	0.172773884649569
0.303569138819251	0.005257918500634
0.945921451772079	0.779821727373596
0.755070873013481	0.589270703631749
0.903410645877805	0.399060680856710
0.358410395998138	0.095127517379617
0.075478118629073	0.848181604838041
0.592851058718015	0.933796514974394
0.758910122969865	0.275835612387358
0.883706319584443	0.372579295507767
0.971772174344345	0.694080542468950
0.500389284803623	0.772134575939769
0.700677917269216	0.500860511674746
0.954889726581725	0.941657928969166
0.031382265740862	0.756848419494193
0.820374093442311	0.795908230076523
0.058647594428306	0.579119711783510
0.528898480238602	0.728420318041095
0.358766823392074	0.713530297790079
0.349685501854328	0.878995916079496
0.242769106114928	0.771822038053493
0.260748290051880	0.344255177849963
0.893508703423084	0.341557924249572
0.196818771352251	0.832485676704088
0.928403430136015	0.619567995802399
0.790907733093693	0.627048775234038
0.448299734957586	0.143628325579601
0.636710781985128	0.402987005050058
0.164965444748515	0.522174579678610
0.967945420874270	0.820044036912742
0.981866177167247	0.871855846576359
0.012477760904580	0.374905239877967
0.416128368213803	0.634900292063807
0.679943486740800	0.487910684544572
0.249486299755398	0.561022728812188
0.785020311312988	0.303138025175579
0.937412659157396	0.991680882636383
0.781426528650668	0.965071323552418
0.995655243051158	0.285273344089574
0.914056980729582	0.368315615544169
0.496450962381542	0.542726457943843
0.900546375871763	0.472074020531046
0.777767256781870	0.160997830601641
0.324963261449003	0.836918151666624
0.454959600804131	0.370883450929747
0.800040868297229	0.987694675565626
0.267745029709243	0.052842658491070
0.626626522659004	0.309788518191732
0.839362257122845	0.709155542009779
0.194333167093418	0.308153954639135
0.222338834829242	0.280216215010783
0.719476403836039	0.193318560298839
0.648847796639625	0.892906886267687
0.135216476892870	0.516298127248021
0.541891569165022	0.304879171611946
0.977399547811923	0.600580430263788
0.623118871269542	0.425955164112606
0.960056750094531	0.700831020181261
0.229888797325522	0.911822635892737
0.172664177877052	0.313131345508884
0.609319696577573	0.663247699770901
0.448759251145823	0.810861000281493
0.368048314090829	0.705544688670324
0.148380413686014	0.903976098844776
0.991435460278633	0.407092028857929
0.091610542287028	0.122204903541646
0.776360929193059	0.098327571549063
0.668267533571522	0.744244965199438
0.052847224765654	0.399714482342758
0.697431122813707	0.958243678547033
0.671080671872730	0.967393563121416
0.953534285759911	0.532895038726948
0.503215133795332	0.182888759342695
0.778384658223573	0.535296069349930
0.715687491399163	0.816845877053413
0.986518412126815	0.039374278634641
0.730013406772635	0.545760291289948
#
0.897691607917122	0.672126076806366
0.056111366733935	0.504286482814766
0.292781076695021	0.932270960168045
0.991958450058466	0.642831469337184
0.955436212931628	0.603677005414776
0.225839091517459	0.514853032658541
0.219320681230007	0.351334096945667
0.779090110161130	0.941216685562678
0.901794948825099	0.311832205930686
0.733153722652503	0.057114472626037
0.933945183161168	0.362471255092526
0.563688183101753	0.551630257524464
0.913777526680794	0.788943961912055
0.494231661431080	0.947922308218647
0.730381604221273	0.632335907228369
0.366986094826596	0.363244810924689
0.900713914749379	0.275975377595978
0.795675707467756	0.996266571804012
0.465730935210765	0.749222028243640
0.821350389351451	0.261539807604053
0.812686235134650	0.603007267602488
0.670429352827004	0.359592990567813
0.942358440473294	0.030689686311104
0.460488678296210	0.554729283450807
0.788343557805834	0.789171332909998
0.354970090173876	0.572857684822021
0.910692318089002	0.633262998106252
0.813510306601764	0.684547739029990
0.004779451993476	0.927752260101901
0.181032309350798	0.041183962496273
0.480572042632981	0.903073470318474
0.797350879012922	0.610087567383909
0.146091896376128	0.805048272433935
0.639617140320972	0.790850990170345
0.775087952095803	0.358201930382802
0.695558155583115	0.028145111172494
0.081122274762281	0.113491820430730
0.795971576309756	0.830706458732185
0.739321457859902	0.869558347358731
0.119997837143018	0.462742705471521
0.924716427206229	0.337768263262177
0.456272181462560	0.853548020090337
0.943018897423292	0.369956699053281
0.620053994380881	0.215686543429197
0.236503122895142	0.291599292375985
0.870745126593566	0.258009953251576
0.572535745467184	0.021232391945373
0.405315490301073	0.619530166876393
0.155686766178274	0.087283815976066
0.205836121506485	0.366239056076444
0.904850467784528	0.447648262243636
0.570188342959198	0.293302168439446
0.274831421504456	0.771982590614814
0.129079875100655	0.376316637121215
0.815030400132535	0.880096332142152
0.553400883579953	0.322191732079301
0.953723865317582	0.865098698033276
0.900052807270562	0.636967541565413
0.805621726858807	0.144452860612528
0.860082531082463	0.056250485139026
0.702954037045816	0.780773051497706
0.519718855973268	0.219260048637926
0.932828898758820	0.326582265628172
0.731636837295172	0.574543766578320
0.401234017545645	0.280236999802347
0.992051963692543	0.344640695570186
0.451371112710650	0.279409654037889
0.414201672751038	0.366622642932139
0.564750012141827	0.425248983647965
0.975269408890807	0.570318853382561
0.552721261175517	0.184620269850041
0.604165978870393	0.989699688970507
0.269085378681562	0.338063752823058
0.698962100012918	0.127059544466217
0.359205843731576	0.729511625768969
0.704043111927817	0.460835752417528
0.090493163813486	0.282252299199405
0.366284938847247	0.569043921439220
0.121042970596124	0.950659943965883
0.716778824039916	0.584460842792052
0.281410669042126	0.496717708068136
0.471286096719859	0.486100633741846
0.859962160666464	0.119969537742429
0.945178205833113	0.834240310786814
0.708643756506183	0.030344781007232
0.975005758221961	0.438142800805658
0.193013105819238	0.694958419933673
0.844923089455097	0.222907446609556
0.438057828330914	0.316120253250962
0.363776004259422	0.160296431547100
0.124788583751020	0.802463106066562
0.996518793282220	0.235855193165097
0.426336756773837	0.547484727936677
0.066101079356415	0.068139754717271
0.411967404515475	0.307925349871611
0.428170290176796	0.724485672713370
0.989882681516437	0.203452562727838
0.241089460030452	0.260324280536809
0.992372688369912	0.533827914747835
0.961204258250353	0.774240223405473
0.392907381614881	0.660259346631416
0.362901480254461	0.538850281745859
0.566324225060252	0.739128549056856
0.851051423663984	0.209117146723233
0.943160184180168	0.980925114355265
0.865782512320621	0.394671530089032
0.645551056052919	0.877693258430272
0.985223987136321	0.202337615471878
0.194441048240857	0.583446982452517
0.682263353998368	0.429481694109152
0.421091677486219	0.519738359497799
0.993128674336041	0.758386998381090
0.451150029304239	0.027073932817921
0.108795941599830	0.381397293038060
0.735658051384533	0.367146026894251
0.807135213587232	0.194319739750195
0.483462629021020	0.077541461698138
0.854178335949354	0.463953683027987
0.439221870954899	0.131625758281822
0.151324027718819	0.722113152202711
0.094318751267697	0.758832634836163
0.337856335876942	0.869608682782764
0.731073518686712	0.557868453105415
0.172042118192660	0.153512851603681
0.399349219724384	0.669740617198344
0.514918094387957	0.290353249127593
0.204257348367073	0.710687053555317
0.684936511722611	0.660963267474659
0.203822874045890	0.670943048938863
0.068867052921296	0.128896527022332
0.917095785941252	0.469509093665869
0.676774196717137	0.193261244379278
0.494018416501120	0.733838973970581
0.787022584999684	0.187992234292438
0.838994267824803	0.295668343150911
0.216515725296111	0.933105142538693
0.645103402818810	0.932665478888123
0.465756645534597	0.978821212653728
0.167237704891534	0.049680403212477
0.254431819136821	0.511667213288990
0.549395550868799	0.893881309287129
0.748350479348644	0.872818276489344
0.444186395370445	0.111743069978371
0.322423148509679	0.818761988966437
0.002526916564099	0.624182368075518
0.107863408771312	0.554398886522837
0.116081111858618	0.328266818385633
0.734241259455271	0.386132533053433
0.339852134077775	0.419637898080898
0.218311722208353	0.022066255803701
0.184890018586277	0.491070321176916
0.226724353904539	0.746935253671123
0.471144459552864	0.491089542510707
0.599164837878003	0.695754458358454
0.984449441773922	0.228696929809800
0.641468780730262	0.402003849251662
0.303979770816858	0.728574638657406
0.381641853456768	0.341877986756591
0.384661539547299	0.928383719159380
0.081708799135338	0.315831085973380
0.593702522011870	0.095238158501507
0.440872119376639	0.353744341608543
0.669132410704422	0.838245311248639
0.125204304262345	0.274757091951267
0.195469339889351	0.335295580172747
0.090642188231145	0.716953264483473
0.478428548778973	0.272974411089200
0.163216710594300	0.048504816146685
0.117982806432523	0.623351141489891
0.678641781136077	0.890996637728763
0.822782586753085	0.506915510750123
0.886424329338228	0.799396768165612
0.929088852584616	0.395370687915797
0.902122655162151	0.291885378372829
0.370144720275454	0.927432697947936
0.610569229724484	0.151313397835780
0.114278578458884	0.509894553224997
0.975947877386573	0.590953519239778
0.742838758449731	0.174412609584260
0.427504994074699	0.596340481097889
0.365207184656804	0.734834448605505
0.135560622936012	0.757771257021877
0.505673295004683	0.704734340474180
0.136672902884118	0.656961618609950
0.487246163535688	0.181820119773462
0.379121536244434	0.253641576099592
0.617180003462634	0.510443635403748
0.674081513116621	0.959689098866584
0.346367044454992	0.347324574679910
0.771474611193751	0.882988161845828
0.890692545308427	0.045267780787607
0.502748755156703	0.347677551290877
0.001628205413378	0.877469573374248
0.723713814449430	0.852275381761667
0.824700073298230	0.188029296274304
0.705775966566469	0.274886660574676
0.236630689175015	0.758752133408271
0.867712732606501	0.529037778156120
0.066391699730044	0.886347067748743
0.477749260486511	0.318972251219436
0.280907023763495	0.917469086106277
0.976339404000048	0.132072792186419
0.855348913431016	0.735516579527295
0.460136918923849	0.589595265125296
0.479852105602588	0.399373199418041
0.851660660899165	0.976111289806690
0.402027488779749	0.972815505455438
0.243196525667607	0.555851887575316
0.288204946389470	0.067522998216451
0.789262436746914	0.238393554286657
0.401247782958962	0.247758066339362
0.983872670210868	0.490149181217456
0.787814547491217	0.716195039152213
0.285013741181468	0.026691765297831
0.669534318304978	0.515899590336694
0.981928184158618	0.666554437406956
0.374160402541552	0.225283112196551
0.480005352636800	0.547011617931307
0.521618135162075	0.366848038594902
0.728798655497096	0.805269913469737
0.224704834219232	0.301508417656065
0.435384568859680	0.981568559767112
0.089941105360617	0.453326728533331
0.049874771630828	0.182643697406781
0.431049566583487	0.518342894157009
0.908379758221186	0.886014211896345
0.406811534987486	0.349962946108999
0.110224896601919	0.178543524392541
0.372691538970147	0.243808222292878
0.735179966952461	0.095084135442759
0.768228051431530	0.937234650584225
0.303155865125162	0.916175117929507
0.543807287361428	0.238906463198109
0.573019384307093	0.706581354305749
0.010677879213048	0.801366873039251
0.331502619742300	0.371548767288110
0.794977285385825	0.530902131118556
0.635795212498818	0.606907321048646
0.079526653066167	0.234853627447703
0.001956599299320	0.930107895967110
0.649041129660104	0.263953106073652
0.111411764778060	0.931481072663209
0.475075804040552	0.005217276049130
0.545590070436147	0.719268549168312
0.264573550844699	0.226048203936324
0.856039870962510	0.928111631872158
0.586380925631705	0.517496089804335
0.993290868120569	0.969033907393234
0.633392204445180	0.613686371039061
0.629333360965674	0.238650485928787
0.783191935108786	0.600354819931172
0.466463322161339	0.070900875393045
0.678165443166663	0.106226674771455
0.739724582466233	0.570452276982938
0.505763466122039	0.887893143316706
0.943284926457164	0.268344026354222
#
0.388094015277013	0.993326627182152
0.903495784593629	0.542317642956580
0.234012218712366	0.760153349898791
0.011850235520827	0.668801958362759
0.207682959550918	0.775427566556127
0.228668204794793	0.846164687035178
0.661393791823972	0.654158233351577
0.385749275187438	0.443506744560671
0.151925252553058	0.904518127884836
0.985796291144983	0.593227947501752
0.080327700842248	0.065096514081838
0.774779035890191	0.413653060890188
0.374962403060627	0.784310475640071
0.164017997487452	0.148385655867957
0.182000708575826	0.543317989572724
0.780309979287048	0.270313766382242
0.980296246702852	0.288674053570413
0.384943793617409	0.680214912090501
0.128735340230338	0.211436379982959
0.943748764913471	0.062488617622873
0.566003294094932	0.543360736114755
0.030660727999793	0.957821420849725
0.184362272309224	0.029656038393652
0.202770690015231	0.547873899002530
0.384276815081080	0.949975026061287
0.284436377064427	0.997370695927499
0.633383349197307	0.802970491303823
0.879438560195136	0.631659246429722
0.625361522339601	0.296645266771467
0.097209418913631	0.385384114548886
0.176209680078600	0.854739485274707
0.631819144038441	0.607638815792193
0.597349198208505	0.345908478914273
0.496139150926876	0.776585350459578
0.460370145845313	0.707838203224316
0.327772241860575	0.539468750948894
0.408325544187875	0.172137417404944
0.632247529838292	0.368230315243879
0.032570350689946	0.945911114557160
0.500054639880558	0.027266583877445
0.360057232985286	0.638786659026236
0.433394256847304	0.201578437863285
0.925719723088136	0.752529834339518
0.125446143356489	0.160930485269271
0.692390068129727	0.574314972286652
0.464627939151746	0.260032323249623
0.517648082114209	0.905915918738096
0.979005435476779	0.107235965809607
0.751492805255459	0.344731258541516
0.797280979295559	0.338588604083887
0.209680691875909	0.964663026380507
0.219955590837625	0.667627503086726
0.472941613167744	0.740830638152741
0.307967855433926	0.515739034050083
0.429478434247309	0.318533169878305
0.263387054266265	0.684741884163754
0.961518250629659	0.377456214832481
0.418124977363768	0.744261172307716
0.876908604492645	0.551470357587438
0.180320476456620	0.399864888144626
0.879396454868698	0.824229981476495
0.360706153875381	0.551953732863058
0.319500783765572	0.116649615372682
0.819747983203211	0.682999149356736
0.712984511329090	0.888104809887732
0.511184153498892	0.442977616666578
0.973599576850794	0.258252642876062
0.581395075093348	0.285958520901845
0.928076727531868	0.227983049868602
0.294133429949669	0.204579249072023
0.602006835537499	0.335395950902113
0.715486376014419	0.163632864403453
0.319635583627884	0.967580358257420
0.390839710224150	0.888249583283497
0.029331591452782	0.269020769342086
0.017509817848334	0.001603182172776
0.802964793006648	0.435122577342000
0.221222431683266	0.482880228777155
0.155972191168920	0.592354742715218
0.420217054295404	0.503996683867648
0.240462997285757	0.282933268761945
0.558922614101070	0.895485881691679
0.961609204057979	0.313332564736095
0.167428405994416	0.087923497680557
0.971086773548994	0.609180391209475
0.734611743999322	0.953321245022426
0.973000204649987	0.247171534748555
0.086037322433208	0.064552364187444
0.653504648863688	0.698754905652896
0.468470275045482	0.711974068710574
0.911166768267557	0.751339405018682
0.401662062248602	0.146012590999252
0.878462742054477	0.504597351538156
0.153311202571101	0.663366970062108
0.289320903897593	0.347710021619618
0.875182423013072	0.599108656774999
0.795754724134634	0.736612224657231
0.809113575799650	0.289259957682635
0.686154761511403	0.267389919903919
0.283886977304678	0.880817366270539
0.166791236765401	0.613900782916206
0.508095285275042	0.396843502856056
0.577126624197030	0.616164730306753
0.459295270838611	0.010620916497573
0.794808347196041	0.427577384148626
0.511570561097835	0.006727210946085
0.241328845555272	0.554656955309831
0.063404875123735	0.851084090967449
0.254409281596171	0.907251148463053
0.342297786460793	0.976362800452943
0.078927658051003	0.183577573202452
0.009101131001744	0.781826024358586
0.455484942871957	0.307621416241774
0.317536796982758	0.721134795975204
0.324075653526018	0.972155928139611
0.600583547400447	0.738249667859229
0.544668741651035	0.265205870444236
0.556433597243492	0.774067815573436
0.466256979961474	0.456972837554517
0.706501092227758	0.989371089495106
0.063927134513838	0.814167394492349
0.374283468670743	0.070969095004482
0.635505106680911	0.016975431008492
0.282370633511425	0.667651924692945
0.164539321829690	0.650981962599555
0.967438673825804	0.149380360299111
0.636206834957983	0.111116675918716
0.897204562997726	0.148012680967341
0.923260048712432	0.378022913909057
0.598856196412550	0.229966543901238
0.705001654733206	0.294407246935742
0.901068130485031	0.751836836047433
0.299954432831135	0.972198995755100
0.968336036421437	0.698494143713846
0.544155973369292	0.216796559332124
0.921972767897410	0.279140336736837
0.916127877523221	0.658311858460845
0.665953342957877	0.150981451885538
0.765623792485712	0.698431880608767
0.358566238861197	0.813222977289283
0.048960333235785	0.271884749008316
0.128854287585442	0.364332850641648
0.870211574451581	0.080714353844690
0.652888102608940	0.555898884906410
0.557677659335937	0.314566071916969
0.461530346298015	0.589459357920443
0.112688083693545	0.740507079460776
0.854885645642617	0.543563132766533
0.289928654043453	0.295040905078650
0.690629208621250	0.303043701523692
0.394567113694401	0.663641844564965
0.852256965556242	0.437346282749750
0.891779379893974	0.458821948258863
0.099066048185124	0.945237755297040
0.044436870385994	0.350805280811807
0.247333241684207	0.721714847423536
0.035675051863230	0.817477988735186
0.464679512536311	0.620948218885099
0.237020610421202	0.228682497802349
0.805896652817236	0.789139343609367
0.777784859709857	0.674172656069084
0.479697047145967	0.778667388665180
0.440133816897900	0.155552273186751
0.887174800244899	0.756800250559300
0.639219612963316	0.193045779409131
0.253887235013276	0.288724593186920
0.794640253715832	0.048850211559061
0.268896797734522	0.289073858710256
0.724909068486865	0.645251552258910
0.856348407654173	0.829259869369972
0.616253645535618	0.821716436841925
0.290792714406455	0.246517405669791
0.872669399686314	0.965288176426033
0.829625717790245	0.619040743591972
0.227445018763525	0.451267411804587
0.110884265301489	0.958064410592910
0.763347204021026	0.886771803462592
0.653932773660387	0.720745558319787
0.153318434523726	0.421225837529922
0.771941683667698	0.928441973852097
0.704973347183544	0.868965318628812
0.046915787748740	0.976997092593693
0.686619078667513	0.385809254223902
0.553931579588431	0.346257903926600
0.065381126959198	0.062192129684191
0.367166521113172	0.724514529976182
0.421126518030913	0.099744663597025
0.676043016760620	0.442833311027576
0.936982006052738	0.361219488866911
0.237197473467606	0.386865269948464
0.527602404711675	0.080324688479380
0.185021403754368	0.677358311293032
0.222575748623948	0.747777623298526
0.981885838085293	0.534386717605960
0.378704774281640	0.199191223876362
0.987493859833920	0.410165333284569
0.280850641261984	0.337793844597832
0.729126292916277	0.868449378029548
0.797283047762998	0.784601503234497
0.575164441153213	0.331325152267545
0.517058309520841	0.082542365203272
0.905501990789897	0.634712766305244
0.029955819256128	0.852200382121885
0.897580920694764	0.417849403903319
0.668713127651418	0.876760871586567
0.044910631851505	0.481425364846696
0.636422254526155	0.027335666592078
0.200077604316193	0.399086117604535
0.635188957824183	0.571866514294377
0.368153059475160	0.133671611345762
0.921797827333630	0.587632254601371
0.264341548845251	0.219260773672550
0.592520452242466	0.886974905824050
0.770098488957178	0.856719001162965
0.694754577869259	0.685923289667331
0.990942871894441	0.305815172220072
0.121940714801182	0.892360925649377
0.738262548516100	0.160316427042781
0.609918280879482	0.004352654098615
0.227201714000479	0.536831374172315
0.540730206887408	0.240044459057982
0.977101820515725	0.034007005168592
0.182205329225912	0.118691544541784
0.138071781987807	0.532662481426416
0.862479402185995	0.896974874869216
0.608384250804871	0.999437337741125
0.442256925032068	0.169897036200831
0.639094529356597	0.806282941206890
0.291484638185120	0.339378222203669
0.441523091504705	0.672738603240051
0.890337814551391	0.573202815040295
0.290761824997785	0.376656431559626
0.656350054232485	0.379904438364297
0.014776071769832	0.693385961626979
0.790540613650936	0.515405872491050
0.112324354963453	0.485252714828880
0.019901037453651	0.784453453678743
0.939643689882859	0.683929018369859
0.661406064094372	0.377890149685063
0.321218185667232	0.690447627960343
0.507642209415241	0.351663637522530
0.841931758178848	0.082341727587008
0.970665482564519	0.498553719487636
0.280411345716662	0.439040634184852
0.288682654101561	0.622305088122912
0.707598742029536	0.337280630678237
0.482313468466120	0.475386347266703
0.633918205656558	0.211478885778105
0.940380234723068	0.812653249551694
0.980361792021515	0.998472261707874
0.780986139266981	0.922488018619476
0.638529785358936	0.169378090689280
0.511026900846285	0.081452104281972
0.066909055241130	0.077507638856188
0.216475401822588	0.854069601011944
0.736433135051381	0.331132579671948
#
0.640619002897436	0.051872588240512
0.276018977695149	0.208150208976155
0.311320223219534	0.781199095021281
0.102539837849918	0.180618094089585
0.610031109212439	0.581332610124101
0.250969861925340	0.950164493394588
0.665777952798125	0.587574026451347
0.568440063290400	0.905036434043440
0.309319451290490	0.169205880763290
0.033920580529124	0.765091218232431
0.656467830915113	0.569613146262619
0.255455384788908	0.723908777051584
0.014977318005398	0.404315568135193
0.767122751280461	0.133502904822469
0.247079649764830	0.602041694242983
0.276143955596756	0.618137111332765
0.213995721706654	0.564295208212988
0.503704161733320	0.032867550159075
0.211520534057990	0.796141630456816
0.770285997486274	0.988435091680948
0.890844189070827	0.947863398806160
0.031537329785418	0.401685853582268
0.906883885363788	0.560615619076559
0.159994476279243	0.761121531427168
0.946032966008883	0.587432585793415
0.131133571530491	0.776806678105334
0.561953594340466	0.632480305999629
0.022503213263700	0.897966344118576
0.029451535090211	0.289248882394575
0.379483566940642	0.572157137694805
0.108288315848515	0.057044755215069
0.185393658276972	0.232417638234891
0.211657387020918	0.819959284230126
0.092110970777485	0.643328295704752
0.844929244100333	0.939932379159129
0.226378986897501	0.839259188351980
0.041963632926802	0.812420732298033
0.818864374146532	0.348649232030997
0.940099740619794	0.713368540097347
0.160574228074535	0.858741015861449
0.792714650461617	0.620299029308441
0.631875105582149	0.437608372056300
0.612132433944413	0.181207189611440
0.559455778580032	0.878403631010652
0.749186257540524	0.793121514095255
0.247851134568418	0.298469073674285
0.341853142795584	0.169724059563532
0.205575305085065	0.931493279973858
0.368178985632998	0.837113973879515
0.807010475268357	0.143673241404740
0.431887895667899	0.654910052114844
0.473840348765682	0.998860413441169
0.931995535952038	0.951296552771539
0.937342560369834	0.028383593314417
0.603525719280244	0.708531044588548
0.639384790705374	0.863738358687549
0.977431827685198	0.100015874509703
0.941848671981564	0.090734055519741
0.418502419353114	0.976351447630755
0.767718556050146	0.985086315075189
0.867739505103729	0.451075159583957
0.450321828818489	0.770180430442602
0.453751221404819	0.759989203596485
0.200584906432914	0.558495200136326
0.030919810298579	0.908555262235123
0.055002061197302	0.278617406561649
0.104062337219730	0.424052171042201
0.650164438562972	0.046983159158142
0.370006205367392	0.880234505254830
0.173487760399815	0.920628376053793
0.761777941314917	0.769100887879986
0.208997747211018	0.698294664197204
0.961639691600958	0.311236147841261
0.202679015044747	0.135775659730606
0.997553786495131	0.364883637839203
0.957410137391978	0.243225513548410
0.826442054665285	0.507930447931385
0.622566037024969	0.504478162970505
0.026559563359842	0.292499889454921
0.499960920424191	0.858801865917352
0.468450647189387	0.174592476611629
0.823296266101137	0.381373183424904
0.415641523528761	0.636311253913751
0.487099199669226	0.788241007315982
0.921484829374003	0.105937048351843
0.239577491124994	0.294656041379705
0.655539516512197	0.938290051403057
0.786130532572542	0.469204273416941
0.957602481580712	0.373378887626664
0.737270591719372	0.090160544517022
0.451150209747988	0.293278070700652
0.170658255734169	0.008096650477521
0.173988173523449	0.685613986730020
0.420172762922052	0.187240649291137
0.241714463392672	0.580311191869041
0.745738793570953	0.812679024835275
0.145678642705474	0.019682764545941
0.371911184250356	0.875292332581080
0.332430978383038	0.920028832722462
0.696357429189691	0.366179671922275
0.971756362116839	0.118945370223128
0.836095779863208	0.685234789663282
0.330101513147843	0.858208433924757
0.142794584655854	0.216452001411573
0.037793115954332	0.562286652057033
0.149151486845024	0.278569250898103
0.204989381415069	0.242497623488889
0.547894777392013	0.701042110030782
0.107639952354981	0.887712516562946
0.487744116803572	0.576719711203296
0.092528865927022	0.346957668044362
0.405448241020890	0.346953647524806
0.740237431773040	0.729166204978052
0.858632829705866	0.658360405047042
0.538116514109568	0.689199162109103
0.674216195632288	0.739040331854262
0.719480266729249	0.316932402159304
0.338194920294498	0.289336326599432
0.912911268629346	0.646042675861633
0.221249663555354	0.872186661435335
0.715166491390012	0.136791941043174
0.994743228190286	0.063914492508377
0.778586920532069	0.785105306605134
0.181836065878588	0.322147796704003
0.165699618208618	0.021201149099786
0.557385234524818	0.760819297228199
0.492524961124297	0.512133441751854
0.028482244123817	0.354856173590491
0.566887283829713	0.929304676579615
0.859364421772623	0.427534616651836
0.451490371593156	0.190809426407984
0.230168174773028	0.297280783834234
0.037493292716679	0.057637118980670
0.874063682713095	0.082798050735797
0.883458619677336	0.993686740052348
0.856206376304898	0.787843471576423
0.515082750356543	0.558140172520219
0.657990878135429	0.892592409600642
0.012106760873484	0.121570673799508
0.475983512698669	0.122761019766974
0.010570756162184	0.544281576421177
0.924120975174969	0.066461399445883
0.946854998810882	0.296294519048253
0.731220935408776	0.275854680052925
0.131269309467466	0.928626955237386
0.240001959549264	0.435474848708947
0.817922224248276	0.446337572868526
0.587508111397621	0.534550846213137
0.006533893990920	0.416250408956839
0.406714161021336	0.053652751039167
0.832350557863794	0.404051903263678
0.654005554191304	0.849856891168714
0.305517442129906	0.894068676255194
0.587523744345532	0.932004813787529
0.448587444715339	0.701854005153723
0.024994479963787	0.601607644604893
0.771569054986250	0.898955364222395
0.134675231793587	0.647780395729416
0.135105119583920	0.735395210267835
0.049940726731424	0.603341847332973
0.159767295736765	0.333219859593832
0.707698342322302	0.792244203107488
0.211596004248503	0.723861074243640
0.379454230046704	0.711734604721827
0.253799276019865	0.515331614416868
0.249228597676668	0.050708865758662
0.039247619928617	0.007137345151775
0.747619132219725	0.361971819857595
0.010952525541874	0.258195461532612
0.638674326622550	0.286348622591782
0.189705461307826	0.083427372873627
0.077852795617155	0.317917753317840
0.578360167699484	0.403907234874532
0.320243888376337	0.438915487248198
0.708418709623725	0.923596379562187
0.105491470104431	0.775247018964786
0.382707538172302	0.102502862713882
0.165549699954118	0.391031968731208
0.092927292243793	0.499979273066851
0.277158668794939	0.350340312661217
0.217732217213542	0.864749328667472
0.584524240946519	0.783723335197131
0.601432485180309	0.132831741388149
0.136412301598213	0.197658023842996
0.386990135160040	0.883728412884224
0.858581932461490	0.313256566718513
0.962107968274995	0.293828987584875
0.362766170260209	0.461396334334602
0.817930357953983	0.351746691239939
0.036713847666214	0.945064233137542
0.497314868144997	0.574005553166849
0.440376777071594	0.082877621539607
0.365079937820574	0.347671128890401
0.247196219919062	0.230130184728217
0.547222512435918	0.054650880641921
0.587914349415320	0.490657013489552
0.261525436132570	0.775195807631872
0.844591067136403	0.662315996517966
0.220262700510272	0.525043675332573
0.057694031637556	0.490634222861993
0.390849977124215	0.130647928950062
0.927050623094442	0.194690788908557
0.829712744529758	0.416233804173822
0.118572120116691	0.358845424223422
0.231332022284933	0.492666789445250
0.567115076949614	0.838737464705188
0.857690277476257	0.228682751122090
0.293241416638075	0.417568512590967
0.897802364290180	0.017600929135829
0.486474506903085	0.222336245286822
0.867504074440222	0.506531154156321
0.057103532379750	0.888763120604857
0.268709729721004	0.791586691930794
0.816123590528994	0.844642176489495
0.758816133197121	0.183614471737206
0.561897332445229	0.467383223461775
0.077353276796023	0.387439881308805
0.851297722629108	0.963374917154055
0.614967942846699	0.786690246031315
0.744068110534937	0.896720030320976
0.692792319388313	0.944161599954628
0.276743776927875	0.878784199449882
0.032118553768871	0.261733747846851
0.974938388908035	0.753359819239322
0.556518669835413	0.428166841722132
0.350725901860447	0.777313541103460
0.141468472113243	0.627377837576759
0.893136676841680	0.463343726346116
0.047248086903069	0.340140789360772
0.036763145596898	0.874801156314742
0.768213864129086	0.127235151158468
0.519300763150514	0.109115155206322
0.627201876283437	0.827988991240968
0.613452999995428	0.189627320782660
0.904109057482357	0.084109879816908
0.617009158622708	0.431390121446780
0.066279690495292	0.449112566059714
0.500228916644172	0.122484756196496
0.705975994166447	0.388489088366853
0.795841706869156	0.968734348651193
0.626138766209162	0.844734995356932
0.898099311836553	0.616212451973979
0.024930475983985	0.681733856136383
0.696197026105643	0.068952622606641
0.374050099024095	0.265683685724084
0.113733983625130	0.666741189702121
0.741990382024550	0.153839392390530
0.304296702450210	0.283727459442738
0.512025667473680	0.916916757104201
0.001670274418236	0.285786735426119
0.603490686883100	0.810214962300429
0.320946343085018	0.863363736277298
0.840529967760791	0.334921471619727
0.193352476738708	0.764228456133098
0.632446100849762	0.831131981413609
0.689047280859446	0.213248063626990
