0.9882399692527806 0.9455877000232903
0.0389063236145730 0.9918761142499357
0.0169297052376360 0.9567030895329203
0.0390362076650123 0.9283191312811271
0.1632940336248134 0.9610127693489711
0.1753512791069780 0.9316466807012396
0.1412319456084198 0.9409051322378637
0.0903626268757896 0.9670708874952952
0.3364812055725238 0.9407446198819884
0.3191069064762971 0.9596935845796928
0.3605810895156447 0.9717416709956592
0.3967709007854809 0.9588344261338497
0.4442308861259609 0.8977850472178190
0.4228111214020606 0.9452325711960388
0.4385856697880162 0.9255984175459891
0.3907279014330442 0.9273888536972144
0.4586814266921414 0.9517859786395159
0.4563956832079305 0.9826247034308101
0.4887866976053467 0.9607493539828429
0.4729692733430644 0.9209941797093261
0.6297647454841461 0.9023202080489305
0.6194429791209383 0.9377525330021946
0.6019717510353827 0.9782594073583997
0.5986560794614193 0.9142598313408908
0.7818171276858024 0.9493875603406430
0.7569474440557371 0.9254498449304162
0.7918918795976441 0.9812217758990880
0.7515213604550771 0.9591880881487966
0.9201569175231173 0.9467816073810139
0.9760188845021197 0.9853493214419704
0.9458439810567386 0.9250877498299411
0.9350871113068552 0.9753824573319920
0.2938160554788606 0.0159467018475670
0.2963219627901534 0.9785411727413696
0.2483969323106291 0.9682294528086675
0.3247538518126445 0.0086085185710430
0.6896402132404905 0.0078723280991674
0.6614583924603772 0.9832542638956722
0.6331974123158060 0.0013171614470288
0.6340697305310706 0.9663104996013199
0.7233161567745782 0.9807468428710779
0.6797370869112465 0.9181496310811583
0.7279131631447419 0.9434240046071517
0.6990735780759032 0.9443939029523982
0.8589812596387972 0.9289024718362957
0.9179722891186075 0.0072008567164949
0.9013400459890429 0.9784257066986330
0.8709161796192321 0.9846941508472467
0.5433836247530310 0.9947707335786942
0.5067159247164490 0.9874212419946810
0.5537242978755705 0.0220789316686520
0.5148933276130558 0.0163847939101962
0.0042463188001560 0.9807562127137999
0.0035853392722779 0.0405339808390246
0.0131541275017611 0.0093899684543380
0.9802060776496956 0.0183372724317740
0.2359872077771153 0.9974841702766840
0.2177705141689527 0.9682108810450061
0.1913106699019690 0.9777786429113478
0.2682740809041745 0.9943804617101990
0.3908573465776716 0.9875191937897596
0.4498513241993615 0.0177413620739382
0.4211096589947880 0.0059566217676448
0.4260158597981730 0.9764580854011324
0.7289911966562621 0.0519912323664291
0.6867656936854768 0.0437460915316437
0.6701526787057065 0.0794949759601806
0.7148228392312813 0.0241809139171345
0.7615524822071933 0.9849002313062072
0.6954608145676221 0.9786681076764370
0.7569062269942174 0.0376127148180457
0.7410008813963799 0.0085645671647515
0.8959243482383691 0.0438441391607609
0.8841489814597576 0.0140060840430821
0.8548572154512246 0.0293625306355664
0.9218550159828867 0.0382557992329270
0.9548634073377856 0.0368468819283108
0.9380531893549684 0.0650185194619706
0.9471751327435771 0.0028215180101085
0.9658133718863708 0.0877230077840682
0.0484916565718675 0.0224400220789276
0.0851169392630995 0.0154625946492323
0.1202983091427211 0.0259318815334355
0.0614890536879120 0.0487976601516556
0.1342984676890190 0.9782854101672197
0.1685440991756067 0.9966138752125193
0.1435673264595850 0.0126100679117365
0.1551917706508697 0.0451803369189221
0.3928113640888362 0.0229986663159027
0.3520961995447897 0.0320304806454653
0.3630221269435709 0.0047232870893520
0.3339848278635776 0.9837648765515196
0.4569661228394519 0.0494642471899953
0.4695828734161253 0.0750539772791654
0.4843034318798659 0.0343051823960843
0.4784736233618939 0.0028460015970794
0.5476868044061298 0.1300291226820800
0.5006778335521325 0.0929243003562890
0.5158228998312926 0.1189337572096260
0.5006340458385934 0.0600646088934691
0.5807419191766722 0.0387064520516188
0.5990446000191876 0.0644033986032135
0.6019926637166382 0.0150087180551390
0.6234764616430021 0.0335008761832171
0.8075044753791567 0.0700063531748807
0.7388479930089258 0.1153254949756782
0.7383744896021885 0.0802835443976437
0.7716989523286857 0.0646767064764893
0.7800963996098209 0.0148926597168380
0.7964524357260945 0.0428128669532706
0.8462184640237326 0.0822837670790556
0.8331013744801978 0.0517175703786201
0.1289840461202555 0.0615175264890913
0.0796683750139683 0.0740975026894178
0.0968791895606885 0.0462403233825817
0.1086106990784601 0.0837334880437943
0.2555889765524626 0.0265958865137649
0.2464032493507007 0.0585487959475740
0.2240058012297671 0.0332196773647391
0.2327797024465181 0.0862629920053723
0.3209560300683233 0.0425840670874026
0.2818841175635646 0.0436206860458626
0.3009175176779044 0.0688060103734778
0.3405967199154230 0.0698343218911900
0.4328244614771200 0.0725130910098736
0.3965331611806261 0.0579731577447062
0.3698080969535565 0.0862757486685519
0.4240608106375757 0.0404621629855614
0.5300985728959557 0.0411645635603131
0.5747896573374826 0.0883521541541630
0.5295527281203839 0.0759716022046587
0.5585074830214793 0.0603722369485831
0.6599011384072303 0.0201993781141846
0.6106067396936272 0.0936810805217781
0.6555788827403690 0.0506858994298323
0.6310969500192741 0.0658077476551120
0.9752001842738213 0.0592900850645106
0.9302685522843346 0.0884210524234882
0.9577759277251241 0.1167709905053463
0.9074383388032587 0.1152021439001209
0.0443232616313642 0.0784896584250066
0.0079986892328031 0.0744910665666512
0.0310187036822142 0.1063052695890742
0.0288292835104703 0.0465009548915905
0.0670045743001024 0.1021616419097749
0.0824939783317286 0.1732733881400864
0.0747268638476839 0.1335451165435464
0.0410672754589921 0.1317955477070430
0.3944798587997529 0.1153693765827255
0.3693931415171995 0.0530663821046492
0.3343068921407594 0.0979903688141341
0.3592968794178495 0.1160224088922808
0.4448166165206349 0.1381246606178651
0.4547550836832294 0.1020593034810538
0.4700602051257261 0.1500405126457282
0.4795140869491853 0.1193674521481681
0.8726417097663799 0.0924704683162761
0.8701918923945190 0.0595598030243744
0.9008477674806770 0.0801810846013302
0.8816265822102419 0.1238794951561358
0.1409635664480041 0.0946421709180727
0.2043872573719090 0.0080336175135339
0.1817805666191895 0.0303982203761583
0.1684650866610169 0.0751675081384283
0.2699914024236719 0.0843236310382471
0.3033378392196433 0.0960142113163424
0.2278641497298675 0.1435975705027037
0.2733986177057419 0.1160940400180335
0.7006378656462067 0.1343154679212203
0.7014343053344315 0.0698590314254947
0.6474249534842578 0.0969862465477688
0.7101763845887987 0.1009989827302455
0.9052205165176487 0.1544034427001434
0.8728444308878951 0.1559996856942230
0.8787466581936858 0.1898783419098283
0.8533765033471881 0.1245326151008797
0.9977119976829973 0.1287045526405759
0.9701404423965136 0.1445964933339693
0.0160519567469385 0.1514985835831965
0.9955276927658946 0.1004728426116996
0.0064129757148418 0.1945915253038361
0.0338246983087345 0.1821972882440168
0.0760980053729281 0.2044814685718258
0.0547157780175796 0.1614890582222357
0.4047677791910776 0.0868931015569669
0.4089442525859871 0.1425745967098397
0.3711636441939515 0.1438217078874142
0.4256325472306074 0.1110123869430305
0.6750221279029076 0.1602320551719643
0.6265814772935356 0.1213132688474252
0.6802854526536636 0.1098827040922438
0.6598385564215727 0.1324751690998612
0.7659177156785066 0.0968112049063320
0.7934143725988626 0.1039066483224504
0.8225684858751767 0.1011115617328585
0.8283258426886310 0.1341034091392710
0.1608651794013735 0.1405780387593537
0.1013646762666188 0.1131222419284946
0.1318612341836050 0.1215986946920051
0.1715015514775668 0.1079516333832092
0.2047520215785830 0.0571276293443628
0.1984317611262061 0.0851922917417278
0.2423063672564326 0.1143544942310861
0.2069437769754329 0.1154683563685515
0.5753302339232824 0.1354927768215879
0.6034314232325033 0.1535400993747654
0.5906649266176349 0.1169043825215297
0.5461459775376408 0.1001341846905808
0.9087710346534861 0.1815127736183237
0.9632582535091636 0.1839129734991770
0.9401050397656421 0.1603701303349445
0.9315548078647838 0.1311031714069012
0.3703962230744132 0.1721561977129885
0.3921998532274356 0.2044939195648306
0.4247300391492125 0.1685702506394792
0.3970751552890879 0.1745230208870373
0.5118800630232921 0.1794254567888898
0.5024509899609824 0.1469056832596819
0.5408116570088416 0.1880634260115678
0.5361440207406679 0.1553677281055467
0.2562073515374587 0.1475929592422912
0.2993671983716217 0.2008765136861215
0.2734969392245247 0.1895960325828353
0.2803724423348740 0.1583068055601491
0.4515046520545310 0.1746361312229660
0.4854209495756969 0.1812836828828309
0.4292855962525158 0.2035246610748191
0.4629821495975708 0.2049917862067590
0.7997081513265385 0.1421030781240150
0.7296503059982822 0.1446523934463643
0.7582282240226894 0.1581630607510627
0.7699181425593384 0.1295170458294669
0.7814313093878545 0.2046121521995203
0.8173411829700123 0.1682708758953370
0.8448410197813702 0.2012850403623690
0.8474586113162118 0.1683278212706505
0.9899168966692904 0.1679032735148001
0.9366289544954498 0.1981327769448160
0.9464690140223351 0.2274325480089661
0.9776550686452811 0.2112443105806043
0.1744134055076853 0.1720799027049831
0.1326009870093649 0.1562310652243720
0.1422612454004135 0.1857847319529267
0.1910633748948548 0.1405687153923309
0.3368666529584275 0.1620289755526485
0.3303373500037063 0.1318533413526697
0.2993507929313031 0.1295900065473339
0.3088727737235043 0.1677530363502759
0.4087505293096314 0.2291796534482826
0.4599985066695910 0.2957829410713668
0.4389770098926759 0.2381379772491967
0.4697557749604357 0.2362659336145613
0.5211951234544804 0.2608428859497585
0.5029983766049277 0.2109736087149736
0.5343816552224441 0.2197248391376818
0.4995005202756001 0.2400484344940752
0.5679443514716199 0.1649806237715264
0.6363972826814085 0.1513564182591310
0.5646690993585517 0.2094810595350037
0.5891123827183181 0.1844794904610859
0.6228481890264055 0.1851560740760491
0.6562407284697022 0.2150160845247127
0.6519206460865918 0.1810654772695692
0.6824973299760654 0.1961708408128334
0.7185343541558243 0.2267654004116723
0.7403819934927630 0.1815572535310013
0.7142532446198535 0.1977821032769320
0.7061047547217261 0.1677967971573952
0.1546782924384462 0.2205833706604044
0.1251745718525948 0.2145388021811252
0.1032659922122627 0.1472404335075591
0.1100853585580196 0.1869773535586565
0.3280486038600825 0.2019562565929644
0.3397440143695374 0.2336854789454665
0.3567969099457489 0.1999892585746031
0.3062454373224410 0.2338894437456071
0.9248645959887326 0.2458162696635158
0.8945880741292027 0.2506838786840762
0.9099983900476721 0.2150191118005658
0.8781208936712402 0.2184654718300666
0.2220345373012632 0.2281328678732223
0.2080647682784339 0.1680461332381465
0.2414519277065201 0.1791789242948675
0.2098924765453604 0.1990343679653367
0.7470976403225067 0.2414178329338811
0.7518128110687268 0.2101672956838233
0.7826559661910613 0.1736425673130525
0.7807823840239966 0.2371885372650640
0.7749628544378062 0.2665816728944733
0.8015657886246461 0.2870443960608782
0.7694088256226770 0.2961595142264674
0.8097358093598604 0.2578492065662457
0.9840281722377923 0.2770896759174508
0.0077354231091717 0.2273251002722946
0.9797981057025799 0.2432808405996927
0.9535317091293694 0.2637489321300794
0.0662284474235876 0.2417104473291237
0.0116984892355699 0.2613005947112555
0.0503385687973240 0.2061405384715629
0.0340914195568543 0.2286894637264668
0.2483176091132940 0.2105975100453716
0.2386811249486771 0.2479154306998277
0.2731389046681941 0.2513307564025514
0.2741139814774726 0.2250384486276848
0.3835124289024848 0.2619783063813024
0.4505901974338100 0.2666617841846399
0.3726308850486723 0.2309714188535855
0.4153596385165660 0.2631562321324961
0.0426467907041838 0.2643419231321552
0.0336701125047263 0.2975171630922225
0.0631242084304963 0.2946524833278594
0.0444262504955630 0.3280435803828397
0.5123522123345097 0.2914105768687882
0.5342182073134923 0.3125986375943413
0.4839360643618792 0.2730184567905747
0.5680116831830584 0.3043211182584508
0.5813019879990440 0.2418074718366467
0.5953555186221176 0.2152668939213654
0.5488871364506902 0.2450877518396114
0.5448280333033930 0.2788671792772668
0.7385030301216859 0.2683675357618364
0.6608438095901684 0.2445043562567350
0.6882219972345684 0.2314986524041913
0.7060234814771221 0.2602329147119422
0.8133357798975374 0.1993832798215354
0.8112721276118818 0.2298304157397112
0.8413608770783481 0.2325676239778371
0.8623565060534801 0.2479053028334565
0.0804815723492572 0.2676189392289220
0.1186300266081490 0.2452594238602232
0.0945195028116558 0.2287644426721889
0.1103408086960765 0.2728851696947281
0.1739332273973314 0.2867507220762455
0.1917475312506239 0.2332494465660404
0.1787825216744106 0.2022936578490907
0.1635862651628858 0.2502250791981924
0.3688286842771294 0.3408857436589403
0.3167889389943184 0.2634898025648185
0.3214446767857448 0.2941523496913595
0.3486443512308630 0.2618858763617373
0.6473318371229093 0.2724934134742329
0.6270504550537908 0.2152533446672286
0.6113787524597893 0.2691948282453468
0.6229022830431649 0.2440003500283087
0.8828230299086745 0.2797647151447908
0.9187435427207183 0.2795228541165647
0.8958200698238956 0.3075614240923060
0.9299143877098190 0.3114676887959097
0.5113565502730433 0.4061023557542806
0.5717352320837590 0.3263480564643843
0.5411692264602241 0.3430803844680911
0.5438994780178212 0.3708588697891630
0.2014864114073794 0.3079791330990121
0.2341759338250957 0.3046443221026092
0.2173260581548695 0.2755122713758581
0.1948535554728836 0.2637813714049163
0.4883417295600767 0.3128902978100420
0.4542305030443987 0.3271100350873065
0.4846054239056808 0.3511895811333473
0.5111004171697829 0.3370768896678096
0.0057728358712059 0.2995814071957453
0.9807424690163492 0.3171032842461926
0.9917151028775915 0.3519922984889496
0.0147010964791518 0.3315173486581370
0.1661153932541493 0.3158775077421145
0.1950618961944024 0.3390494140671844
0.1336394169097112 0.3010673930974486
0.1429334540028348 0.2724478361513548
0.6798357328944011 0.2734806931844595
0.6779525724365142 0.3003111871413201
0.6714639647660933 0.3305329322037032
0.6324999266211364 0.2974423774842292
0.8584623323888281 0.2936352445580606
0.8397194907459170 0.3326496468121805
0.8708533670072375 0.3255146445436028
0.8388848478473198 0.2699673517198881
0.0703784143661385 0.3540428825823199
0.0473268890836172 0.3934548145958706
0.0791218110865208 0.3853409095905463
0.0426571822854913 0.3610208711234914
0.0759533632882866 0.3241143880213891
0.1356044449186103 0.3630506381873342
0.1130901434673662 0.3262644598308137
0.0988936058364811 0.3015627131858133
0.2879664213322193 0.2792477665866275
0.2539878776880084 0.2763267446134285
0.2949906213422768 0.3088898219351546
0.2647803908224493 0.3093444334188114
0.3857748461531907 0.3133539755682480
0.2867836794600647 0.3411777812798146
0.3890204031771369 0.3656010591055057
0.3203111416430955 0.3278241698074812
0.3634043505852975 0.2862587220646767
0.3497565286886181 0.3140381400342306
0.4288673983767653 0.3093875270903157
0.4055880375980346 0.2901256643732087
0.6074342683167169 0.3314306051906463
0.6338794748552544 0.3466026034352516
0.6000504052505209 0.2998136391870785
0.5781610546228138 0.2721394143964804
0.6624042191480243 0.3621044827505506
0.6844891737127469 0.3873293732334546
0.6559553536638044 0.4037436000832254
0.6444303792012963 0.3165237812950064
0.7275736739368578 0.3351280913944453
0.7411887071749435 0.3072580370828983
0.7026931995790985 0.3213568579712351
0.7143481587309508 0.2925762163516445
0.9311764408237053 0.3582483363137160
0.9551737979283048 0.2951322337840114
0.9537036282331882 0.3323836253087769
0.9121777687313015 0.3360459471999361
0.9801986459115634 0.4220049495855225
0.0143637358706898 0.3697620171389573
0.9828621995357858 0.3931302972835177
0.9671126811116356 0.3621568764932527
0.4506403623145041 0.3592960676488908
0.5120349337690754 0.3740329593154536
0.4799609346259747 0.3848713035797079
0.4799290233290447 0.4118760431319617
0.8842369695390406 0.3540294468349065
0.8737422751316196 0.3890183849229595
0.8536093343892698 0.3618627092466558
0.9048623252912288 0.3775293009692066
0.1703879307295676 0.3548995656410505
0.1509085701456543 0.3923732564100225
0.1792319307718111 0.3803666591352434
0.1438014407880538 0.3346715113149960
0.2496313186373718 0.3688653807344144
0.2386474232545631 0.3958745008848425
0.2159951145544075 0.3651056140487621
0.2286215343394890 0.3351707069535863
0.2589371789347877 0.3410358890780484
0.3014305294308920 0.4067863438450608
0.2833276817397706 0.3769044541989893
0.3112528316014023 0.3638958462898015
0.4161692538270939 0.3904057843223378
0.4088798142723358 0.3327703620225864
0.4218688188083624 0.3590644834595093
0.3877265307823474 0.3993153221293609
0.6851165102676793 0.4211205828773742
0.7164313231820687 0.3759104988305345
0.7134822237941545 0.4148017605119657
0.6888320720509317 0.4553331665623507
0.7962014272026759 0.3175738208647019
0.8159958404746176 0.3473001939924873
0.7815555482201231 0.3480902191519441
0.8285763189059049 0.3044090996459900
0.2814818604929487 0.4337036775534394
0.2685047197942979 0.4051287007746133
0.2260155000979433 0.4236991694141190
0.2520239735619321 0.4375350346792515
0.5760467605862105 0.3776299229168324
0.6347069709289171 0.3824221526305572
0.5803538873204634 0.3508937158145648
0.6091669480957885 0.3694425419182198
0.6958604685371252 0.3532166049226694
0.7607339237297507 0.3326250665541067
0.7438843179073210 0.3621601961331190
0.7382510183977311 0.4033071423301342
0.0137208417825329 0.4328767744695253
0.9508447589195420 0.4870427820262751
0.0142492017028709 0.4021795643165685
0.9865156504308400 0.4518331199501359
0.0782403942189564 0.4146564136757686
0.1117518875826915 0.3861893216810444
0.0436766878845803 0.4541866172108003
0.0467204955980487 0.4237929804149023
0.3289328321570186 0.3928815296252008
0.3276349728559412 0.4251094057869012
0.3446178702891410 0.4491717235668286
0.3068717597292878 0.4522531599108087
0.4483083820141427 0.3928409538387026
0.4033032406066593 0.4522752317220291
0.4141807903158157 0.4229743402789913
0.4453901606471092 0.4241953618489230
0.7134338888487375 0.4798213389115931
0.6791243964343427 0.4898412037951672
0.6607819844552674 0.4507895413852902
0.6485721078112459 0.4794619572530173
0.1029719016441356 0.3551246240616482
0.1664137209393290 0.4177699412553788
0.1011905216037678 0.4342579041920873
0.1227743683732354 0.4107900942361348
0.8293840001405379 0.3803805112711706
0.8128432996661284 0.4032651527339446
0.8499539148472482 0.4080441098614854
0.7946012099144875 0.3736106665676318
0.8104840744716786 0.4673966233717001
0.8434125306558556 0.4662245201193260
0.8354156580112873 0.4356953454749881
0.8947192488320657 0.4568609627444344
0.3394917012936316 0.3507166842767311
0.3578944777775955 0.4105060209111943
0.3775884751059485 0.4363461710698193
0.3581216016357795 0.3775679641374050
0.5441627408993941 0.3992948136405275
0.5284933416074360 0.4324738928549169
0.5472464554087495 0.4589425819484807
0.5628558724366063 0.4234998879431360
0.7630732241400480 0.3829421979295886
0.7437318611720702 0.4370759667467373
0.7733323765304581 0.4398575290407306
0.7795769271497841 0.4099366218774789
0.7985871970316438 0.5001945909583888
0.8056564545203253 0.4350489241256356
0.7629512318416262 0.5009741507658201
0.7807366810055986 0.4700145286192584
0.9198706523318282 0.3999313990684445
0.8891631290231340 0.4175763930373779
0.9502243797817764 0.3870228875137188
0.8677815843272111 0.4410083632750603
0.1943804671113296 0.4252149701779798
0.2097225762598312 0.4551550206480582
0.2050720720554352 0.3945953185166229
0.1717636737774681 0.4522855121674693
0.5794057316829547 0.4503462662080108
0.5754656830615417 0.5084279230498656
0.6209871378768657 0.4678470973974693
0.5868349864430951 0.4772671046631946
0.6407918416199651 0.4303909386100048
0.6142287222883158 0.4085000163097349
0.5868863727619468 0.4051137638334951
0.6093497263145546 0.4395018651978578
0.0041084525357440 0.5031625566137129
0.0346630476641930 0.5265080389787011
0.0024010026605283 0.5301755409916254
0.0163379188268646 0.4683620085619316
0.1425163084659294 0.4363118322203845
0.1193370206218015 0.4569049628719729
0.1214862031842315 0.4905546242748114
0.0907330724601162 0.4757617054129188
0.2373184506410076 0.4658682007624360
0.2184748458680454 0.4938713241227950
0.2737901099665188 0.4635107609779238
0.2549319219880530 0.4940086965080664
0.3044280354255521 0.5035071562986851
0.2921679587665760 0.4847187957578295
0.3346791625099149 0.5134607806286484
0.3288954728066742 0.4788268424863755
0.7331233978040177 0.5054555190295550
0.7464874640034886 0.4712371655014941
0.7579365994317449 0.5324583924905614
0.7172824458754283 0.4476043990690344
0.9174745454104338 0.4353479600644083
0.9257700186405897 0.4675784092089737
0.9543437942288698 0.4505500476931843
0.9476623891397886 0.4213251688272458
0.3927729937571771 0.4822727649567894
0.3596144334212898 0.4975258214721757
0.3662888710607277 0.4674382211473160
0.3852883540522046 0.5168712175476603
0.4682380020231151 0.4481431130247402
0.5157532935879033 0.4654755804188471
0.4951540344817317 0.4401468234599558
0.4844587342778608 0.4758506559819499
0.0628394957221903 0.5264040427204574
0.0734898813982117 0.4504281796390036
0.0359416624097067 0.4937305260519867
0.0604106062544403 0.4861224119284490
0.2452544204284015 0.5525529808637972
0.2734772434075319 0.5190671742307109
0.2139334637505587 0.5441688949751790
0.2370167235425240 0.5222105348133504
0.5648303471104872 0.5393120176133275
0.5504953846112798 0.4899259292060726
0.5174125800082379 0.4983988280412231
0.5375037384931433 0.5218764835806331
0.6308607387121363 0.5323530229095410
0.6571541197731398 0.5573548812935470
0.6497172951716763 0.5087319957593947
0.6125991246196665 0.4981233510576971
0.6736299352719743 0.5305175077752035
0.6736006500567785 0.5854515282009116
0.7198924154159766 0.5349083268911276
0.6984902681926781 0.5125519491997687
0.8777363647412182 0.5141920715986338
0.9022588662432440 0.5292023955533761
0.9155156895825927 0.5572765747716890
0.9007039252640944 0.4891173245397423
0.0898267958233809 0.5086084769780367
0.1183877161176002 0.5483466308596653
0.1583213632854192 0.5268208832583530
0.1251942198811572 0.5186865403994630
0.1956214617582067 0.5157434332655567
0.1487270782456344 0.4741224180052986
0.1651574288427258 0.4997220443769645
0.1902853228508668 0.4794261003326760
0.3355135890633156 0.5551611699415339
0.3588771376979753 0.5347470501949984
0.4090505925188145 0.5404592275080644
0.3759228087022939 0.5584467179716296
0.7448028563087435 0.5594966556551142
0.7878212522154370 0.5321511200912503
0.7816567388440101 0.5610696400609937
0.8201539327799290 0.5254219305641002
0.8342479921947442 0.4967594657891579
0.8672103517018670 0.4803058936554251
0.8469255411028932 0.5527395877196476
0.8541144261204777 0.5227767457059288
0.2776585667181743 0.5472509958746191
0.2749361414943948 0.5787053576056791
0.3088250235263494 0.5381693431053751
0.3044650103274448 0.5731857645930597
0.4565964481146579 0.4869767117699642
0.4464279871589927 0.5178163959999740
0.4259942212067554 0.4844030054340792
0.4373583564134457 0.4545562430085203
0.4927551861007644 0.5636404479908041
0.5428248096571836 0.5995361375556336
0.5168867928565136 0.5840472352366348
0.5340658972044352 0.5554242038417700
0.1508183174560069 0.5821954303011549
0.0956855348435803 0.5980378968527571
0.1152719189842088 0.6272622779227836
0.1218595273702743 0.5819048309820546
0.5617767164875298 0.5763661316658671
0.5911099000162743 0.5594302085676708
0.5990379513530819 0.5285243957080669
0.6016320722023916 0.5940236780888581
0.9391398306151187 0.5321760402814706
0.9697734531788507 0.5121373812853663
0.9270017638998082 0.5051864550489452
0.9828917044743521 0.4792457772255310
0.0567038091660126 0.5585273751888611
0.0898286684026617 0.5403893525289082
0.0878893277256745 0.5690819213587733
0.0243140411354526 0.5599474213151709
0.6714013461123574 0.6167132983944092
0.6214653006013799 0.5633281284155311
0.6392308850295081 0.5874566207395772
0.6923998496825289 0.5594190824811014
0.8568388367448673 0.5808484974899314
0.8928519751073544 0.5801727921011881
0.8791499621113141 0.5517168002377225
0.8240618313781791 0.5864278470357968
0.9678708632743240 0.5456102553981286
0.9950849696756136 0.5862766368809885
0.9925092458416651 0.5583255053276115
0.0282731604682780 0.5864889574849210
0.3545463861492916 0.6243802806798120
0.2950287965424354 0.6064674929471164
0.3653716016981937 0.5879892450157627
0.3348295900528834 0.5853855123480912
0.7749770926339532 0.6164646955007546
0.8142116171158829 0.5559781677048861
0.7575597195937001 0.6351380142260858
0.7976598639000683 0.5920439626682411
0.9634514274496154 0.5935250926553710
0.9398025838544664 0.6197824535982317
0.9476594610331605 0.5678391180618709
0.9235889214927733 0.5903046259619036
0.9596167031821399 0.6448878219980037
0.9787637265593931 0.6185071553003444
0.9852219182505237 0.6655677450368299
0.0143254380095101 0.6130652045136009
0.2088746382027991 0.5766004523810255
0.1798396907617080 0.5806847940673796
0.1826043224602755 0.5476767044618481
0.1487792092413946 0.5531188380181024
0.2242800123676237 0.6165861854893866
0.2481043427906119 0.6331104248076611
0.1961698834909033 0.6097706351631529
0.2365129386766772 0.5829744659594190
0.4156359893137612 0.5120700197657707
0.3918648220509724 0.5992331163318363
0.4412015342490410 0.5516031986325495
0.4051591364034552 0.5678555226764983
0.5068080653134521 0.5351702143528825
0.4866115864667038 0.5062848737839299
0.4615103251066989 0.5710351939781367
0.4736958477084167 0.5354692435404860
0.5621193394862960 0.6664545676649231
0.5781270201411973 0.6068391524020501
0.5747314490971578 0.6351069589323757
0.6107547484893372 0.6278626989656546
0.0606546713389504 0.5922634950093721
0.0246172118525263 0.6493054744984769
0.0467158041291678 0.6189027002199969
0.0812353632798461 0.6263260512023859
0.2532096118430048 0.6606468223250684
0.3258631828213875 0.6128717977065774
0.2818042790465987 0.6335048328344309
0.2601180894590581 0.6046602550760151
0.3147089997174636 0.6796292790807565
0.3162353851743921 0.6430167959444202
0.3416749532607426 0.6549224275210731
0.3494362975129285 0.6877094084363368
0.6300832188447884 0.6539509660117053
0.6397547239730358 0.6171493984570726
0.6637911181677224 0.6493098987727882
0.6444971865790631 0.6789946154362299
0.7261828533212481 0.6377173151588793
0.7355448380777527 0.6048252818708135
0.7619882156453193 0.5876209155909926
0.7179310837288801 0.5755750055392552
0.8074084615824056 0.6238871926133996
0.8402537241226700 0.6136486441161917
0.8443613228100975 0.6495198040465728
0.8683128366374493 0.6335603580816080
0.4525646329082134 0.6025967313924880
0.5149781038181195 0.6211670620795721
0.4275041013953285 0.5843063399822206
0.4865437478101183 0.5973575641590629
0.8086569182335424 0.6493791827083747
0.7822430269068400 0.6600125599993570
0.7986843183004255 0.6886048609034386
0.7520060158902964 0.6663709849596846
0.1358276654839589 0.6156065198971895
0.1859396066537017 0.6394716939081517
0.1572186649185153 0.6486163431722627
0.1648512737236390 0.6148184670750371
0.4191463708194941 0.6149225606400358
0.4437115790859792 0.6372475272432088
0.3817058227641564 0.6307919443037779
0.4086809236390937 0.6455177027375952
0.5967421818965388 0.7152347134583249
0.5753513091258865 0.6936955227047923
0.5956307261120712 0.6580719392043811
0.5302931789115519 0.6644108035180002
0.0547239466780762 0.6466477913066921
0.1250960521902920 0.6539164994111383
0.1200093819156371 0.6845404528355064
0.0932744680669720 0.6577382037481491
0.2305422566939261 0.6786030847101704
0.2878769282890889 0.7082847512913758
0.2882723034504752 0.6640955288784625
0.2676866941592218 0.6887121591899503
0.3724875936766746 0.7568976184799839
0.3292773036892450 0.7503049941019961
0.3260445827930566 0.7092571673005206
0.3542012854932019 0.7286255986812206
0.4695004325900548 0.6592907981541349
0.5001168774245054 0.6467622297212230
0.5443778827976307 0.6342988647908563
0.4948527853044459 0.6777565318978024
0.6024542371394459 0.7451163677424973
0.6108570171301350 0.6831808621197729
0.6273457265063656 0.7086633709390814
0.6331106771150354 0.7421089382593571
0.9023941819655230 0.6873822226049189
0.8748498498739328 0.6678407926746179
0.9132864354803502 0.7226582674287352
0.8824646867713074 0.7093822872948680
0.9297675480469264 0.6541627883991582
0.9009053922095870 0.6484959373644156
0.8767378056280176 0.6051943205727922
0.9063241973648346 0.6192687961759672
0.1514894231271848 0.6809070108398986
0.1489531804413421 0.7156666493712369
0.1187118778606115 0.7159927542684806
0.1755741801506764 0.6918907193958904
0.2431127979161826 0.7081417848877232
0.2072298173853014 0.7017200887299126
0.1952665620589293 0.6704867843401910
0.2186684840055183 0.6482224904605682
0.7032207252726319 0.6045123618940436
0.6859801387749331 0.6725530160641220
0.7175652855446001 0.6712564310776449
0.6954137160766675 0.6393403018581655
0.9985351908909091 0.6413090497105026
0.0603476912333596 0.7052555793492423
0.0629247062621590 0.6749602081456066
0.0294742297232910 0.6791892306706452
0.3992828589545140 0.6769205647643308
0.3712675936137186 0.6638834720860396
0.3739432379120280 0.7055842936847037
0.4036017734797027 0.7074580729030098
0.5166872009948800 0.6990297479332557
0.4889924139457471 0.7147871561108341
0.5447983622561393 0.7001310790132501
0.5232404286298636 0.7320603503143631
0.6563020860435669 0.7217132818693025
0.6666639494371716 0.7540875586124189
0.6880891791768626 0.7287852762069416
0.6687721364438489 0.6952359930037273
0.7892850451537636 0.7184058221438411
0.8252432214629676 0.7081091757786816
0.8290942597425071 0.6741893088841501
0.8551015338465014 0.6923924648229863
0.9589592567290889 0.6827798919277155
0.9969698898878596 0.6895621082963562
0.9299993775772618 0.6872105763996449
0.9745165851498089 0.7163734014545716
0.0871416318311517 0.7588391205819085
0.0925592338895728 0.6895976655578316
0.0635804981303691 0.7424151987553479
0.0889549322024450 0.7224028673600104
0.4353701293968089 0.6680716303757299
0.4313819501035285 0.6979075048756894
0.4758434462659070 0.6276550057674071
0.4659790609827090 0.6895055553105185
0.8162429644482637 0.7389086937058773
0.8468337890022306 0.7578640374442346
0.8228394794465858 0.7818866749161717
0.8478814957145008 0.7256386367132788
0.2205273317014910 0.7318357306963057
0.1948252325577532 0.7541437362181294
0.1851140789858483 0.7224062126336369
0.2200158450615477 0.7703645501743358
0.4279902857427410 0.7312955037322594
0.4591841757707301 0.7195835296297252
0.4110784566901890 0.7646573503096702
0.4934319916444678 0.7437787189174202
0.7351242021364198 0.6984402009129346
0.7532735333762465 0.7227929914477783
0.7665195698302315 0.6926010738784684
0.7049819162577202 0.7023648987155439
0.9080875589758067 0.7540571371772380
0.9463183679655582 0.7141718740661089
0.8767413182013043 0.7395307555018987
0.9192935776026453 0.7845352215062276
0.0356558209733466 0.7375497877267411
0.9717206469751130 0.7503063851611790
0.0021177649532555 0.7221557403356174
0.0309941394895962 0.7075097797004285
0.0803530690052505 0.8261635597873720
0.1074125118719906 0.8167730024787889
0.0805950204950519 0.7922001335452742
0.1114838257992314 0.7799132863586199
0.3025912856232904 0.7348190755465575
0.2822653179199835 0.7567156933027178
0.2645290931796170 0.7289358595204919
0.2442419955147040 0.7538933145152128
0.5245098712862897 0.8023881992934190
0.4608706268557962 0.7496594574731574
0.4883301146551420 0.7763618282258348
0.5189253473397104 0.7675058916954078
0.6812867389464908 0.7878736493266123
0.6487569049594786 0.7805510097393750
0.6994920891720332 0.7575963792316976
0.6186486747722136 0.7743647866180686
0.7404814833167781 0.7617458483994161
0.7704938534205218 0.7784449951011774
0.8013361347552829 0.7592968376997803
0.7709672484500854 0.7463428767060636
0.1610856090599643 0.7455852246728145
0.1455809408209547 0.7694634044191262
0.1205473978483868 0.7475197012281153
0.1370439863977849 0.7998706399057074
0.2329163936537948 0.7976599554463318
0.2784700430797929 0.8092971569168353
0.2181218520461278 0.8327039578638019
0.2626642178241494 0.7823647989485835
0.3001221734389857 0.7792650540810016
0.3169933457253209 0.8003213339450084
0.3404757672786151 0.7756627528184495
0.3036622112491236 0.8296655656641390
0.4293828561687765 0.7995049039075264
0.3960275616677659 0.7914997962980743
0.3945546742658485 0.7372675341731980
0.3682001616189801 0.7903816253143059
0.5742288050422985 0.7432034800322997
0.5530032981249356 0.7283660225669822
0.5541820113106758 0.7935100055882134
0.5496236658564254 0.7639411851735853
0.9524396078042591 0.7760623213914578
0.9410181441032437 0.7468475387955730
0.9929562434695010 0.7792932517404991
0.0187394708192533 0.8002495299564530
0.7965678559805044 0.7957042983879252
0.7981333243775004 0.8278448195571424
0.8362571259974376 0.8094097994970897
0.8597374492541744 0.8459127330564018
0.7237306626864646 0.7336018952920282
0.6940474543195223 0.8160619305568452
0.7471094843906352 0.7956070350878415
0.7160881200074328 0.7846865290953078
0.1601289766230575 0.8542934145568869
0.1642675395699144 0.8112209712332138
0.1312388540831639 0.8748304012404192
0.1372819799416073 0.8341793314006446
0.3764910244180495 0.8287945948974454
0.3555062845280889 0.8607894745580171
0.3486452060811780 0.8124555726727054
0.4061649513775685 0.8237629883358669
0.7515443252829652 0.8781347216713374
0.7453197891054437 0.8386365316068365
0.7759151631417710 0.8559390413730614
0.7695038394516321 0.8192022323714763
0.0018614081712632 0.7501291993044522
0.0501112395642712 0.8100455491501494
0.0523378903983764 0.7782980069272252
0.0267401729904401 0.7694489951113438
0.4577218982239931 0.8167928205294200
0.4346046871208559 0.8356453386910638
0.4359166139032741 0.7646380584971494
0.4595350825878619 0.7847322216357009
0.5630489392381104 0.8231900529066288
0.5391644427714466 0.8380979280149357
0.5093839616322932 0.8362376277698849
0.5636254557458215 0.8602646762469591
0.9322130134973513 0.8533381391406193
0.9179729546395188 0.8256349895455167
0.9958775863212606 0.8293522296922137
0.9610087041309181 0.8324201275392944
0.0567458196843421 0.8465079742686593
0.0324479779736152 0.8692570925062023
0.1118441858440480 0.8496930758009796
0.0829576120273740 0.8606459074793432
0.3109614471764693 0.8643192532149477
0.3104227853692382 0.9002690783318152
0.3335339343014014 0.8391819491962779
0.2515691709421545 0.8241006146494106
0.1200224048084186 0.9098852167707139
0.0908114630170978 0.9142771936353210
0.0987165706408034 0.8838053616156376
0.1122137773143021 0.9427829798656957
0.2797794131484645 0.8466323566666994
0.2198198969318900 0.8908450829144907
0.2471397974056391 0.8966927091591229
0.2578159559228497 0.8646723626509212
0.4214901794263458 0.8666558376807141
0.4114599260684854 0.9036279977471230
0.4507619094292423 0.8682740053036015
0.3880593400391943 0.8817756446898888
0.6223794650169355 0.8080310250446321
0.5886085800726006 0.8407316239874670
0.5855275048194527 0.7766479013769053
0.5929251267667021 0.8050637862273209
0.6691763708926031 0.8596130912908725
0.6946024785293121 0.8426361125417527
0.7234926482709906 0.8186947502400600
0.6576069525833322 0.8113342109751718
0.7259595315405902 0.8609880781620758
0.7774138833328725 0.8927036152222200
0.7106267483330313 0.9092970791124207
0.7364481478388771 0.9019722681695747
0.8263496757417678 0.8383116184373259
0.7898483522754141 0.9216099841830675
0.8140396330163766 0.8968216724459256
0.8037707744630627 0.8663946968660104
0.8849022176535962 0.7697277610182700
0.8941892433622554 0.8030974329507867
0.9436521871830400 0.8071601098066005
0.8596976678127913 0.7850440909109718
0.8915449756465548 0.8407883816474223
0.8685526552107758 0.8169311918274700
0.8711556843372630 0.8763729419814981
0.8821044742816917 0.9042457164993252
0.2299974202251392 0.8592097240749443
0.1861185035139670 0.8354046117944433
0.1771936180657074 0.7808419880793048
0.2006458685101008 0.8031769603552056
0.0286761941848260 0.8333187425529088
0.0011560610751786 0.8596704605529785
0.9774841734202536 0.8035753220200823
0.9920412667894970 0.8901476074667131
0.5373947124159681 0.8744966788408359
0.5593040347700974 0.9038526088808967
0.5651696302957249 0.9346947794033861
0.5824509703329964 0.8871124614002117
0.6077497019199889 0.8702632499422538
0.6392670535544064 0.8743625670086512
0.6488145072729337 0.8384056196280908
0.6193656971514931 0.8400179359593130
0.9692386273664324 0.8599159183950895
0.9703533479622058 0.9101564523066753
0.9589671319493123 0.9552007626757149
0.9506386212607402 0.8840968608160648
0.1494432578345386 0.9082864583050480
0.1920058111407781 0.9037036201433877
0.1957949701735528 0.8670884315114685
0.1672646693990516 0.8842093203841582
0.3658501146275880 0.9400005755827923
0.3384922381658642 0.8810853439136064
0.3927418393422646 0.8538603305598380
0.3669461855121106 0.9023982503849743
0.4763496813019470 0.8398373679608326
0.4928068713786160 0.8081346470576238
0.4767669535601283 0.8708726191852304
0.5092119490391424 0.8664946384406725
0.0592499917016488 0.8824230442724779
0.0603404260156014 0.9084906030786889
0.0060463524910009 0.9225535808785803
0.0245995984298334 0.8980246093897952
0.5343836950788785 0.9380337131653136
0.5057655618499607 0.9303865650159207
0.4934615856897787 0.8981749239147357
0.5266075098890870 0.9036632058249804
0.7004609402427631 0.8777700507579678
0.6478004387371195 0.9277985339301991
0.6686505904380339 0.8922429821167942
0.6674925753095109 0.9526147437875696
0.5910097684134596 0.9504660730652418
0.5262032056644436 0.9659530903289124
0.5610425186656622 0.9682332158048967
0.5761610565195502 0.9961150922304912
0.8480207244839980 0.8977120385378453
0.8340825031497789 0.8685190105712016
0.8276077223515019 0.9250562019863139
0.8152523364530385 0.9518745154090156
0.8834982443336177 0.9502846712640239
0.9037875477046571 0.8711171278522370
0.9051811582618325 0.9216760017514327
0.9223042761357650 0.8957257881654949
0.0742243812826690 0.9405711219621385
0.0496944865487670 0.9608790913474036
0.1094926815164851 0.9927758507405614
0.0698146962463276 0.9899991593714410
0.2227346625908274 0.9240892507653702
0.2018139325683397 0.9420981821296915
0.2495430309195768 0.9338014818789645
0.2761548846633173 0.9160776492112599
0.2844056932804649 0.8850588769019568
0.3385351259122109 0.9139607570166098
0.2773295922000804 0.9537201296390838
0.3016739381613610 0.9321603875891915
0.8227306000248028 0.9818773246725345
0.8496652143575342 0.9607796107742872
0.8456906679363445 0.0021483383228223
0.8143219781214371 0.0150764093910497
