0.3698529538932812 0.7504576361076793
0.8966882927551437 0.1244359946945391
0.2055468963216725 0.3633164823457393
0.6776580019367312 0.6007999835244391
0.0337579757305194 0.6700346491452427
0.5205207586860998 0.4020247174602911
0.4378462171216531 0.1316026940439349
0.8108408114586373 0.9936968135220094
0.3907731368282324 0.5579882404016990
0.8167240333073922 0.2874885068963082
0.1139198813824585 0.0330501387917427
0.9759061402729291 0.7157736990025246
0.1339143211285274 0.9054803050206489
0.7176482430923972 0.2389357816196962
0.3000368975535764 0.4834873032149722
0.5962447527660550 0.8230714069463230
0.4999893518729593 0.9669781061613736
0.7591130724441727 0.1799341330195120
0.0285877900228527 0.4322027977180400
0.5538492722508888 0.6376189454652025
0.2268707680064252 0.5893038440178987
0.6286095803150663 0.3311770297489991
0.3164769262196556 0.0780383808376965
0.9190261337486798 0.7867899601250702
0.2616613432438091 0.7264688754902018
0.9472209649951081 0.4394203982387015
0.1652872372339720 0.2101220466870617
0.8532900739667210 0.5109213349626669
0.0657962500975123 0.8517604732837495
0.5687668599015373 0.0093773443201971
0.4243202003886296 0.2791712849548663
0.7468158992873606 0.9107086399217528
0.4069211491393054 0.8435691802119250
0.9946368051696153 0.1882260626559178
0.0811708712099416 0.2970598168841553
0.6899785680556736 0.7477403299230097
0.1005393794392814 0.5295857602002623
0.7265175097213155 0.4956900550651976
0.3784005916137362 0.0180423440555212
0.8394605517287652 0.8729785345571991
0.3284552429279924 0.6104986983039481
0.9330002370383129 0.3541591441536800
0.0624302689804892 0.1583968265207509
0.7789676070654914 0.6747304932232819
0.0042607902599941 0.9731383476031824
0.5316144726702474 0.1514269918529855
0.4705943088993552 0.3893204123409415
0.6488421795482174 0.7677943006439851
0.2916853262538436 0.9320085107324192
0.8745223945530949 0.0613895631763955
0.1462810656300518 0.4655641900986422
0.5924634420214574 0.5322905684803551
0.1825777970776187 0.6902263918111524
0.6210189600722730 0.2593300364642210
0.2714829966812156 0.2240161630542303
0.9549943014560724 0.8768117483589186
0.4654172847665601 0.6491426045520202
0.7887687799922244 0.4150568129238053
0.2376642825565516 0.1054076987876072
0.8833885115784523 0.5712733300288745
0.2019581748161725 0.8078483933032392
0.6652646684563981 0.0803892117452852
0.3445768669128337 0.3270656438162400
0.5019983064612608 0.9405414091320630
0.2787485472504495 0.8664882776500187
0.9672072515399865 0.0304446993975314
0.1724252242590591 0.2523703542633626
0.7329179743914001 0.5197579653182145
0.0860920833954364 0.7398486014446637
0.5817211196773411 0.4602618077662173
0.4214845239982535 0.1956797453951443
0.8666717778928964 0.9287611050077320
0.4792757731138065 0.5693428319133907
0.7727038762584669 0.3194428173410063
0.0110374663207162 0.0931781189691557
0.9292174774612634 0.6413686016121406
0.2444930281424718 0.9524432805945663
0.6422559614171288 0.1688176989601629
0.3366323786264348 0.4125401678809550
0.5393934344807747 0.7975766821020254
0.3848284040914182 0.8872041547323376
0.8311703153381150 0.2301438594995896
0.1089286225186821 0.4899305354486312
0.6156822172153381 0.6981005181129715
0.1527282917790330 0.5400534190166465
0.6989119134036211 0.3097952730774604
0.2826605396747926 0.0496615949474317
0.9904242449262318 0.8282912292389368
0.3587054715409387 0.6845030582590336
0.8775668219355103 0.3785609242433437
0.1922374791565397 0.1431285271403178
0.7901601532770741 0.6178316383759088
0.0491261194542090 0.7777594846270511
0.5122451642193631 0.0950191604039680
0.4544497421961814 0.3451822209304221
0.6569076495016124 0.9816345675124530
0.4489448070348172 0.7954864590602859
0.9106966894586550 0.1392899196176763
0.0449281393510224 0.3367632028872035
0.6356067935944875 0.6604633402822848
0.0178685512616940 0.6025543119522703
0.6821226936591042 0.4272697105623814
0.4845931167639932 0.1136283183666830
0.7569530356962302 0.7655417332894748
0.3048277633794126 0.5007771460021708
0.9797090318858344 0.2727444535806137
0.0752327758237066 0.2482611048735250
0.8259299757424183 0.7300640787589852
0.1202398664900163 0.9215483452761778
0.6018509527005457 0.2149995162457335
0.4036713775056136 0.4518831716510670
0.7082639911232369 0.8442073712763342
0.3263374786758969 0.9846179279418418
0.8005219411906159 0.0675514018906198
0.2199975699297035 0.3934873801089625
0.5308602548713952 0.5798372642579090
0.2173583100093573 0.6318436698876406
0.5596661424175271 0.3701672131384165
0.3644438387326414 0.1734255405094678
0.9021811413769479 0.9606833515205567
0.4332415148559724 0.7084952810669630
0.8504402853895858 0.4723493590418289
0.1250260435995745 0.0063542329415299
0.9378665563004912 0.5545074377618131
0.1565576770249510 0.8181098409310585
0.7349994353974371 0.0454926659423201
0.2566719548061060 0.2928330908454940
0.5766188150752076 0.8952638117413360
0.3042272372806402 0.8028104701231579
0.9227845793970543 0.0377320801909386
0.1395799172404338 0.3155960975239020
0.7141488212567015 0.5625825886684074
0.1095205179474005 0.6482852309303181
0.5455251805277280 0.4784960906516388
0.3951762042617497 0.1673779130140248
0.7692484198415311 0.8986313335420073
0.4146446889858499 0.5950907333499472
0.8608150944092547 0.3595777995202699
0.0901526746239278 0.1200371327301079
0.8943284574463686 0.7375149921733124
0.2090657855513409 0.9251973749770288
0.6730472352437880 0.2025945835007623
0.2763740839012661 0.4023994103367759
0.5165359227311532 0.8620694191895260
0.4608384715922467 0.9063901174519772
0.7950002474544327 0.2061569626762928
0.0540147457620289 0.4449648211202422
0.5086856412268632 0.7209675590194908
0.1696630745734035 0.6216402011694537
0.7433230353664512 0.3490795813594987
0.3540126363497874 0.0145143909899551
0.9513467390133392 0.7767848576338824
0.2851685629591916 0.6352623627791150
0.9168109329783829 0.4873255423989527
0.1498992068485220 0.1860181612579179
0.7628121879201405 0.5463762186193396
0.0256678358029436 0.8357560279488394
0.6109963313589172 0.0729059769632414
0.3892476904640411 0.3337114860331744
0.6316791191779512 0.8864931068313784
0.4008843004644460 0.7705727403255099
0.8896801886519152 0.2423226635441588
0.1240066184387041 0.3584771077320943
0.6690068358478359 0.7035033003098665
0.0584611244509806 0.5479132494186517
0.6528868283486848 0.4477397201075588
0.4345543328461497 0.0835299254018551
0.7836985202411528 0.8161536338264210
0.3628976319372774 0.5376626349983885
0.9031897290738888 0.3018816383800418
0.0215071164306766 0.1922799520647448
0.8045801557429314 0.6950351491160444
0.0856231313118082 0.9568899428116191
0.5236618583765364 0.2225153644079605
0.4529987729425635 0.4973702374369392
0.7188450246779696 0.7915838910868893
0.2517735417815458 0.9439753620579026
0.7772632887681079 0.0019970577043801
0.1622787187063697 0.4213224817362714
0.5389143377547903 0.5053956568514960
0.2383305896553916 0.7316643469972495
0.5736735351933052 0.3210363390932648
0.3349730285166297 0.2130736992211931
0.9818638149363006 0.9724757137989459
0.3817905391110789 0.6563044096761903
0.7507919020281556 0.4609705523852738
0.2134256493597842 0.0567021497339318
0.9982756037943853 0.6086409968284734
0.2244422653849679 0.8686855630517401
0.6383752236201684 0.0206734047282786
0.2956214180244046 0.3739092143996564
0.6217850598254097 0.9898962059539882
0.3436367053108995 0.8253574181085938
0.9689168428089303 0.0863661659457756
0.2485399713687978 0.2843941217295264
0.6453789531606445 0.5612914795395749
0.0150137969801453 0.7142355494990881
0.5991699472007319 0.4063848649591147
0.4843101434926806 0.2373656882341098
0.8133267593043105 0.9481463851320489
0.4432897523901300 0.5158486280758677
0.8072498829421806 0.2556269808461049
0.0381737453415480 0.0248534528950078
0.9625837001852290 0.6667325308965161
0.1783577806396888 0.9961517932847109
0.7294913967703104 0.1274223304124933
0.3711751618749179 0.4562051103594982
0.5856870047760937 0.7569002677415475
0.4258987818927875 0.9792161563491342
0.8565001882871710 0.1464182642556487
0.0674931464152670 0.3790992859260273
0.5657554897168651 0.6832412840800898
0.1912583125919992 0.5139973392838485
0.6638333495503429 0.2762649401081140
0.2624694376013731 0.0978537326421766
0.8798009608093307 0.8555080791388709
0.3159183839299757 0.7004109933488167
0.9854343834077812 0.4338075316174422
0.2304959635834793 0.2331656869963747
0.8346067918011211 0.5931988692219756
0.1025288142952689 0.7821348288156212
0.5481039604245594 0.0532990735732867
0.4922662213661875 0.3073117076380052
0.7029240153414618 0.9614898685688265
0.4765328547923124 0.8489430116998357
0.9423882574624426 0.1612596848239619
0.0000152701114372 0.2681898660917352
0.7394574624671453 0.6556206175445877
0.0732827603641009 0.5765299592959147
0.7065931748363983 0.3853212437084582
0.4621075118623206 0.0392576393265801
0.8475344948348947 0.8103047209733600
0.2688640274741642 0.5831211043890039
0.9593628928978990 0.3399840760261913
0.0960610638901946 0.1333286451069451
0.8700281799624574 0.6256572360629991
0.0392001762856577 0.8791564568234845
0.5873912302181638 0.1777893714415771
0.4107730734174566 0.4234947534782225
0.6842719109977797 0.8387190059135052
0.3504654622891449 0.8934711339075477
0.8231463561619790 0.1067382969817508
0.1982140728014337 0.4726701127826725
0.6055953207489634 0.6134459553365912
0.1296778463981506 0.6789825336489430
0.5056548571987802 0.2940993241278198
0.3123324348246679 0.1560920502369230
0.9354749700255702 0.9161582960213295
0.4885088405799737 0.7423630767554713
0.8405459366362493 0.3983452010209020
0.1837837161533845 0.0644118039541888
0.9085216032082821 0.5252322093980621
0.1427404172105889 0.7616175650066191
0.6930838704481487 0.1128907627632165
0.3240494624241729 0.2619107763420590
0.5557344592174338 0.9362302721469921
0.3190932621154288 0.7877192364564601
0.9200173921872434 0.0744691945379814
0.2302618989773595 0.3300762594429778
0.6254715345679462 0.5862307515067747
0.0307849215198518 0.6399769402566038
0.5523214580803991 0.4312461849949003
0.4966834632394884 0.1828011901467084
0.7610681808225175 0.9650680022751018
0.4221107517198683 0.5091282392654939
0.8540151653397913 0.2800070191173076
0.0633482626266513 0.0102723093160156
0.9484691127223768 0.7239641300534402
0.1662810889055139 0.9128862623216701
0.7488506440626385 0.2079635385536372
0.2578794922554329 0.4396413749661934
0.5672581095127768 0.8538994291444603
0.4406567807685072 0.9943563024834349
0.8091759032087184 0.1295866349826925
0.0320905319905812 0.3985695788525845
0.5222380535174622 0.6685156538767950
0.2033517572006097 0.5992817824643238
0.6792309880039170 0.3653239522019608
0.3674933854317446 0.1219340238333800
0.8946895291167367 0.7533934582254527
0.2983385930057305 0.7169554905885144
0.9729583988376328 0.4805712964426218
0.1362783337338195 0.2406960127036172
0.8197256941527700 0.5564821250242724
0.1160596781904503 0.8206610779705795
0.5953980044184624 0.0346266793050720
0.3930604752898920 0.2864072992835711
0.7152523212841497 0.9023970933551695
0.3754826526714296 0.8731834661125781
0.9561664311278503 0.2255014659003735
0.0992911170146969 0.2617073593627110
0.7231710444093573 0.6892020549464735
0.0791312267951172 0.5333416434661449
0.6888799410067494 0.4683067655124564
0.4094444507271306 0.0590386190535872
0.8727715804031204 0.8410121371538628
0.3466852054241982 0.5725636748812759
0.8858516685155770 0.3248380285162033
0.0075208835477604 0.1502422397376537
0.7868281732883569 0.6507235991078260
0.0601177940791915 0.9388463290503352
0.5018955447901668 0.1573868758793351
0.4676571272049784 0.4175149041913901
0.6663803366559323 0.8057527060219342
0.2729090004464015 0.8785599939652582
0.8364442761801089 0.0156295786264435
0.1813755595031264 0.4932492031790361
0.6174150277003787 0.5284088441330945
0.1465392223505910 0.7483297897733299
0.5901780341092356 0.3002047668369215
0.2891100939907771 0.1896090820400667
0.9922747712755277 0.9302073631660459
0.4715303048219355 0.6735522870673083
0.7805742376786474 0.3876333008161026
0.1998940520153465 0.0788504328831018
0.9313234738369736 0.6126140766674151
0.2360717485639384 0.7660766748558195
0.6516432933037919 0.1028583816052091
0.3318540672890266 0.3516518380260772
0.5338227946384421 0.9755367028775420
0.2836368269535306 0.8306467694201571
0.9892667730848509 0.0473778012530950
0.1545335062077479 0.3118373252246329
0.6972116263010617 0.5418632892123401
0.1070917357726866 0.6956217931312028
0.6136846932443806 0.4917805437930835
0.3846265204428223 0.2283981864632769
0.8293403830599417 0.8890430603211857
0.4555653794669164 0.6205761159769139
0.7926406913409045 0.3468597855489061
0.0486367692342820 0.0970229828576715
0.8763353503245461 0.6865514063033775
0.1937335840838771 0.9832459506289034
0.6596186335548326 0.1416385233225177
0.3560917600110998 0.3754528387575851
0.5142107526203373 0.7795278850586576
0.4188057804573814 0.9259112571514220
0.8644122913128627 0.1982241536916705
0.0895103743623848 0.4571843709428827
0.5785425303725075 0.7406021729870284
0.1754545781622332 0.5218206849943329
0.7318881657052553 0.2502770545760826
0.2793631400553899 0.0278672403250878
0.9667941026732065 0.8647901082385898
0.3379669674984984 0.6434477036660206
0.9270039670823488 0.4117469646469721
0.2436218542761361 0.1705772787369809
0.7710556495220500 0.5679626282858621
0.0087192588000408 0.7991953894599892
0.5410684800361931 0.0912446570294532
0.4782908860730852 0.3169502655130957
0.6440601032535939 0.9499609338107716
0.4882704179611428 0.7617320574846206
0.8991844553491721 0.1742047247142963
0.0162722501624568 0.3688815535591408
0.6798401335945012 0.6301712806033132
0.0436334373630209 0.5812265987988977
0.6328935600786668 0.3922608513411375
0.4467961781473475 0.0696821377636003
0.7980597569723181 0.7930889627261170
0.2551637206569523 0.5513138768438274
0.9406502552260775 0.2902104849408877
0.1180742790040810 0.2185507780909402
0.8481068155992751 0.7100808445603678
0.0763305992861361 0.8982506632108486
0.5746985225480846 0.2474601633417076
0.4299586244914758 0.4692181463996564
0.7367456516824775 0.8188533156234993
0.3668598588106138 0.9578082350637522
0.7556222924321354 0.1164939392135226
0.2153103887150120 0.4296500845437340
0.5619518301084754 0.6043408252769988
0.2219856188350479 0.6630580638507322
0.5282239727017995 0.3389630457531571
0.3260507713539883 0.1376075141518951
0.9127528739671176 0.9873167927270040
0.4045069940192235 0.7281625361601071
0.8268115851980223 0.4505771473464069
0.1590078602987994 0.0438193901869384
0.9783283529756501 0.5032965159315976
0.1282739233182499 0.8473236492787408
0.7090196564044139 0.0044964755721416
0.3072147345360619 0.2703593047988752
0.6044043175723708 0.9196624382055469
0.2638867707623171 0.7746284173460545
0.8814876095308256 0.0122637904632667
0.1705734329968535 0.3515421303768458
0.7458416939208630 0.6234798397050183
0.0684302043105939 0.6805651413683806
0.5106843332034667 0.4427112448989713
0.4293889976363578 0.1466013640896625
0.7944230737559178 0.9089811689117319
0.3879116459579162 0.5908347251730340
0.8330865430780918 0.3343125959295224
0.1042142570626884 0.0712822791081807
0.9152889715550444 0.7025306183126443
0.2336734517169016 0.8840293694534412
0.6293780730133921 0.2324178314786677
0.2887051505755913 0.4373237768826687
0.5493418715055839 0.8330410122743036
0.4806060928166405 0.9009738421234003
0.7657827788565281 0.2349253229996751
0.0118953292015718 0.4789828980084774
0.5439451833086028 0.7117877534982293
0.1381699053790148 0.5645206284352347
0.7127408950515667 0.3135681447315581
0.3399326361330415 0.0358066861468981
0.9715801965082823 0.8009924444986485
0.2738093292957415 0.6651389579743004
0.8921205046274573 0.4540815813635399
0.1771743845354807 0.1259118154464510
0.8061814969311344 0.5177602143652795
0.0358375224713162 0.8603754743310362
0.5823777034919434 0.1179610671008023
0.4173556022268040 0.3630714824795114
0.6748737909032053 0.9229949339091897
0.4373814795491895 0.8114209029848348
0.9359283054264548 0.2123629602484437
0.0703970288337095 0.3225291112885227
0.6545081024853633 0.7327588872979837
0.0036457775665400 0.5077684730070299
0.6700135805630247 0.4756995588087990
0.3991366561849932 0.1077235146597807
0.7745113189764258 0.8507649866217484
0.3205077345397943 0.5263624963627277
0.9079485912076587 0.2655515422860719
0.0410387272401646 0.2190882433641630
0.7537776753865882 0.7453901996405881
0.0939925866618820 0.9911664062110678
0.5573428872265843 0.1943654822128523
0.4903669798444211 0.4638013615863371
0.6939812248270142 0.7586518570574662
0.3096116700706819 0.9695269673648780
0.7812680798838770 0.0427594029763474
0.1321086431434640 0.3830898358058795
0.5069448237032759 0.5500411022699776
0.1962761345525072 0.7068827322280695
0.6077067285402086 0.3558078448931074
0.3485385881609665 0.2446040587638593
0.9445485943092947 0.9422966214154085
0.4125088940494684 0.6284129230692228
0.8016321941970939 0.4983718640205075
0.2248970843500150 0.0223851657924364
0.9584468794814329 0.5849101219712081
0.2109521299155062 0.8370220642077515
0.6870908574600023 0.0559011628332357
0.2670080217839282 0.3430695134103378
0.5891786661915264 0.9541560024918989
0.3519315545478658 0.8583224637836138
0.9500950578849972 0.1013631359313304
0.1888106671021372 0.2743559793245481
0.6620287775606086 0.5126660163015405
0.0522892948094596 0.7204531005293237
0.5627453293417598 0.3819736199009630
0.4573750535103779 0.2037052572707415
0.8578694667479955 0.9773781421695068
0.4953054566526021 0.5447255910737296
0.7652645018891593 0.3052379803275250
0.0249679270169428 0.0511170211164376
0.9867997550153246 0.6344894767488088
0.1504657505880690 0.9645967359544938
0.7000202298605002 0.1845975620046103
0.3138667034710473 0.4857805863031052
0.6128409023534246 0.7845228273989057
0.3968951001847842 0.9463098044949408
0.8162874876896968 0.1643905348991368
0.1122428277773532 0.4095653836391309
0.5999131623691949 0.6461799669242695
0.2478257260770259 0.5603652464601038
0.6469414040510720 0.2820467181090119
0.3016182241330234 0.0884772948225792
0.9248210398656280 0.8271965447522076
0.3736632195151043 0.7353265047476970
0.9636300535754185 0.4052135463854030
0.2073682952490910 0.2003510336434859
0.8618061030421057 0.5972302874765431
0.0923671824083196 0.7539107684307819
0.5175872695472097 0.0272291626020964
0.4434542177226001 0.2566745734020938
0.7273978488576882 0.9991393510594490
0.4638820694691707 0.8130893442403512
0.9829896281667898 0.1533525216621958
0.0562331365173830 0.2955782901078544
0.7050555174094053 0.6774019753245856
0.1215939442945636 0.6163226246989417
0.7420334747842123 0.4181567649210771
0.4732367504242122 0.0008647796100768
0.8220945977959242 0.7721970306715892
0.2940293528888854 0.6073543437072855
0.9965676685244218 0.3718219981245302
0.0838442289122555 0.1763869449824578
0.8427249639901868 0.6589806946219414
0.0200752519353091 0.9348492016716149
0.6246408981599518 0.1348937277627532
0.3795214293872431 0.3953680838853253
0.6397943713608718 0.8706985876842689
0.3339262727715107 0.9157331140522780
0.8451898563802313 0.0848407027089121
0.2413090491148175 0.4458784477353930
0.5707015801693157 0.5758072489849928
0.1616629185978732 0.6542003985122845
0.5354027743339256 0.2674823757767152
0.2532023789602560 0.1636224162457381
0.8869054059955799 0.8910271077979811
0.4509063894452323 0.6917138126059517
0.8682325481589477 0.4247352723946380
0.1422989412408929 0.1097362134816073
0.9055284122624951 0.5356697784143172
0.1861095878260535 0.7891459334472142
0.7213057326475384 0.0652012022446195
0.3608817305030048 0.3032682433581270
0.5262459890015834 0.8811044921166041
0.3452112278429839 0.8049917174996710
0.9301819953871976 0.1041828779776728
0.2352940992756875 0.3545910286174812
0.6508135547544894 0.6102729012492712
0.0058674501007994 0.6749138179283196
0.5032544339454179 0.4169902775840294
0.4665600589253882 0.1563165624121765
0.7793925208002636 0.9744878105933638
0.4091086978018276 0.5315955131960749
0.8720588350568429 0.2986484322965179
0.0788960617925034 0.0623891743502662
0.9553496569293852 0.6905891000580459
0.1797817115414663 0.8752232351353468
0.7238603109922809 0.2233400876608859
0.2921671537137279 0.4669934592533848
0.5915808736956076 0.8423876017474672
0.4692467063510993 0.9756532022475131
0.7858999015473990 0.1597263210244595
0.0050590937650681 0.3886475460188742
0.5004684985502310 0.6500015514455161
0.2003050149663661 0.5721942355398379
0.6671158353896507 0.3273122075090779
0.3462604912342723 0.0813226442711628
0.9322047167244408 0.7671634791144843
0.2905639490025370 0.7467081052516905
0.9537812380386770 0.4924485025447894
0.1478869269740435 0.1890039980577885
0.8738218359211658 0.5350597207562479
0.0979632215624933 0.8715064076577016
0.5933943594762127 0.0596284920685215
0.4077965771122336 0.2992002459325115
0.7249897666057267 0.8777269300892998
0.3937208749364248 0.8233710330799775
0.9474526543222476 0.2097522900860024
0.1168971647412949 0.2889287995777972
0.7493833728389118 0.7253359733919200
0.1147062436634241 0.5548685573239398
0.7478746924347295 0.4410701955480578
0.4230390296354512 0.0086955631927534
0.8550304768582987 0.8532724699724136
0.3176606996644699 0.5872722294954931
0.8961182303275071 0.3645838643689150
0.0301458842496847 0.1811963620841684
0.7582258824872806 0.6389907103501046
0.0277536588823000 0.9663358308715699
0.5532729355042763 0.1818382249487851
0.4399169897433346 0.4012587309072059
0.6783938055785510 0.7517925437514731
0.2989393981394864 0.9038155460999641
0.8523304298142006 0.0116894064429414
0.1328688258081803 0.4820201943142550
0.5701263719519681 0.5085945024092543
0.1354795279874240 0.7166368351013100
0.5682992681896858 0.2780014463520042
0.2969136175220928 0.2396124843660088
0.9457231920225208 0.9138316286169358
0.4388955413849167 0.6697432832210015
0.8121373957059416 0.3996792045434298
0.2041538763115962 0.1231133466048862
0.8975433653849640 0.5978818714773939
0.2060649096022766 0.7529153522933472
0.6764668558212503 0.1228076106947624
0.3708120799776845 0.3664901808983651
0.5511678277662100 0.9687001171413342
0.2571468747621425 0.8197478837876474
0.9766410343168962 0.0073583642369205
0.1271527918467942 0.2716354414949079
0.7101048480005915 0.5014922216252218
0.0745810398677715 0.7095061225250011
0.5775996665163672 0.4706050753335357
0.4325092512008630 0.2461444700119578
0.8272961979394670 0.9205726787284171
0.4460023879747755 0.5781267119673829
0.7568339122407363 0.3675569071707364
0.0443447661466240 0.0666042484047795
0.9117191793853001 0.6637012238072687
0.2160854380285428 0.9595104627389974
0.6806698201351269 0.1720254016336579
0.3272554671729531 0.3908943612138314
0.5588130907129710 0.7631823357900439
0.4029893761179578 0.9188064633818745
0.8486841893921566 0.2499156320233453
0.1196136851549994 0.4493912127887815
0.5752518334858966 0.7079463463541212
0.1261051667113317 0.5027766181326346
0.7070622335882333 0.2713121900516465
0.2542672092495450 0.0461310397958140
0.9404072959733456 0.8170402480062136
0.3247148634406281 0.6616333516644914
0.9004833488331194 0.4278717140290000
0.2211529291726670 0.1402847596856708
0.7991040044956499 0.5805454721330182
0.0168234799539908 0.7643827142484196
0.5610230250956928 0.1150169597305087
0.4869700040556676 0.3695897690794903
0.6338576839494998 0.9856886586076969
0.4536530741789674 0.7806763446237696
0.9279753835568120 0.1712094259631220
0.0093221290034008 0.3188335417253108
0.6588562688184316 0.6851376580389502
0.0476575070473275 0.6189243626477942
0.6432089857068064 0.4137116953954835
0.4800635208106218 0.0898977338844717
0.7918220199533186 0.7784433237218259
0.2809612771621153 0.5211323598616189
0.9914908165323193 0.3110668676743993
0.0877345283597995 0.1983179398072799
0.8301925123186258 0.6970590402509017
0.1078981038084442 0.8904586901828186
0.6169276080051347 0.2273428781940775
0.3865974438559902 0.4903417433508749
0.7311750510842229 0.8654030178847553
0.3373807694806593 0.9511279950288672
0.7695405478722235 0.0924835465489841
0.2456891208481846 0.4110263267006887
0.5426496362845999 0.5689518878002090
0.1929626852405067 0.6859857584833570
0.5152862275732967 0.3443125069665996
0.3392192322672098 0.1693183965882822
0.9262333148994863 0.9513164925054944
0.3830581812272887 0.6990960035961090
0.8289555059540118 0.4886246954033001
0.1740125745543632 0.0302232705089410
0.9892030157241939 0.5395701954618789
0.1553740218600689 0.8298314981901935
0.7338943199300327 0.0286819195829156
0.2850120170056095 0.3088088350157472
0.6149963477154211 0.8877641429765625
0.2659142807073755 0.7920197668411710
0.9093174425813350 0.0232136067140731
0.1441794977763673 0.3723340895610921
0.7225756234878696 0.5822443316217004
0.0967389081246137 0.6596956576726881
0.5270073646054787 0.4962449039918458
0.3825581931569874 0.1357865089657170
0.8023224685187995 0.8800877854911061
0.4351529398115653 0.5747048736798114
0.8458137805659885 0.3235648323440490
0.0723492857252666 0.0856317810116402
0.9369606438422311 0.7305751873145916
0.1987946930090737 0.8921418423900384
0.6555515938142252 0.2141250422904767
0.2504295149582821 0.4194975987111227
0.5046764323361118 0.8137162135428611
0.4915901903430244 0.9367976004289277
0.8034004140154840 0.2206542394316076
0.0408906208676788 0.4995308219142423
0.5247098602804570 0.6927555812428994
0.1415928612795904 0.6077524506917116
0.7201427476459377 0.3427644822681779
0.3622567109595782 0.0549718905970605
0.9604909256621912 0.7903639657330884
0.2524878344995698 0.6549578410969825
0.8883938947167239 0.4737469142653947
0.1299525854717695 0.1532956385491605
0.7761367886624094 0.5067848074236949
0.0550800753961098 0.8149207060116018
0.5722059682302328 0.0821383876855836
0.4359451344978628 0.3216970298407116
0.6536649475088659 0.9149462758121205
0.4168752091121308 0.7559656288322626
0.9144922627407207 0.2341829248232260
0.1027478675494665 0.3354219775641555
0.6303454379403913 0.6997038617570103
0.0236874847040514 0.5449518531844488
0.6739303058930188 0.4557178567813557
0.3869549885744759 0.0735597954624433
0.8084791688538951 0.8601456594366762
0.3548844875294074 0.5134075750249302
0.8807668688809696 0.2753211527036131
0.0516065269175362 0.2052898300747262
0.7669442770238958 0.7131640532439508
0.0669686275202754 0.9783911210989236
0.5443947442956372 0.2368013813128693
0.4592923028753356 0.4420026309078000
0.7430446949916398 0.7736510868621345
0.2872035847768090 0.9619767364414005
0.8050165411801746 0.0243277863821954
0.1794536104722960 0.4053078720910402
0.5193978444144941 0.5173618664220850
0.2323679212109071 0.7012579021787594
0.5845404055897920 0.3614020048985885
0.3151500212005011 0.2314107198648654
0.9847620846761734 0.9630495043538787
0.4284721604490576 0.6818515073744045
0.7677140722849745 0.4797996789751503
0.1900628295347500 0.0132414648184888
0.9510541151581547 0.6226979408116503
0.1882713821597142 0.8567991046536274
0.6458956491205922 0.0362465490110121
0.3030539465841262 0.3131291393557694
0.5639603817818476 0.9796176961171608
0.3599421939203400 0.8396227332968532
0.9579672421978572 0.0632249425016621
0.2232560247053361 0.2643942743053864
0.6857171946756323 0.5383785423146566
0.0426230882623786 0.6942604981786509
0.6224872509525925 0.3959865113091803
0.4894013393224284 0.1938629837765136
0.8411497378686088 0.9914685351717557
0.4740955288699419 0.5040382781846126
0.7845729965393807 0.2966153477105018
0.0573546653963631 0.0411706004588235
0.9418001740679572 0.6530428252588072
0.1310189297669959 0.9712658335732736
0.7385949247463107 0.1630418662422552
0.3328169726157510 0.4491951893602616
0.6090537303536843 0.7697409434067483
0.4118335866001040 0.9532060255736936
0.8431816396271165 0.1342910827244910
0.0846632674087414 0.4252541109863276
0.5867015316206026 0.6273076744661595
0.2256525151452726 0.5243842794557874
0.6387458990286046 0.2632348433516677
0.2684063132614125 0.0655238922038675
0.9041131351456857 0.8366711564534625
0.3492740874808751 0.7041315514373279
0.9439025435962580 0.4208360488206735
0.1972563079193874 0.2434425368929842
0.8238538154244690 0.6156238832982485
0.1248993847841665 0.7729843277369478
0.5064863009230122 0.0409094026839416
0.4633908198536347 0.2936121606480815
0.7411859763217651 0.9450992005749537
0.4939659343426893 0.8322711344605317
0.9876978345956224 0.1873685271390420
0.0367056719752901 0.2542521163367551
0.7005871570055597 0.6363058398733470
0.0911422677791535 0.5958427412616063
0.7021193096134537 0.4362286609510352
0.4414696305174962 0.0262232579782329
0.8601840958519121 0.7555993915857285
0.2632501913165910 0.6240470899623907
0.9720120922233539 0.3150634021652669
0.0695556274661321 0.1445476891222631
0.8558985996301613 0.6811180164820350
0.0530921752119000 0.9100368622133892
0.6013319851676199 0.1669310129660117
0.3974986860693676 0.4074785349880785
0.6623887809960610 0.8585824808097654
0.3720887663308154 0.9227033867977571
0.8353967895398400 0.0720036716794596
0.2106655160283920 0.4548843224749486
0.5831276439176784 0.5947238600709025
0.1486349760687201 0.6330583277264313
0.5172410712924272 0.2572823813370076
0.2864437839337721 0.1843403188966889
0.9174339123118518 0.8831226645330144
0.4582834131450652 0.7221477796987995
0.8142934791077133 0.4090339781947274
0.1682701802502307 0.0996229587230491
0.8821076670238540 0.5155938850650756
0.1399466974512545 0.8023553042327424
0.7441473611659396 0.0994553122721500
0.3534817542550188 0.2767448426057283
0.5110780225136211 0.9079453636068519
0.3304200500736846 0.7691247307867068
0.8839316349049711 0.0796101082100063
0.2021654889951127 0.3259308678515014
0.6648521025902714 0.5734509150205322
0.0613997759472724 0.6513983834894385
0.5345888964472654 0.3897214565867951
0.4722426097242399 0.1507456664786438
0.7877680095740495 0.9375982814530608
0.3772078072551714 0.5276068596058577
0.8383218554359786 0.2598783358623416
0.1015480970416531 0.0166102002211737
0.9953902984970735 0.7490753727952632
0.1448763354330614 0.9307395178433460
0.6912639487052479 0.1907365055155483
0.2718296093444841 0.4950225941490461
0.6200526767698555 0.8745566265268903
0.4678191047757952 0.9394574563477872
0.7777512948775450 0.1492539342050690
0.0586525893449099 0.4142786991793322
0.5323539555601612 0.6723650003732689
0.2369453043593272 0.6115250477286587
0.6495208495619612 0.3530501046798513
0.3296248356913759 0.1018570673418670
0.8853396155884945 0.8072698048215492
0.2698544762257528 0.6877128226720186
0.9937312909217180 0.4667933160588063
0.1826251192816445 0.2261448579931926
0.8376169421922126 0.5312011739073028
0.0808673503519373 0.8400383985214824
0.6188736866311938 0.0188016859013969
0.3764200185589330 0.2578702815295963
0.6881544894314460 0.9331059612308176
0.4251260697101740 0.8550620233071379
0.9754972161157965 0.2420127631162401
0.0649455668013843 0.2809005398395133
0.7178539262555070 0.7177831031054753
0.0637910436706552 0.5101914878338157
0.7167492045336328 0.4827550828881108
0.3921153590970315 0.0337130944566813
0.8177630802580123 0.8219059848230266
0.3684529982941871 0.6003177062974782
0.9181689757802382 0.3286446284421555
0.0343568367586315 0.1299970185062836
0.8104275176884214 0.6710597665989246
0.0329538797468424 0.9929115456220725
0.5228985888024684 0.1319765475811731
0.4988367177316853 0.4301244182590492
0.6275123793193641 0.7889062974768792
0.2593469527777444 0.9117965290891473
0.8185811073839985 0.0313801938188405
0.1673835458865370 0.4382399053930615
0.5940433021005617 0.5569420815871700
0.1641703781398610 0.7234698330067804
0.5971775349808363 0.2854682680523775
0.2605101664995208 0.2085335580816702
0.9736545527017235 0.9050880277115934
0.4979318407769193 0.6378486346588856
0.7607101268651393 0.4333458898190612
0.2276658513467181 0.0752275229942918
0.9211949673617600 0.5881684670157064
0.2286911609189455 0.7859276060510595
0.6263096408867140 0.0769078666410132
0.3201432035356790 0.3304213228983023
0.5197246541620775 0.9958971990642176
0.3077733380215327 0.8449035692343944
0.9390587125630522 0.0440182770286726
0.1577745099670803 0.2898102345792395
0.7361928967062915 0.5518924124974625
0.1185844003754570 0.7289299188649349
0.6047927148617501 0.4522747984817405
0.4060425987732061 0.2166271120367307
0.8508726578530978 0.8972174816827786
0.4857732000975509 0.6052886578568484
0.7974600651899572 0.3374197200216019
0.0186879508398338 0.1157480206036882
0.8997006935799230 0.6310105032098522
0.2187578070474766 0.9864899768468414
0.6359552205149746 0.1386283361127373
0.3655748542222773 0.4266890129936008
0.5289535258804814 0.7963946604280628
0.4307403026364523 0.8962643653164948
0.8244097821539825 0.2172832589472092
0.0772210407513816 0.4712543823916809
0.6033365925754841 0.7268992129844123
0.1599082866161832 0.5528714999019003
0.7381064225791442 0.2914783676939254
0.3063722777403767 0.0055382209114957
0.9792025238715929 0.8457408510517304
0.3640312269547727 0.6293938923940461
0.9134781078464623 0.3941187464258685
0.2182373868518193 0.1748359960301943
0.7546590966583221 0.6025268216454485
0.0466076099645406 0.7945681739212525
0.5293837803435302 0.0686364122221376
0.4472674341276140 0.3385472308026771
0.6829170585727765 0.9588062623553111
0.4774645156950814 0.7983299092485867
0.8752144627445844 0.1442977725491506
0.0500566284469756 0.3460837317277204
0.6413378624660447 0.6442413124461759
0.0104988324712071 0.5669311356681016
0.6579403382018287 0.3764217978709660
0.4567516024002904 0.0939676579498546
0.7715958627321353 0.8002450873951876
0.2816325973221588 0.5427325521830627
0.9657900388787630 0.2530762109181750
0.1061284482488074 0.2292181536434490
0.8640176855293176 0.7388704509170169
0.0880753046018398 0.9281906837002182
0.5793813701195515 0.1965947319593839
0.4194725275633305 0.4594933850859538
0.6973748922385430 0.8317981389971492
0.3567276660898158 0.9807420977161750
0.7897245239035917 0.0963290908976549
0.1952872676496525 0.3775987184507363
0.5133065805712419 0.6199746421178700
0.2429526076404598 0.6421124922334106
0.5407394038677398 0.3176096130636521
0.3579873426871766 0.1406625837750282
0.8783546801747416 0.9836604593427669
0.4208161141491068 0.7413717572733959
0.8655490701826491 0.4583302953015486
0.1535615294051841 0.0482527008245775
0.9685419138413115 0.5231435242321703
0.1732722136745570 0.8642511349842084
0.6959325921225229 0.0504903345357179
0.2780917583905104 0.2516245426681880
0.5802361140293533 0.9270155025501188
0.2960078161216260 0.7593412719294811
0.9046557903977791 0.0583162493328185
0.1865474043807449 0.3413812744027738
0.6918551313259211 0.6058649888332284
0.0822662997699424 0.6263427232575384
0.5554933622860946 0.4648148652937926
0.4136084938487847 0.1789887478585098
0.7515586210425387 0.9342023784607226
0.4003034261953153 0.6147917458729938
0.8211137022515583 0.3583602895270096
0.1221959716999840 0.1062043265016185
0.8886783662703898 0.7056896951985202
0.2411960407278619 0.9170999405216241
0.6681189830535798 0.2456380496088693
0.3087863435451401 0.3867049868818472
0.5367469780376828 0.8485697205305871
0.4520531096166432 0.8820315899593039
0.7528150108361475 0.1933310193782045
0.0205542544016163 0.4619357797734877
0.5584764746417825 0.7439104097171156
0.1850092336759876 0.5851036817456002
0.6949706085310589 0.3743253427072140
0.3213679844036047 0.0195479097437721
0.9972456782881610 0.7604712893664629
0.3112798797358212 0.6763051303042348
0.9342436386907518 0.4471275101567449
0.1609244699486375 0.1603192135656309
0.7822286532730440 0.5477144181473346
0.0015475901750795 0.8500139637918988
0.6068460904032250 0.1091108083337324
0.4019298831665317 0.3568252170355710
0.6714942398751367 0.8943925298614507
0.3903308794161153 0.7840008218172927
0.8928778870258496 0.2000618097022190
0.0936003401555703 0.3612899081402087
0.6727110740250999 0.7355784930288146
0.0376008759485119 0.5189827045034628
0.6323024276020165 0.4846864532749747
0.4150667518853964 0.1184655868119755
0.7644630901098193 0.8344198598738036
0.3411344945604534 0.5619601748942025
0.9238401922982585 0.2840484894538305
0.0143761580281935 0.2355671575141255
0.7959785141102141 0.7188081302698736
0.1127154245248474 0.9488689909620918
0.5088508411851422 0.2042977655451405
0.4822000851135636 0.4771786411084456
0.7114057104324584 0.8037642039915638
0.2756570433833123 0.9990190777216345
0.7621378775998608 0.0517976492718456
0.1520804796070071 0.4354974966470113
0.5478469971517134 0.5433402706079155
0.2087585806323656 0.7363797658915833
0.6113726448088949 0.3323171612116970
0.3742089328111721 0.2012950474263213
0.9638919296135422 0.9978794217385186
0.3955673729962790 0.6451750496248490
0.7937139180391319 0.4441402326242712
0.2462231955073000 0.0386518994978542
0.9706972977789583 0.5656927146277709
0.2491758273844548 0.8268693860822838
0.6611243567068911 0.0149385477233753
0.2648997730565003 0.3480418544940104
0.5982968004763541 0.9457942152222505
0.3226967735460000 0.8693298315592978
0.9995879211844496 0.1107689437977610
0.2121385589267556 0.3010815062432662
0.6370893041541350 0.5272132792665901
0.0225264365573587 0.7449023887405748
0.5879435264983779 0.4221584968403014
0.4496941016478757 0.2213556785581333
0.8674576760909181 0.9551869024718641
0.4617166823621274 0.5494738561968266
0.7742764231834673 0.2688408615247819
0.0028732418323657 0.0036067426440247
0.9840420457245245 0.6779854707344239
0.1631404468743853 0.9428095754005892
0.7039050889561971 0.1549395351605395
0.3507284431137176 0.4746544834667856
0.5723891457214637 0.8124885412822198
0.3804047403046211 0.9889466969961040
0.8702626695906874 0.1773534397634385
0.0951974738172857 0.3968887893630907
0.6237012415333714 0.6572672424066953
0.2139892364317194 0.5368280010696886
0.6850915259255180 0.3045545892320223
0.2930282714808548 0.1114759053092996
0.9062964214839856 0.8673736168140304
0.3348459796653369 0.7336838543428267
0.9806965938938370 0.3845201961331705
0.2398905929190646 0.2118069635250608
0.8442015502192750 0.5772844654128635
0.0720885776952969 0.8093690996917344
0.5379561203599487 0.0011912387516672
0.4753408227963062 0.2659853909108469
0.7052305906947934 0.9703678239785049
0.4445644573666126 0.8627976817430024
0.9614118122143616 0.1263664558295035
0.0263758448183313 0.3063708516904187
0.7301557201191474 0.6647569297682052
0.1051870310539368 0.5922965740012025
0.7279097510294701 0.4040680571380270
0.4949074175786542 0.0539477208565717
0.8326539935994216 0.7828753927897680
0.3018903716113892 0.5641430328526322
0.9525295165239163 0.3500445708017018
0.1111694017502277 0.1660092545301009
0.8146176650027392 0.6471853994490298
0.0130221754147482 0.8995021168534177
0.5652902597491622 0.1476033556493681
0.4272492507732486 0.3809449369060966
0.6480494337171593 0.8243796957796710
0.3130914292808605 0.8850175160358146
0.8628413494409357 0.1205573855894540
0.2325253392053667 0.4866723407598486
0.6099037224113201 0.5901039191772696
0.1761874426950920 0.6671175607040434
0.5505476818527034 0.3079912612802213
0.2749776791297402 0.1282055485155227
0.8913834336248709 0.9244118023447870
0.4830296719421556 0.7120403811333161
0.8591711025022546 0.3807856639852327
0.1370817032529016 0.0870077745521732
0.9234429892504764 0.5588136560241966
0.1712010067101251 0.7755048032308060
0.7136338479566400 0.0891031722300393
0.3420871684413389 0.2825542921222969
0.5468409694444583 0.9015930896811999
