0.042784155589245	0.057601730934717
0.121206745882800	0.024608078971414
0.141809418044707	0.011146393927314
0.211107715198562	0.020689045243941
0.276378948509549	0.030362955199755
0.370353460179841	0.014926197476435
0.421501075015753	0.048013467309185
0.487655759480585	0.027422479374782
0.561346228525240	0.041067357504756
0.611276442865789	0.059214844440393
0.674128682611424	0.027733433736193
0.707813927311873	0.031188197135620
0.784569955133384	0.035150801159942
0.855671189051511	0.026173408542218
0.930847137233556	0.029509568302778
0.954198802359565	0.057540120846834
0.026358121357359	0.067705767579657
0.080980566305453	0.077354543205550
0.145649648465484	0.103708768374917
0.203737508553019	0.094100841182890
0.296337690593521	0.074464742315343
0.346571316717675	0.089973380562727
0.417187463283699	0.095703519422841
0.463481374513004	0.096409572776502
0.503981240662160	0.064170067228067
0.590948172793362	0.080631575216686
0.658108085357959	0.066950408597349
0.742600664014486	0.098868068447073
0.774765285931007	0.112983975382052
0.849145091787596	0.089465053205370
0.905734169827945	0.119447956704406
0.993244157826003	0.121894333307141
0.043085224092492	0.176596195361716
0.104658121558525	0.131536263493829
0.163297618224355	0.163821428615791
0.226766574773185	0.163195893250102
0.300333140196822	0.144529132220668
0.338637211322467	0.142279529424216
0.393262129295795	0.139114375244038
0.444989179262772	0.145680054372218
0.561459927062728	0.142720321197463
0.587848098081385	0.150946650791086
0.626853462672875	0.173801132430975
0.712416331333205	0.152347039830602
0.811242547904547	0.184520670954259
0.823718566028103	0.130460484725880
0.913139843288958	0.153942085154458
0.959625680557714	0.145686303473936
0.026669282908940	0.231615124222384
0.102814158143083	0.227764293066055
0.167358125337017	0.201402758426010
0.241085734492770	0.241943902843502
0.285149483673193	0.247671138159971
0.359724632460793	0.249766765395125
0.411678488331190	0.193400563731766
0.452529908437871	0.230775166152924
0.532607159788629	0.213467648389858
0.621035280054443	0.244490448296883
0.639342046535304	0.249004320736044
0.745459204393080	0.242343821997601
0.790991764277800	0.242986826821111
0.854735466588693	0.193513402745829
0.925658623263160	0.195344097564892
0.961208275961389	0.199015472974632
0.009321413412532	0.260583102501832
0.074118071485804	0.287443818358575
0.165918111388669	0.252851235928329
0.196742973569022	0.276231271220891
0.268767134028898	0.250368135850380
0.368011559328998	0.296026465813868
0.376487429850732	0.261640654020975
0.470572578888520	0.308849159190745
0.543509565289367	0.285140667802803
0.574908612662672	0.288674534176517
0.686231202751219	0.269541362465136
0.739449021724157	0.261640493324176
0.803010370696548	0.261277460350254
0.867259256889173	0.280818295890539
0.878526472079923	0.305643945916240
0.977654968616007	0.269794780241743
0.018306242510049	0.356108073999316
0.088905468560151	0.347533701679794
0.179280813868805	0.371237686761594
0.196423505173047	0.363304331735895
0.268158648283723	0.346794368256068
0.344131362966525	0.360889689004023
0.408861222175500	0.331210434251980
0.461280004214211	0.355669951207393
0.550563974506935	0.326480019564386
0.590941691079280	0.336432263784560
0.679198381299898	0.374533869675252
0.692832313799377	0.359514126623286
0.808463865570017	0.318814744272110
0.819730170756748	0.360228183734051
0.915027023098671	0.318743172568791
0.947331052566839	0.368441982266014
0.056507351588576	0.431279572715000
0.093500065347995	0.406583066920653
0.139506065595664	0.432159435119168
0.203584401537335	0.411794256034609
0.306019856301956	0.388178314783885
0.356841903626766	0.379207546518116
0.430823007087648	0.434571357807045
0.495892434685582	0.403253430085199
0.517461052721474	0.427605454851316
0.586215668014184	0.378112170700476
0.680564895707198	0.416608982365371
0.725469222111970	0.415898667570646
0.792839190685269	0.409991176428737
0.821212496537765	0.387670440675032
0.926681718539140	0.429482604913526
0.942612308151464	0.395968343223438
0.049107561073990	0.460893389075853
0.074325871933095	0.459356212062262
0.134872535275033	0.499921431968669
0.193916661055157	0.473771455124084
0.258841775970962	0.486679622725742
0.340218274132982	0.451582912184317
0.377233144580324	0.462022031677659
0.466644831095856	0.452072183401224
0.544516768433274	0.440178234043456
0.580326255138574	0.443699546843697
0.687285431558798	0.440962644338366
0.722973789940698	0.444360860566809
0.758304586621422	0.467143294088227
0.865778091754363	0.456759997371528
0.928189631287402	0.489054934453814
0.954282446768317	0.439631276051428
0.060823949402739	0.508302462958568
0.104469062290031	0.528716665044477
0.162672145373694	0.556916639061975
0.197766872590936	0.513268484125908
0.290622915019775	0.550558377360124
0.371686323836140	0.557885009939872
0.409051772549644	0.523625048901566
0.440850775209454	0.516620809536339
0.539463977338621	0.523506487768843
0.582056077565545	0.552538396628233
0.663447874970955	0.506695563964708
0.736675943012041	0.512922920115041
0.800178173664649	0.553803105036217
0.873146850193303	0.528322801175137
0.919589475811713	0.542021766023715
0.980270793947920	0.543418776035756
0.001944488715251	0.580556100646047
0.065714872646661	0.596902768106526
0.170385698201807	0.598418446629871
0.189606317566849	0.580017974342340
0.277261103669824	0.597129937414925
0.347376014798036	0.617292718930937
0.390172366143710	0.584342995081526
0.441742171548945	0.624035347660313
0.508552337038227	0.581283018841358
0.618050676841650	0.587726649310260
0.649741106104860	0.579653958721239
0.718866632996678	0.624533828609747
0.756287930651169	0.578272391667304
0.834588015660897	0.564408197257297
0.917289408384773	0.577835439096749
0.969733969679739	0.580727256227570
0.020527081452433	0.655406377547282
0.083156240730466	0.679318597407387
0.126351723462309	0.668216288652787
0.241482764465963	0.684026492074837
0.271256094759739	0.655936156785101
0.346397031513950	0.647381473090472
0.397557078036493	0.639350544490002
0.470159656579527	0.636047787908709
0.528322836725466	0.684615754681783
0.601455638456148	0.636156399649604
0.662768885996837	0.678728803597327
0.730623499471257	0.682269715324456
0.795298630134854	0.658860546035310
0.825848561947548	0.638640212829607
0.894505558176200	0.661090128583272
0.939880366525003	0.638513700632265
0.023383124955204	0.703322409481234
0.096346237850107	0.713228294937459
0.176264314385775	0.714985081030169
0.203246277367753	0.725067270957531
0.264291331771945	0.727402587867086
0.312699796995777	0.746083989345605
0.402807297686303	0.749713051351070
0.455097470334754	0.708114717858987
0.535158341060197	0.709257259242413
0.606319157460546	0.691597079044231
0.625644381434690	0.689203295595176
0.706312760642337	0.712042761273808
0.802646279580110	0.702623957669741
0.873418876158753	0.723491131540153
0.904628451251105	0.733079604669609
0.981390168245740	0.725002593355021
0.000176340399817	0.797559217910180
0.096960425108429	0.786796339184930
0.161447555199020	0.799817460033185
0.225798911773204	0.781771351110486
0.303895385177200	0.792476200799569
0.339451511513198	0.781080683467696
0.404147539149073	0.798295893659418
0.470596643565362	0.811784865887436
0.535745931710290	0.766510856414449
0.624796467454824	0.795082015461540
0.687426229982503	0.790968374926240
0.691620192898931	0.764673364061088
0.809816098232944	0.777858309454252
0.836509962629995	0.789746112708758
0.888401437859494	0.809660130543555
0.980930260683743	0.811159617616483
0.027203970449558	0.871172836311435
0.124967640353126	0.825109327316775
0.174164444641598	0.854398207501368
0.191405565798959	0.825645281368784
0.305970755564275	0.835586701845305
0.338250255698396	0.818289812422774
0.411921333122747	0.812778128107376
0.494560015546638	0.859414895265227
0.501050235805696	0.872587504126734
0.577062622414567	0.836954198550539
0.652666102038968	0.836473276262165
0.693256111453114	0.838116584759116
0.778346337355521	0.815843465069389
0.816593651369702	0.853814022028543
0.904455481322239	0.813589436715373
0.971785900729426	0.835990981568115
0.035908611077678	0.900777541776369
0.074370116740319	0.928020004137191
0.132653757873376	0.910415008759688
0.194812131683531	0.917953881357786
0.263497836658149	0.902241171867876
0.331290214836199	0.908746901165286
0.395922222848964	0.925798601511819
0.464576471254015	0.918329818649993
0.515390258940843	0.911150692970527
0.618991505731594	0.885286632927667
0.665356953870588	0.916865756061013
0.742748906412220	0.904083432432749
0.762887282940300	0.910319578099954
0.849731345771517	0.876020942145498
0.907749222191691	0.905851909446845
0.984897955317259	0.915206226864296
0.039709660001032	0.986529731668772
0.069259522906332	0.998215517960073
0.140995545913115	0.958707337098012
0.238385089437567	0.989490250486878
0.304189714412016	0.979240551600638
0.374858421186185	0.942357699402458
0.435164427165912	0.964864682936427
0.497365619055313	0.998760936883339
0.529702952720621	0.967882520759102
0.607179178939475	0.959023158551199
0.676174974939477	0.956538496747156
0.722580727969199	0.979115465243607
0.772186161678910	0.958758201469611
0.858122736997465	0.994332452376101
0.899543804762546	0.965686637507329
0.970028217671213	0.995097737307101
#
0.036414247363902	0.010866972911373
0.092343593285150	0.008447958245745
0.180747775999654	0.052239811976845
0.227357145160753	0.036939573642900
0.277709596127437	0.043248070923320
0.365831804765233	0.032753553147254
0.434274861108110	0.018022938941261
0.462132544262482	0.059580328102359
0.520085817585952	0.001105962074037
0.575713257934133	0.054830122271630
0.648447836085327	0.042961962691150
0.729214530811695	0.036947763955558
0.802708545944818	0.008217603712277
0.830805987414975	0.062204658068299
0.923883468709859	0.003751066732512
0.999367555268544	0.049465916131033
0.058721768174139	0.123430412029482
0.079193704896419	0.100464370226945
0.160096586791937	0.072391023003122
0.226191408111758	0.104781762182778
0.264347382446133	0.069005142273150
0.317835510447699	0.103288483859107
0.427199767012428	0.095397420293395
0.484985435683626	0.088762065256308
0.547739296798883	0.076454530211388
0.579271671686268	0.101415774008240
0.625047913315950	0.065374199767335
0.695227166013845	0.123847760332596
0.808980993780187	0.109869977470341
0.864866490182436	0.095510349456573
0.906229733322102	0.121542774227341
0.954154604205781	0.093251474674500
0.034501984636183	0.127447177030832
0.104936550526749	0.142104318602268
0.168292605575591	0.146444574469105
0.222608453078454	0.186890234646711
0.280368260915360	0.167186460933226
0.353950955521770	0.145214111054133
0.397101547399559	0.183572511551569
0.440696890699490	0.131805654296606
0.544962152485378	0.179156161930099
0.616769450292752	0.163103578810255
0.633789171830585	0.144515616489112
0.694190673255173	0.168159626259738
0.775547145086002	0.182875833312952
0.837624793165043	0.172626599869720
0.920044814741715	0.144390490798254
0.986981306454861	0.134459831608566
0.051382875140147	0.213687925460094
0.100964743711163	0.244089794416584
0.159269497985199	0.209241502908813
0.225104727325403	0.195212546490415
0.257555169724523	0.246545465211162
0.328224733999401	0.203894739552376
0.387253421070579	0.199847069499047
0.449809437707837	0.201557897223755
0.562441082467544	0.204259500333401
0.562575382427912	0.227358411264689
0.656879487789557	0.245486230544743
0.728244954889697	0.210382991592140
0.753327929109993	0.238476165509428
0.814485497161975	0.237908920750583
0.888208568724969	0.203181075605257
0.956290373786769	0.242699168198788
0.046059738040450	0.278366528661774
0.065074498518387	0.268844419760011
0.133073258390202	0.278937881222562
0.233504020590569	0.291283582987097
0.252523019910446	0.273233193327494
0.347954352059857	0.287010463719957
0.392515431060459	0.268005830618321
0.474480996702793	0.311562374117566
0.525897593592735	0.304219504860048
0.568010768781651	0.295193678346158
0.650875257145002	0.279815157169317
0.697323674382019	0.282739215887324
0.753130292622519	0.250538897904460
0.835835203111832	0.291664777245993
0.899074221617559	0.311037116203466
0.982636458774828	0.269954497392162
0.030860025544735	0.333430334435760
0.117089753575760	0.361944919609103
0.181521852019132	0.346349413238081
0.236320314256316	0.351197133970260
0.307120153941126	0.352579321445101
0.323738338995897	0.322766670712216
0.410048888393224	0.354977266232594
0.487936372865908	0.350507849079559
0.561632623633866	0.368755150090148
0.581297432062285	0.374428387178208
0.647241641074010	0.338445062653265
0.699220966739632	0.317541434765454
0.795455260023697	0.369042533011884
0.866773537692910	0.328436359286643
0.879273144965822	0.323948361404228
0.966594633362045	0.327024473943055
0.027985368003250	0.409036268313424
0.105766894276782	0.415712460288362
0.142513235452937	0.377198050119262
0.234000292661134	0.423727341298649
0.267125692266185	0.399492551330941
0.360778247395828	0.406983342451156
0.420294031249428	0.376408758049693
0.468908181072075	0.397177253709449
0.557808701820976	0.393586615585044
0.616009215094617	0.422078567567998
0.680680056013675	0.393098325967579
0.701599989235192	0.412609687869579
0.796578187288036	0.434825104209554
0.857162182840906	0.393822170041693
0.905374237590673	0.407540848646322
0.973830543903478	0.421126061639196
0.002578563479492	0.481378236475605
0.123299683458358	0.449112141565795
0.142007004750079	0.443646528759540
0.246819878665688	0.494329682753731
0.305011518778049	0.490371558332786
0.371790728341856	0.438919572363705
0.411634469777144	0.453098303467407
0.459320863946765	0.492921940165786
0.522194272843700	0.492207243803937
0.604337649633372	0.467567163657529
0.684242800590406	0.484224139345280
0.729011817699417	0.445504938923522
0.762165852519606	0.482154992172065
0.842864348283704	0.439906622749382
0.937035831651775	0.450569140727881
0.949472754847252	0.456405863461296
0.029940124884583	0.500366369320631
0.116240351458835	0.548595705153676
0.140017068570018	0.506309749982043
0.247035642910524	0.555312541239036
0.273427645754052	0.514845293600775
0.367950279176689	0.518784290053017
0.393282980749682	0.504839262984423
0.471107471305553	0.531048766839329
0.500199218629906	0.508219775338243
0.618332224067029	0.553262161307098
0.634214671389017	0.527415150419091
0.731324689516640	0.528445974217250
0.807301182356850	0.510952133935283
0.846106844700083	0.500195330736506
0.880431530678280	0.547246299040212
0.988851769751951	0.526299906143988
0.019605335609430	0.604817081951144
0.080420658316678	0.565104135007156
0.154401907922444	0.566148800587083
0.240440481296494	0.607762349867323
0.253334370151473	0.590602144794679
0.355481231580600	0.582006580084447
0.410206280016621	0.565143090222297
0.472995243421871	0.607095290917110
0.524890335035136	0.615242506811685
0.584020288840756	0.589191746889658
0.650442597258473	0.618693323280591
0.731781953795995	0.588945817193935
0.802587703886695	0.605372976157901
0.828942419659333	0.613248675709648
0.926426030168991	0.610855231975055
0.999467804023756	0.585710016623072
0.046353388108279	0.686185025435101
0.074655007777539	0.643870509219442
0.155470062199857	0.635766625988941
0.224727938484221	0.639255463832932
0.301267028143342	0.671853471936624
0.319533630479601	0.663919788459646
0.420177918898449	0.660533404582654
0.458522023448842	0.673228324867838
0.539305491774996	0.670547278855938
0.607156637295186	0.651984400806130
0.655786849580073	0.627654565004086
0.715508208209185	0.633366550088014
0.770091705392718	0.650935356656773
0.823758860688833	0.678657419177158
0.922084467729340	0.634598840670567
0.944561685116976	0.681791840192581
0.029243641437903	0.716138942959634
0.064285450644508	0.690511794776076
0.185557059215628	0.745759978787568
0.198469668687547	0.693311476208226
0.250527939017170	0.742186251807652
0.349231386405703	0.734682929727641
0.375860795204262	0.740900599279185
0.485938141526640	0.729219642492062
0.528934393041170	0.743864503774993
0.565744584732629	0.694820279853842
0.642998240761342	0.701770104864093
0.746387081874741	0.737187635077789
0.775319621962337	0.721082448996273
0.868887724426200	0.718136710238326
0.877820498572621	0.723832923505416
0.986895773629517	0.700769255115480
0.004653958401097	0.795063850465828
0.077912534241428	0.789196401712647
0.166013374133854	0.808642349976264
0.244300245960895	0.768865712457072
0.268102671198571	0.754724883693788
0.345002076174133	0.804813326160031
0.413406734582015	0.755930478002045
0.444567191809082	0.777370387214439
0.505052175344911	0.803635596135546
0.613355980251999	0.761810591883680
0.648129150480528	0.810315247493637
0.732559208084727	0.756298852925841
0.780439705551355	0.799548251056589
0.852602304390772	0.801469037350376
0.913679321756628	0.755001496044570
0.948086039471227	0.796702995819902
0.054334925704015	0.844728466072639
0.107524802467675	0.819371392180764
0.135755169920916	0.871722797585936
0.232158094160179	0.862284496336310
0.309189049584486	0.852028555784381
0.330400634459313	0.832509945486092
0.392080011286791	0.855721305527427
0.451389357727344	0.862562769962839
0.546431180537080	0.854065049231068
0.623727992264025	0.861927217422502
0.636684837346358	0.869521030136273
0.730104617027707	0.864407178113914
0.762366298472594	0.848916372816641
0.829450738227333	0.859171241750981
0.876529834582827	0.815054202831247
0.952404636281986	0.868461701202547
0.021465319242902	0.912165725874287
0.112662665193822	0.928471630335197
0.173380648699445	0.875023649161454
0.216747506906802	0.917086114854805
0.268024607318343	0.932124166995549
0.317577420094767	0.920228640122858
0.429081246866049	0.876717372259409
0.471462283946216	0.917993979582212
0.555992130552417	0.882282019783692
0.615989710784282	0.932139962968565
0.662610544278894	0.902988508073727
0.726238205441329	0.889812850222181
0.773693245681048	0.911123609498871
0.821413775806179	0.892282356526652
0.875696250572381	0.927599344764044
0.949684649621412	0.912738857013811
0.008209836860353	0.948386420149097
0.123369467007781	0.983159678169330
0.155146973476547	0.947516928036352
0.211396375763904	0.943192365216835
0.262108219077254	0.938609748860730
0.315107098664764	0.948182398601361
0.425532112026245	0.975842130088327
0.460088133104166	0.995203585202737
0.535235504977227	0.938384805777083
0.599772911964048	0.984909440576427
0.647306485528780	0.969407301287145
0.708595849054655	0.959731404150890
0.773030564034248	0.969411655889571
0.818327789327206	0.939029426779954
0.899420300547946	0.982460117705623
0.982780922767772	0.979898640881269
#
0.034496748697012	0.002250794641965
0.105923661855847	0.022918871158133
0.138316233703707	0.060850448716863
0.228266011511038	0.009564485330382
0.272874005740828	0.010747597249748
0.315968539479298	0.017810222405896
0.388165793719391	0.053578873977782
0.441726760677813	0.041782669485380
0.546627681262122	0.030344267048138
0.565581806746913	0.009010139869412
0.659397231917688	0.010353421954870
0.707187054639726	0.048080949327694
0.803242522027749	0.051794943673721
0.843771610881964	0.009532195678221
0.891332822462738	0.003755234968559
0.946098070462723	0.024825997001567
0.015472153889242	0.079394437012820
0.075182283765795	0.111471199383720
0.162383513301002	0.076985578536285
0.248279461811362	0.105949749976501
0.261989587425950	0.103061180527569
0.374719253013544	0.090531217901276
0.419015272588938	0.100387370353655
0.477090267735671	0.091496495114755
0.507861804713696	0.110833449315008
0.612140835347152	0.123825147718616
0.631132827578376	0.107868603572219
0.745042524430329	0.074429061746790
0.776298745745164	0.110853995760752
0.864523082226986	0.118628836162651
0.891682255944280	0.104204430196365
0.946937534712939	0.082045030115299
0.028018430493078	0.148642974038060
0.100377912380006	0.146418980051279
0.166409596053746	0.180158451619828
0.205986451929432	0.184336817866270
0.290200346624525	0.153071401239855
0.347752123642772	0.128066110818313
0.386857409396758	0.152741621531370
0.441200049347524	0.180906337451517
0.549028369813233	0.174271065811457
0.578967963887604	0.151691272584533
0.653914737070774	0.163786553364779
0.714483953742190	0.157387705818375
0.755843873748287	0.168656899312897
0.850419572839844	0.154980796949235
0.894452506127873	0.164606514599781
0.966369406414188	0.165411854055806
0.032917064811433	0.209206506265725
0.075828795324389	0.195031195618802
0.155602132865019	0.218865089518685
0.229479971686257	0.210043261967959
0.255648359919584	0.211426014144422
0.328229856928398	0.246371450527541
0.400968134671209	0.245324751404772
0.465345223731791	0.239095545007520
0.538598473047278	0.200901028019353
0.603595169561704	0.188425618078542
0.650511195525297	0.208675248044002
0.698679468480679	0.201349518861703
0.750210987273071	0.212891965426479
0.859423723926750	0.232406146165427
0.895416533943013	0.245648139082628
0.973699681047280	0.234669241308507
0.026683328621249	0.273150010039832
0.103464686990707	0.308362020746191
0.166231917197870	0.302555948464446
0.221233721088207	0.286203802993685
0.267078601992009	0.273921230900782
0.330760964196702	0.289181617403329
0.418558311789776	0.280411094667020
0.468083555831826	0.302631780764817
0.554231418600360	0.257680786164170
0.612618818294168	0.262974309010425
0.683615795801421	0.279383911947227
0.714871098584815	0.290711855176071
0.774621301598293	0.275715618807756
0.841507547992865	0.267174751821946
0.933722190019610	0.307658282791418
0.979405248154515	0.289458765264591
0.021424645635748	0.374287106634999
0.121428639510746	0.369886743572980
0.163652896555409	0.370284007962976
0.206455285476161	0.373484071460200
0.278340335185253	0.355098982060468
0.362547783963975	0.334808095872823
0.379309002296489	0.334760349380029
0.457072847978462	0.330663353296268
0.512867591317712	0.363567634366585
0.584415391965750	0.334195164764927
0.653582046251647	0.363433707299045
0.712677075955476	0.330897100987122
0.801147541101358	0.313479217089708
0.863992075258631	0.325017241822210
0.933339221620313	0.335809382790073
0.989868051923082	0.367536995747368
0.024080857130834	0.395629697687838
0.104660971303741	0.391635242969877
0.168252169266518	0.392653435414576
0.231091524702751	0.435616546542877
0.265610489677780	0.378817082092589
0.322235863410690	0.411537622604877
0.419025928563561	0.378403398165457
0.443888364303016	0.435287516796446
0.557230103061239	0.400281148837596
0.618895676218415	0.400565574912020
0.631501924335375	0.432995904454262
0.711726745756279	0.386053926241247
0.770178870288115	0.413000287395087
0.857653904702201	0.403069293234863
0.922290944970979	0.384388084249079
0.983196490542194	0.391075213399850
0.000193034662561	0.454976647106809
0.100131580993215	0.455881369522745
0.141674067436059	0.448597665907838
0.230043176847986	0.461109578192958
0.292937971763415	0.482719526476627
0.337374737928592	0.470337473707701
0.378802190040891	0.468075854361657
0.445376962352399	0.489940238881377
0.508461100167702	0.443030308307621
0.579549808219203	0.491641957834745
0.632773064849962	0.475231495403622
0.704860601272634	0.497646426082972
0.794808223766696	0.453324971185840
0.829342905159421	0.453642422395326
0.928364339922756	0.459996882147388
0.992576318267401	0.457745617260282
0.032644067098187	0.519321834512945
0.096949711653741	0.556937457919572
0.147360666340068	0.537470706005108
0.218701874917304	0.502075618337159
0.297164787985889	0.539494954233406
0.337440055393367	0.559115191440591
0.435608408937256	0.514169317178700
0.495366924514032	0.559099435179750
0.555729348385527	0.510538501114477
0.599107726281883	0.507588532114771
0.671416547902375	0.503840455335179
0.731879051770521	0.548089098545743
0.807302454194241	0.549246734412561
0.836167448613250	0.559661045276947
0.913846234770922	0.559353385279969
0.970776088689053	0.559297249404317
0.046149064477335	0.597773165799508
0.082174715314101	0.618340648243516
0.182001269232016	0.590247790452034
0.214258792161536	0.620286051924989
0.281122255524649	0.613809929823342
0.317585532481918	0.617595665489811
0.381013587584257	0.614181051653968
0.461417513177478	0.620315975042832
0.510949457808968	0.572756165509987
0.586736717063290	0.584799612833839
0.670779113464705	0.586701027457998
0.713658093597311	0.623957013143566
0.792781518884069	0.584196288623893
0.837942112665144	0.607862347354615
0.917607785299795	0.573517973289946
0.997409850562087	0.597035284642371
0.004043064052016	0.656109947602057
0.087477434330498	0.683345087235408
0.170793886350769	0.652728717635090
0.202125782034040	0.655221435961482
0.308644420379108	0.639162832918033
0.325371135727705	0.633289108200299
0.429850444239529	0.649539153039115
0.495468103747807	0.661116697848452
0.554088230679414	0.645984084961467
0.585693751612723	0.642400893677818
0.671676112917293	0.666250423494203
0.741963258011258	0.632668080159386
0.767575146561739	0.687283056089604
0.871839556754995	0.634550454242749
0.894645254641572	0.660533020979616
0.957061879967121	0.664329317407526
0.040402001172281	0.700280412117783
0.080713906999029	0.736397888304525
0.171509308314768	0.721881751706680
0.244334588539050	0.733756734825730
0.284446661877899	0.709345063374342
0.332140589486724	0.715856690170094
0.410805429369399	0.731608839890479
0.465521411496569	0.728225031833450
0.541850334450568	0.712731962374582
0.616326520828606	0.728186108632522
0.652463996440047	0.691696022812788
0.710276277042640	0.726749045637960
0.776115721679785	0.726802556711902
0.862267716959414	0.701111045232651
0.920103320731456	0.737135454849255
0.960808284629790	0.698555366458850
0.021301193342381	0.779196497932821
0.087653917382740	0.807111774511778
0.175686042709436	0.777318847954115
0.243573048427020	0.773036397009398
0.289676553084207	0.783827386251378
0.325725202306226	0.769332474000247
0.412427201642987	0.775536975625562
0.469704932060490	0.764988164726526
0.505553015028837	0.772915745333982
0.567803323051846	0.763827594815248
0.648123256722028	0.776349947590230
0.711678306228523	0.776267344545635
0.796617775453282	0.750173923777806
0.842584517922389	0.793379251433275
0.920124166320922	0.776535739720924
0.938444577594275	0.761910379983464
0.040093286714422	0.834710872024230
0.099752768053383	0.832255472797494
0.144530281516381	0.817170935625832
0.234611615709637	0.842811082642365
0.263238268456361	0.821429621881440
0.322277162677440	0.846797449405840
0.425757367641376	0.859341555489656
0.465844128724035	0.860964228701420
0.525025409346569	0.821007981869278
0.598379694748642	0.815575659959711
0.650258533065850	0.861368952068470
0.738628215372127	0.861039707055557
0.761316018341765	0.857150181250682
0.872816046946756	0.829527431870119
0.876226651438914	0.867518980752798
0.999753216397891	0.870180330470945
0.055862253923170	0.887185406961289
0.080512310673486	0.882131625506941
0.176008223087645	0.923507810377867
0.229703876010539	0.899814438473507
0.292932969688073	0.934887918191936
0.355464800911249	0.878276293996204
0.431065311406521	0.921400974108000
0.471931005981618	0.901254087518028
0.512860083824573	0.902842657341469
0.581726107488905	0.899265360500260
0.679426303699013	0.898769499594059
0.694320432756054	0.875035165852759
0.782114457957706	0.912412239698440
0.841393666435940	0.880612207301453
0.903321230368647	0.929826012796216
0.998483608680191	0.901100063004089
0.019343833065206	0.960270189758220
0.072211943117951	0.941999329065904
0.185656735367527	0.946793447192594
0.245641739033894	0.959049559348856
0.263187251668001	0.976455196747313
0.327471864194952	0.990542068449557
0.431006548095263	0.975135328795327
0.471550405106170	0.952913333330749
0.523010008479005	0.979737161610331
0.612910636304973	0.992643106596112
0.686459807737023	0.953150918390753
0.722208409156233	0.964365590792002
0.805959554504012	0.967787288951289
0.821127810430161	0.947107132017172
0.876542593862173	0.944201844032901
0.976906949838020	0.958876016467432
#
0.037694419524678	0.041496960237622
0.069016305629401	0.035832427494072
0.154898208689387	0.008240735655008
0.215745875021849	0.024155070472428
0.278187181050467	0.055579288686411
0.354251247083710	0.061031420161839
0.401661128961519	0.041388917360196
0.447917948523052	0.033307808531869
0.546791118886157	0.035681683680318
0.584990550827349	0.013942904569894
0.678439800800043	0.043373594929202
0.692455132420281	0.003534768854392
0.785541208294579	0.033003400495044
0.814697973939985	0.019552999006015
0.886928086710262	0.053848314693628
0.941027866197058	0.025909350870855
0.025406943916554	0.082006626621472
0.117886892969344	0.084893209210106
0.135440455621095	0.076788611669743
0.236464704703881	0.087974400643835
0.266351649803424	0.121831766183449
0.328351127365802	0.103278242308478
0.390373991776810	0.088057100633289
0.463943009751137	0.092590921157992
0.533627010715107	0.089025112719164
0.595285179857813	0.093530621430495
0.653399241789221	0.092039450558843
0.695607970383276	0.078160231019873
0.799902971947427	0.067651642240270
0.862202031054698	0.118335188452232
0.882986910774020	0.080065044389354
0.968803111631145	0.106095075573794
0.046583737213883	0.128208087554250
0.112939885407207	0.140336830012462
0.147369041505705	0.181394112309533
0.213707325898858	0.151195504403137
0.288686240668452	0.164104591671285
0.344060204945053	0.138737769073047
0.412101551957219	0.161380198981818
0.480606602005569	0.135081905524731
0.551488928741656	0.130728824065469
0.564866424655161	0.130445252916064
0.650697110794298	0.135731383069239
0.722025389165391	0.160324519726640
0.767499965692405	0.153909779407878
0.814179275330780	0.131812742869210
0.881983958608351	0.152084885025882
0.954981712337463	0.174983160014377
0.007202966635163	0.194371834500779
0.067932433275374	0.235186162212092
0.172209620210274	0.239098258270323
0.245266907978283	0.245274141473410
0.304646767703152	0.230604711071496
0.343867464071109	0.241644867810338
0.427048804716218	0.249294471213779
0.452733892499873	0.203710332065520
0.502198370057670	0.201846228377392
0.583910142251153	0.239746361095399
0.652446039813209	0.194539517355044
0.731853951390217	0.229706286578953
0.802626938556816	0.216751954234031
0.823357335978271	0.221122838593699
0.907559213701766	0.226144849346286
0.960797490557492	0.242516317126578
0.009952995651973	0.273495597479282
0.101811603288355	0.252720517936447
0.182069452623736	0.284981306097466
0.249221092235348	0.311718619879503
0.290249469437462	0.290588529658990
0.340334787141843	0.309403090693383
0.421984617842125	0.262561598286280
0.466105093953341	0.287707044518950
0.559860844775653	0.289427714096831
0.567568491228756	0.297207308216534
0.631562291224036	0.264969223327928
0.705051117551641	0.304760579338125
0.804475587325165	0.277705207808224
0.831385703601731	0.258323883406893
0.918717774907411	0.259911495030371
0.940481128899376	0.283053746367352
0.004837070389147	0.318453931833141
0.107616760603878	0.337881595251472
0.178999083725852	0.336337175545943
0.246390544561178	0.331346036754280
0.276002721939819	0.317618249873076
0.341857558414190	0.334042238251200
0.409353622621706	0.330895706651708
0.478149269673310	0.341976999021014
0.551478697129986	0.364500363471336
0.567770915369101	0.319833862757039
0.670907070187015	0.362346920909441
0.749612804036497	0.322749060668342
0.761204921482993	0.361578290187539
0.843228560894082	0.321233283366597
0.907986502214448	0.364999355775071
0.937889214445113	0.356134219003407
0.052485089135586	0.431379577507353
0.111534263062415	0.416572044336719
0.185476575803006	0.425824911301798
0.246207098170115	0.404218186107282
0.266447426333080	0.383882863929352
0.346109451995839	0.423695379501138
0.400779399779457	0.410470373383833
0.498084695107090	0.413487424195276
0.561411171903930	0.381194395931366
0.583951318452356	0.420871692662097
0.641739215050880	0.387152840720874
0.705952841792827	0.407465399235945
0.810808245717969	0.387439001252628
0.814797618252294	0.411636353653538
0.919413102131666	0.409317633741726
0.972658858569958	0.391804380622763
0.040776669275546	0.445778429219098
0.106527172606794	0.449304516590038
0.169903390178202	0.482437482070513
0.194332618835460	0.494646196979947
0.268165754755183	0.499852238135611
0.319856976888226	0.461343945984576
0.414967556245967	0.475892674827108
0.452632596035868	0.463103621898476
0.535470134790631	0.494455209902827
0.608879494753522	0.489677094750148
0.641390279303046	0.451116492392872
0.726303351790133	0.470215665722549
0.750702869452816	0.453825002278044
0.856741311912015	0.447090979362161
0.924190460992206	0.460600223572250
0.957507728472703	0.470449760098231
0.012188972835357	0.501572855108318
0.111767611434163	0.521599895049375
0.143850165176287	0.501762976972215
0.223141035742741	0.534211703409490
0.311827356344864	0.555222451787028
0.319548535409744	0.531363330963385
0.437023656631825	0.553280254489109
0.438738450248199	0.547486300867746
0.505786059542044	0.560050846877287
0.585470906551455	0.544561095735305
0.670024451329961	0.507299051418039
0.698106497106633	0.525948424960591
0.763113450873204	0.505747399527055
0.817173473930958	0.546828066693695
0.878140730769523	0.541556072838501
0.971869181252985	0.537656103895315
0.018137965864883	0.568344718152272
0.071265586683006	0.602205108089187
0.133219863217259	0.623555305573636
0.201960032649096	0.592759219863862
0.282031638438821	0.621758681022739
0.352159313022778	0.590900365138869
0.433829001543072	0.615258647635989
0.462218621678701	0.621227489463339
0.557385639984832	0.569365691016863
0.601503526015208	0.577480276948186
0.639914450792110	0.604350155243732
0.749386151583024	0.588466331878087
0.761271772574115	0.607657878568316
0.855691443498524	0.568408800217651
0.880752608399664	0.608439321684055
0.988376965947304	0.576464746572651
0.017492844727238	0.627636440680976
0.079472060901339	0.643812722050658
0.161230061793753	0.627051241216145
0.232578363090888	0.657577270227502
0.309967287873725	0.679331325545635
0.371334633920070	0.625863559908085
0.401900491625280	0.675243563699826
0.439082409444750	0.675546404247998
0.510365623764895	0.670799356299289
0.588594857711251	0.641199398163869
0.639652676956531	0.663514071400513
0.718426655141154	0.627457530471137
0.812388123696993	0.628819347753031
0.837993282568756	0.681086035676670
0.935181362131886	0.629054210644461
0.960395084612047	0.661361154934010
0.055576525699714	0.710408161748878
0.079434598858220	0.703795681056519
0.141849142095737	0.717807377579228
0.200254927668780	0.708660278808945
0.274853495028185	0.747991290452306
0.318658826437583	0.690910131714984
0.422074569254665	0.725362906197636
0.495226197554783	0.729992697781998
0.507757966146515	0.709021827545721
0.606489334207491	0.743424140948552
0.680946065446116	0.706267026082791
0.724337472574398	0.736039800187815
0.803743485854064	0.743279720873288
0.842920837159716	0.718818537883651
0.898923377293726	0.749122093227720
0.950589571980664	0.703710042045850
0.042784053260177	0.790544336976727
0.070264814321479	0.797470703732099
0.182708600083764	0.788801446493320
0.196133453051707	0.772378927596700
0.302287056210285	0.790481975049591
0.327140861936412	0.752946137873327
0.429063701927444	0.758825074388605
0.461205776990090	0.796450564110174
0.552374970922217	0.784959300007312
0.568058312086053	0.800261634384576
0.684979967830582	0.806704633242149
0.694467878625604	0.800203848409048
0.804889020508246	0.757077547548590
0.844377754758316	0.776029582825380
0.928701801718260	0.769974272630055
0.955039704077071	0.804751562287507
0.050046569781272	0.861149712389719
0.073056460899081	0.836179391442840
0.158840822092919	0.823957416333481
0.189423392847395	0.856701132618869
0.280052556459571	0.842613517910385
0.335603116507550	0.866394158436194
0.390765703024987	0.827273038146615
0.453207169561229	0.830914847076851
0.558153503064102	0.859740709591364
0.621015436422549	0.844754802318000
0.658170008559402	0.860924999517371
0.721755424842531	0.830747330594633
0.781907632983501	0.844387213896119
0.841632132992761	0.847892229555382
0.908104152018927	0.822176350457518
0.995253058149305	0.834831195466647
0.002867219635604	0.919411340796950
0.072131261013479	0.896871753333107
0.150163238204588	0.896135059350318
0.233659758956325	0.917262559693717
0.303752528952610	0.933280642740028
0.314962731995029	0.880641088865963
0.398379675816600	0.902679858546513
0.487673332155140	0.924697544582816
0.530174022474716	0.892620907169213
0.576175705140032	0.899611156541414
0.629217946728277	0.931373728888895
0.734991512272389	0.878990651400292
0.796765007598853	0.936599863765668
0.871766076757169	0.907369091124825
0.890866368954504	0.936784602876120
0.985059886905379	0.905057100251447
0.007859787512654	0.978330345222687
0.095916515107596	0.995508949576879
0.170423396990035	0.990855985988364
0.219824119478540	0.944601657510992
0.309278661282565	0.966942144099027
0.369179217478186	0.941017527701570
0.408198391764471	0.962631436958358
0.482850726282422	0.953477280945745
0.560412567457629	0.949227808846447
0.607765662494410	0.973430003557222
0.631373537778592	0.978625568716350
0.693224124218855	0.993960278165517
0.767213316143540	0.948970131098519
0.851704535753048	0.952872628844430
0.877663851745348	0.949418749954067
0.971502063963912	0.960587998813854
#
0.018092610455489	0.043169111314502
0.092375887361093	0.012411202903583
0.158326834971860	0.049098168627615
0.231309494159373	0.031619858018616
0.263683029293591	0.036470601940288
0.368198019960126	0.046336518625924
0.391053516261408	0.034104532730208
0.479554788423016	0.026367183868160
0.510463809626052	0.018949591122556
0.616146205427625	0.031101445805654
0.627863653776088	0.006407641428851
0.728545689964910	0.004944921996199
0.773899774989439	0.003775735808601
0.821217581326193	0.026821128797443
0.933497055316343	0.004846439057693
0.949430265379355	0.043877290572011
0.017414173930281	0.104493915564263
0.101799025704223	0.110065301207375
0.149411598677261	0.114682008233429
0.199949139761145	0.111299046530342
0.281436339188119	0.085766791837119
0.328200956402743	0.079242758223960
0.383307243510105	0.079850807411678
0.484206913151826	0.095179510616041
0.559852470803273	0.064878655234323
0.606582081159363	0.081206697276492
0.646273226467607	0.097059011903954
0.729840930110039	0.078319182172026
0.795064883142492	0.099902044539317
0.859967513457515	0.075857358682169
0.899964323054874	0.082557888633469
0.988706930727048	0.120970103816006
0.031649890610517	0.141327275374515
0.096060026212027	0.183551609966334
0.158690597098598	0.158828190433869
0.245582066955530	0.177727890082222
0.279601023975900	0.169460724394759
0.314108263468744	0.134924744927540
0.409765818368123	0.153207832270001
0.495390021444855	0.150704685328110
0.542540162637024	0.133597999580344
0.599420871783379	0.187065552614412
0.628309950815353	0.186723172126041
0.699772777940909	0.130931545763377
0.802601462795306	0.180984040487903
0.830293309573385	0.137768439791461
0.914989043793173	0.147649227530381
0.984732465873177	0.159411446010208
0.005727627345065	0.197086966860710
0.066189237172643	0.210789055350653
0.162606047184115	0.201117673513623
0.242363848692589	0.187525467437814
0.266875584992085	0.194993400671518
0.324080108987768	0.213248619495600
0.417646327415166	0.212693868821998
0.449163126019799	0.244816417964715
0.561085758104708	0.188557073343209
0.576748306007764	0.216955908930268
0.684972351183526	0.225064624458916
0.747628793614597	0.249639752451829
0.796711739105338	0.208058681998648
0.812774613208667	0.249756909135556
0.888496420625829	0.243242202092251
0.952856231920970	0.210761387168491
0.016743971562652	0.304941304506487
0.093373823103233	0.294883688878590
0.168946627683227	0.289719232629221
0.191147217949887	0.280132799401794
0.280296346063329	0.298365132326927
0.331948521566100	0.305683267563158
0.430453319362819	0.311144566294072
0.494963590753023	0.258535473551260
0.529444668827216	0.269829659116182
0.575738595292377	0.269292331232408
0.626720991218863	0.292603116987181
0.748252225180797	0.254157359567275
0.800520797330076	0.276386128992049
0.869507274210804	0.275342690720652
0.892644911382847	0.287501020074706
0.993478839560640	0.272140216742326
0.009457494163527	0.342113678656079
0.099967912895947	0.312965371777063
0.153681568095037	0.314248286493646
0.205501641063719	0.349835593756832
0.280192084966738	0.347467073000145
0.337349354222498	0.338955021818740
0.428003472011886	0.323704586963566
0.459458259346885	0.374335677697518
0.543350402668782	0.368000718719675
0.609698225114774	0.326894069981504
0.640164380707467	0.357552944925859
0.749123291519732	0.328788712100659
0.777226676035725	0.358313657019360
0.832068617052764	0.345185324615493
0.896918654185002	0.317668425284249
0.962022204205166	0.335979502129713
0.004313044280119	0.397468299799359
0.118069111149658	0.410762381821001
0.171013278577247	0.402970793838140
0.204523573822697	0.393098810982913
0.280859789629085	0.416702113968018
0.368230917882344	0.416931246169710
0.391769552825547	0.420092512805735
0.467398982763965	0.391229059303582
0.547008041827243	0.408301669428079
0.581221562800049	0.380498757558060
0.676348300619016	0.393997728130547
0.689944565238535	0.389962423159732
0.758521130717946	0.418855450533762
0.862537310426714	0.416922948041913
0.912940348914811	0.397118062964784
0.941259571162811	0.420158507589404
0.054389746595847	0.467085559873862
0.068678170938785	0.481626404867071
0.144934489701976	0.470488373357916
0.234018458151612	0.469460939297443
0.262403009709647	0.476522493447182
0.358828590931680	0.472249091378122
0.403578754783044	0.484315317004061
0.450817877953713	0.469122322429116
0.528893331203468	0.455596801407076
0.614864262749875	0.495032465695411
0.652359067541514	0.454744809514900
0.731838759161611	0.466997975068399
0.788543983065999	0.478269142501119
0.863719004014558	0.489985897552684
0.905457556152939	0.476261526966412
0.980434520849477	0.443406891763072
0.047753854185635	0.555335210023409
0.107203395640176	0.501683417009582
0.166354621784728	0.506421411018568
0.189116393230883	0.528233827724060
0.300549159493076	0.522245395497243
0.318373700707074	0.528709452096654
0.376044943594268	0.541992345485369
0.445389119342526	0.530283403036949
0.523738813082743	0.541596058984077
0.617491895680430	0.554412318580880
0.636527261510265	0.500678039810895
0.736368899812542	0.543282925961721
0.792949022938951	0.503940403316855
0.861824240910780	0.515041697832067
0.930427469282394	0.533831154702658
0.964279183818558	0.509010506854162
0.016682403413389	0.623199897599570
0.096894495095335	0.571628605017701
0.126358223104351	0.615337108579776
0.245618081606952	0.619154874495965
0.259055018136058	0.574908298428615
0.363392779135237	0.608425337322621
0.376341973009715	0.574130738113106
0.488684896464386	0.619993661369079
0.528481289765560	0.577088242531076
0.608396311737806	0.588775143877434
0.667420993088726	0.595767956249362
0.720363384018504	0.621471965495490
0.797801555276453	0.585382563824040
0.812659830189696	0.594719499488063
0.881534070825794	0.592371421421965
0.989611765003556	0.600595630874297
0.012192347570018	0.679123950901936
0.084642222170868	0.631172805880469
0.171624675040162	0.679198787007294
0.249413700061132	0.686238583730007
0.295936234247856	0.652900022300985
0.344906936770982	0.626777748970612
0.378402831892228	0.681047252217784
0.451616137655595	0.650747750557085
0.505753121471091	0.631730141134288
0.600924202308157	0.656023023351683
0.676215939788664	0.663992353069245
0.690581659394219	0.638504293779494
0.760581738929167	0.637625450780644
0.852644499618943	0.678463168323730
0.921187784940979	0.642108064032418
0.971769346776248	0.631547843966179
0.023242707500640	0.738574379091983
0.117857053175768	0.744072307947574
0.178320890857913	0.712747143209038
0.206532344794025	0.697463377934174
0.255840327126402	0.720286306961855
0.314915287323509	0.729551907507598
0.417394362909229	0.737208325078177
0.462862073478839	0.698203776674509
0.502054470737245	0.749498333374387
0.569382765753982	0.706023916417273
0.631491225578122	0.732273302677151
0.727097360077220	0.702530324724510
0.773402108598012	0.717991513934799
0.834121717538014	0.724750327362504
0.886349425551912	0.734887045149782
0.945285772193523	0.715945518102019
0.029812606073057	0.799495217620161
0.106687718765272	0.765671069315442
0.185138205982544	0.799842383869654
0.204740288584083	0.795260370399398
0.251961176342322	0.796936263050171
0.350478543734173	0.779012700127557
0.380915917661254	0.768175442328950
0.484712587287583	0.788469298155040
0.527622823333396	0.770009386357854
0.577504745382467	0.768177365932073
0.630139573667580	0.783857679919190
0.696882741877200	0.782245275251857
0.809079848665646	0.762866933032723
0.816227251912054	0.781403312481452
0.893826703952818	0.770795596710126
0.998023033621843	0.810900545067480
0.009892170348878	0.816880728657562
0.112050182954303	0.822835972142135
0.172351491008269	0.817002681259649
0.192700094937510	0.837797072285390
0.305388198538075	0.868898935119831
0.328676919427509	0.841151587671752
0.394846691740059	0.845898173684463
0.445642535227384	0.850414922193255
0.532973718240502	0.816185848846493
0.594479530722480	0.871590236521231
0.670308443931935	0.812868835768399
0.695698094177804	0.817574495654571
0.787686002216694	0.863336981416991
0.869081348150289	0.820106238928881
0.932606706612885	0.821046831670345
0.973912806724294	0.818686456973941
0.013534685876461	0.906952296580293
0.105103428092576	0.891671434121479
0.182238847248894	0.911921874759584
0.247729016321881	0.896721807371760
0.286894906713719	0.918387500492015
0.318493036452796	0.916811940648316
0.382748694670212	0.925877776168840
0.452513148837027	0.898773377621261
0.519933460997984	0.876909020168104
0.574284437639123	0.930150948899717
0.673233345511424	0.902828170706129
0.694776681908354	0.876588288607678
0.809340009654253	0.921299866775237
0.834928984744458	0.898749623133044
0.906575656095887	0.877318759522126
0.982813333462764	0.911469096195411
0.010899892836087	0.940954614125880
0.075511970443887	0.941485146221585
0.178032250898083	0.998171542799839
0.244266340071165	0.952260634297799
0.274849262632744	0.972165523657963
0.342004778016010	0.948634247982091
0.431659503794894	0.942043902528133
0.487983415919119	0.963157605240275
0.508345431344548	0.939555484263589
0.616248325908382	0.949456610108483
0.677757542476234	0.971528658971430
0.710573227135598	0.959864954440241
0.776837415577457	0.947357346218745
0.851059182497803	0.992123815258295
0.879632629949980	0.953999455469078
0.991309506350967	0.993934223281437
#
0.051095047759264	0.042527682608931
0.097709716727890	0.022615682688219
0.182280743333344	0.060738426603665
0.218539372515757	0.022996897116070
0.259620106126443	0.012222848617174
0.346542402789705	0.024767593879315
0.381943039830528	0.039253861536098
0.456738128011170	0.026151447664865
0.515613745261359	0.015956792736765
0.578959039183440	0.044393129831737
0.685085903998135	0.008769117370543
0.735071863451756	0.039013955503822
0.785319061550619	0.061718310098331
0.843994358547263	0.004226716847445
0.925061522354386	0.021743640003084
0.954190549939333	0.029756438008569
0.013788751140537	0.096691159190189
0.117267185223700	0.065000829374767
0.148682735734895	0.073765952695689
0.191093966671288	0.099708247443710
0.307476316621172	0.067824008904939
0.321027138723532	0.078752406643762
0.377100635218574	0.096297583594289
0.442521243750239	0.086124795334443
0.536187110957384	0.124009396997050
0.623716976187708	0.090644289615016
0.634659615202029	0.102748343628540
0.697054927137693	0.094304479840632
0.779727120497782	0.099932149512445
0.825173730601131	0.079380510233315
0.884352604045848	0.097249933817598
0.937923034915101	0.118450147374754
0.045264671567191	0.167176078170812
0.113163342667549	0.130426335513575
0.183910676059059	0.173555930636603
0.221530681847718	0.125037016798169
0.258522398873703	0.136441816083724
0.339532760778566	0.150006401940483
0.388485510618423	0.182816680214092
0.494815327691570	0.185341787960576
0.525879204308353	0.140965007307465
0.566224519528035	0.180817947095683
0.683342735514940	0.158619039001320
0.700161629461255	0.161505118733972
0.753643728371510	0.184093000963119
0.834730635897077	0.182387037288837
0.935429548538623	0.186686736851508
0.979799516960000	0.148608093708430
0.028840253223628	0.207080749653881
0.100594727796990	0.197104427427311
0.158302229182050	0.193671137386973
0.195534325046589	0.247425746303034
0.254839105634563	0.208045967786584
0.328815473363808	0.224198146469821
0.415285773293647	0.242984681083002
0.485491711162727	0.189958717194376
0.559582463945165	0.226300404241495
0.585325075347867	0.190636303640352
0.682415407979259	0.208406503157086
0.704225594283600	0.219963000745620
0.754918086983943	0.239158095149127
0.848775548796117	0.203060104617165
0.932538955776845	0.197032774524305
0.982754435560842	0.197614934676121
0.008526295993018	0.298561636646293
0.064288518799420	0.273565143104891
0.130003927538638	0.296552889641969
0.229229180966907	0.280350673004950
0.287226641763054	0.274863652861645
0.347580969021674	0.276176627906080
0.408984703616352	0.256841120908349
0.445776054986817	0.291253829922935
0.553124867406586	0.261610654098124
0.591342839608282	0.284048096983239
0.652744977886962	0.303633831031885
0.749913385690868	0.295945016590633
0.757535259677688	0.294020478318334
0.847704000124406	0.290334769446714
0.889605146399607	0.288410906616112
0.991976536459284	0.310082437440889
0.034993600937886	0.331011790015272
0.115940267945626	0.366144004566861
0.174953592559894	0.319918083960055
0.228337391842119	0.354026323164936
0.271540867620856	0.328392591622167
0.318358826670646	0.331223087520623
0.402613610501311	0.367735577949261
0.450558185682296	0.348839337567645
0.508693390280519	0.357527055409743
0.601276720519242	0.363997639067005
0.643035789781258	0.348547755647113
0.718672364520880	0.349667353360487
0.776967390228405	0.317290981679640
0.849522209167369	0.317614266068003
0.925908994057893	0.373059112694594
0.986233509200680	0.317310571220543
0.027667766676207	0.435294401584029
0.119621439530077	0.378799893370317
0.167281947545074	0.382708080362111
0.210718874839535	0.416258048261227
0.254762949874220	0.434707079722361
0.367930396312832	0.396229716153752
0.420080061837817	0.409824829469394
0.489795529324863	0.396230988354942
0.538161232974534	0.417538433578456
0.595474495705677	0.386575333965960
0.673571006391680	0.391724150486226
0.736717164193214	0.410290758512051
0.773446533543395	0.381229827996863
0.850448780090769	0.411605432085135
0.929582426177124	0.406410601419376
0.998698590235715	0.413031834201080
0.042307905236913	0.496714298219703
0.109827793010587	0.443709592132645
0.171641903692889	0.499953519334657
0.238864091644381	0.445088460140999
0.282656123621891	0.473011667339134
0.322503509569798	0.458326831697679
0.410000254859333	0.477903178713262
0.478941811258309	0.468516319269784
0.554954978475570	0.440623342074832
0.600078472745390	0.440232560635831
0.642666408112311	0.479998522418900
0.731995133155024	0.483093700498714
0.763461217636583	0.479699825048377
0.850425558784726	0.494883274338181
0.878364299293809	0.466246410818129
0.956099173000222	0.455800358035672
0.056640800291007	0.541753711610626
0.075602102663974	0.524582643649677
0.186412539361956	0.501496942641446
0.246304616520369	0.554745340004970
0.311212206433693	0.558071222737332
0.352409319786799	0.508047104902344
0.422239566727597	0.549745992128678
0.479134314644997	0.557349780820624
0.533334745000078	0.507209695237039
0.605111741441677	0.547491324363507
0.627693850867845	0.548650498484180
0.689740770977163	0.549212956099471
0.772292931278304	0.515229139538768
0.859525439631433	0.531147311521612
0.911143830170888	0.549246333216258
0.991285873342139	0.505090316089357
0.024848642823018	0.566078815464531
0.091861218337287	0.576262388206963
0.149536050294301	0.575215828375126
0.232499718472827	0.614718305686772
0.277520550290360	0.579167079402638
0.341515565734360	0.593258458386003
0.389932291629359	0.604512802611457
0.487577597142099	0.580524455614627
0.537573219402128	0.601287768144111
0.617994949700193	0.594908244420637
0.675431871856663	0.616054792187888
0.695573125953221	0.614801084314776
0.782209657765857	0.606735164746464
0.819233770760296	0.598835753227197
0.882055873445830	0.603595288407196
0.986868041389824	0.609169432002043
0.041550299497100	0.651670300451613
0.116257558123618	0.678102818708425
0.159514793057347	0.632568573886545
0.192823416161775	0.667607342732397
0.298636150950598	0.662999085843446
0.319371576364355	0.661598754283995
0.391728378399678	0.648833674136860
0.471198807201860	0.641961896170271
0.549477747129155	0.654331288336388
0.588025095529278	0.672551556574193
0.680538831277061	0.671177095962613
0.705400196010107	0.680547048496210
0.757337291784896	0.662888736196418
0.816501425900264	0.641983481593659
0.900450341322098	0.641148849816213
0.955586460656041	0.638165258034287
0.024062425340308	0.737141579633961
0.075986479150245	0.711124602899916
0.156817251096204	0.696163003917007
0.208505211970421	0.721177080071922
0.306833042820062	0.703782699292941
0.350262993780841	0.693273157173715
0.382273737168236	0.690005313518342
0.463347884555894	0.690133135460814
0.534534607119750	0.711964476684682
0.570208592502216	0.740622386552422
0.656201507219510	0.746497649232973
0.746771443139708	0.717845579703652
0.808108288255313	0.718387813867509
0.825096799252810	0.741800902642263
0.925123780497262	0.691534736442038
0.967089423887569	0.734048109818028
0.042766383611659	0.752836789660001
0.085863727295856	0.773824809110101
0.167731360775123	0.763625861206936
0.237720402114843	0.780028277185636
0.279957702535893	0.794720984787499
0.316656511307032	0.787847197827149
0.418890518277509	0.781849045051925
0.448284541142821	0.774469340836971
0.537171052282716	0.811559846420786
0.614378671217565	0.787796468832017
0.661185391692255	0.770774952169921
0.729616030623931	0.757755830507436
0.802178175928346	0.774531573048334
0.858708125564435	0.764470844576594
0.907065271101791	0.769506738511149
0.978304098602572	0.758581262025652
0.015462139217523	0.821892068403399
0.086622735738434	0.862785769827381
0.182112788460127	0.839692054832050
0.201995873477891	0.842187796362487
0.300566084549196	0.867723445842910
0.370190987027644	0.841516613908814
0.435785918103248	0.852761013806509
0.467380126595935	0.856781675650687
0.542840858975039	0.846496841994579
0.606021221577195	0.823635014373258
0.627181648728364	0.835171456177526
0.744918301074630	0.874749561058648
0.768564500006280	0.861858152621276
0.866619710342870	0.827156046481607
0.895957449645143	0.825084335144512
0.952718737640585	0.824218133248905
0.046850263923255	0.920693002157075
0.120878817061516	0.906211990215516
0.136019725238676	0.884635196418882
0.244933916793073	0.934037067228122
0.258046379678544	0.915877079076803
0.372799572854489	0.923731729661518
0.430761092093485	0.927948478592548
0.494259884521426	0.878287285901789
0.522554854110944	0.875728911385692
0.563940835665898	0.919676404718700
0.662699273665249	0.894637954353154
0.726192718744556	0.919913086905124
0.800337255245619	0.909968611093929
0.837605183833536	0.886730517248910
0.928441786437980	0.906727793954017
0.946520635656552	0.879233037981142
0.045182562458255	0.980263141299426
0.113702668427420	0.988491098932221
0.134507967059502	0.970140122161279
0.246994344909791	0.973770048987067
0.308139773535808	0.996086466518134
0.337146156022126	0.953825692664558
0.432585829605834	0.981286059667772
0.475893529897647	0.947518431525682
0.560961080510975	0.982395386421097
0.590838726427369	0.979221544209104
0.658923996634880	0.954465643564930
0.738709644062610	0.984212816267207
0.801608026636324	0.970627545910684
0.859512719060181	0.998618655430297
0.917661199094183	0.959622888874640
0.954244121752969	0.949750389819325
#
0.011828491554323	0.017983685906623
0.067067104480129	0.013239007388064
0.144522746592882	0.008569351719592
0.205120053946767	0.016825900606188
0.279280925583858	0.052705715393579
0.351229397443526	0.051222139719460
0.423126700403664	0.042119006243213
0.472238893817933	0.002221632720256
0.521849337213638	0.020131068789081
0.606753595809395	0.046417404966526
0.633242629775950	0.024895637432904
0.737782153880173	0.034341074330579
0.774019338399875	0.037799102612259
0.826864910126167	0.042546908351953
0.879716772194304	0.012686274774067
0.938654025798583	0.010333873639543
0.038489960710516	0.100252970887291
0.105658360694223	0.077768516439309
0.179787193117614	0.122734745556427
0.223021033955859	0.116126693128288
0.271305014136900	0.082170560916925
0.349313397274658	0.100103205646179
0.390190176509249	0.124883474796634
0.447565298282440	0.122551102481678
0.522911181736950	0.114243516172106
0.563743624923807	0.084468251215752
0.661438761636717	0.091741089235698
0.715662713489300	0.077945892222446
0.783486144726860	0.087245912878948
0.828594623442878	0.102760751668308
0.889366150240383	0.109883196168203
0.972506608982223	0.076166316506259
0.025799573812587	0.126503465304618
0.065228669104452	0.138025471317937
0.140978324201651	0.163940861000782
0.238976425139461	0.186079735736381
0.282770515092479	0.139759723507976
0.348930883200707	0.177327382797917
0.411206909289166	0.168628884183971
0.460931223313308	0.144444146678304
0.500264861955718	0.175576367965684
0.597205584396656	0.186507400052274
0.659265549250242	0.170525456105365
0.730744269337329	0.186273337327008
0.776961389949886	0.184703269419773
0.866003292988987	0.158951446581970
0.922162741666465	0.130807825976705
0.991364191953643	0.145626307615458
0.059224056966888	0.217990961398578
0.113603885151936	0.220528380138108
0.166466454315574	0.233042727264236
0.197840135212252	0.212478943174933
0.258575719419419	0.246801422777190
0.330807660143079	0.188782533398197
0.392952161015815	0.233374499159021
0.458260664997683	0.233077926731919
0.520045224989309	0.193599342093477
0.569577032745485	0.237181661443827
0.667758148042545	0.242400802801107
0.716163782191268	0.202579012362421
0.758582300377563	0.239370930078875
0.822770582878210	0.202045047629984
0.928200294610742	0.204123472231236
0.968855450868456	0.209756173795265
0.059529852819869	0.280392714579448
0.074315460765342	0.285400864530914
0.139506197785262	0.256373293029930
0.202416975913201	0.302687272660012
0.292775788179779	0.296317126641822
0.344681952199825	0.270858979075765
0.417782214625688	0.264880245380309
0.443019212588672	0.264611522481337
0.537141125992555	0.289609661669729
0.617509861169385	0.272951005250321
0.687421899958263	0.265089702825083
0.697612036807721	0.264147025958320
0.797645876209751	0.289414350665620
0.822551107865887	0.274932710066771
0.911895676000718	0.251587969877079
0.978722653259459	0.274673280850326
0.044934643006403	0.362238171958536
0.103452418270975	0.352882693516529
0.139428842757928	0.319762087326907
0.213323121343465	0.350282745953948
0.305685123048766	0.357862813263285
0.361821942581288	0.335745063208333
0.415469959824223	0.372348595730110
0.445483389603436	0.370460593635324
0.533043157811752	0.329239085524282
0.591557889717877	0.318864530535965
0.631010786922651	0.337149898600101
0.690848519124172	0.348909104178638
0.812399739763327	0.316804278803012
0.858295640322216	0.346907680381999
0.926802481449396	0.327846391668507
0.965905131429528	0.338516174181368
0.060900094365561	0.394284921178893
0.069850285393733	0.400941289690892
0.182843524423159	0.375796952328714
0.212283444058216	0.434243855124047
0.299997059887391	0.430443661896964
0.314676139868022	0.427171308544854
0.429915628074067	0.417006478421857
0.451876035458263	0.407732987085528
0.510921955576847	0.406167766406706
0.588566700017212	0.397571437124296
0.656604435418640	0.390557767230332
0.699454024800671	0.424891755389374
0.778788070899618	0.406912103826625
0.857425251665973	0.427109319656065
0.897689081937468	0.403688963000008
0.970242867559484	0.424312364525234
0.027954376352824	0.486482123375517
0.088188275351582	0.495263403367778
0.165352777383605	0.468636977770048
0.212029728331144	0.444185200090680
0.308991387180051	0.481347852353088
0.344136101288403	0.496420787384599
0.421523565699235	0.467082586990339
0.458348203178809	0.486926668771642
0.546004726591288	0.498760359972660
0.566429245650403	0.440150112423615
0.638866089505927	0.463616187879493
0.687934811707338	0.498888481204372
0.810414063379963	0.482903447682132
0.840777132724942	0.446997895664419
0.905605777261221	0.493781630297606
0.946883656916181	0.444652243882802
0.018348740971030	0.544827845234500
0.101522654929786	0.508209472494947
0.176754952056626	0.532490996316772
0.190783065278847	0.529445307961885
0.290323092073161	0.510867001986100
0.355441885893918	0.508422669185308
0.430387975893772	0.539485924391655
0.464837058162628	0.524829426335015
0.533616467648795	0.552560841545942
0.607816923842257	0.512411232662250
0.670492625311132	0.519027411476482
0.719636005968120	0.537701159986365
0.795690197711971	0.504443519109498
0.838643247631528	0.508137245358815
0.923874868004088	0.539661667770045
0.952398031036695	0.560697509484761
0.020666938920195	0.599550934095064
0.100949896610330	0.586093222233139
0.172808390034551	0.575996744740637
0.191020218292489	0.612989556259822
0.276064735042994	0.570727683780302
0.358979673572229	0.618849897901260
0.376188632057442	0.567956970030898
0.455585069987710	0.620598699707328
0.519822776365867	0.610649288745050
0.605044196893588	0.587770986158347
0.685651034334593	0.618517879540687
0.725026962428826	0.586122459824808
0.785323404249578	0.593955168144068
0.827572623111208	0.621613365553579
0.877837233085962	0.605317163844085
0.958645803669618	0.599062919130447
0.035576403513103	0.673448103927879
0.082780882531726	0.678102825562377
0.181628262841056	0.629412597511991
0.243827351411182	0.681193313807294
0.262326295766939	0.630141752074738
0.365646822870627	0.634510982230890
0.404877384272958	0.646321394864079
0.498940000717747	0.636561792244683
0.544304620441237	0.687241378342091
0.622492307723731	0.683392027974104
0.637025471008272	0.678577451091511
0.732714285735324	0.661524723743560
0.756569104910961	0.656038868932179
0.855121974770474	0.675099224766041
0.927438106822068	0.682993549881618
0.961961872313861	0.647857092238929
0.003316348419366	0.705858600577539
0.073025932057767	0.731938387059359
0.153365892161002	0.729262396324603
0.195913442747182	0.727249943165749
0.253969275335308	0.731040425943453
0.365123350345558	0.749806831008710
0.388976785066532	0.726238779470729
0.499025831813697	0.704768075204284
0.533898419140931	0.718703551370698
0.602575149498315	0.711602437446500
0.667721643457241	0.735207265152178
0.743695791416381	0.719186670707233
0.804480112403277	0.745425142943376
0.831726830995578	0.736753118512396
0.928269347464845	0.692785188964402
0.939907270498785	0.720727315078426
0.015199877441674	0.753794311124667
0.084528288197943	0.809825463234406
0.166500283196569	0.804403977772315
0.199903789124778	0.754628062031029
0.304088354036000	0.790028604440747
0.323621282953215	0.778512737123764
0.412135826548826	0.799827895444429
0.449680480803289	0.811446525621914
0.510939771443009	0.792375035026314
0.585449711468641	0.804846358469186
0.647138453486757	0.800648601955769
0.702817356901434	0.786808178506747
0.758346418691996	0.797082765228018
0.840605213837257	0.775779411042640
0.932717658054367	0.758458536920594
0.942858617055546	0.787431518512296
0.048384909034563	0.841473054685973
0.108234971219379	0.857935856383512
0.177116273245103	0.861641324456814
0.225165019257149	0.826353455518571
0.277405746884156	0.843911999887534
0.321157733344277	0.865477813478321
0.429878282053368	0.839660430144207
0.494636378584461	0.865113359873675
0.504696492848964	0.846531537776820
0.567144747940974	0.844630670173706
0.684874345926189	0.853964737364199
0.697169009059940	0.847574313121167
0.795050922122330	0.821842690553596
0.835597157294535	0.870466162362244
0.891328445013805	0.836846610798814
0.941562797103907	0.821871951210050
0.033795540374423	0.896886876658394
0.095350386247819	0.898474152118078
0.156318926812689	0.919903375509871
0.231731139075531	0.920661192427078
0.286541000526408	0.923359337652419
0.366343038693034	0.905810172502140
0.395519115879554	0.881274353321356
0.485739562278786	0.894399553338159
0.500147810031229	0.879388987931746
0.578879258031696	0.910430842000160
0.665048029312177	0.904334912141630
0.737077285590832	0.890069037373776
0.802070223185483	0.933953934013600
0.855758818196659	0.896820535422727
0.896856795259369	0.912064574332806
0.937753853068048	0.897017090528276
0.029428035609757	0.962758859741795
0.103129181612895	0.971318158736410
0.177148395361064	0.972301125578187
0.245732663969563	0.977682097256808
0.269338815506627	0.949894561318772
0.325330807553914	0.956328968754697
0.428947727397654	0.967311226158592
0.495184403304636	0.944211608775475
0.508930764395960	0.995308680284142
0.590748581765394	0.990245288206554
0.687121063980069	0.996708615347559
0.695111579787361	0.937738963155481
0.753460919674477	0.999000855168328
0.825833340775183	0.955645228027283
0.877522852097760	0.991417691036807
0.952700720113982	0.944445024435279
#
0.020236420537167	0.001024597019079
0.098458448084062	0.033194415162596
0.136350346004206	0.013643818095709
0.249561314252685	0.010176117097767
0.250213496401606	0.014513616919171
0.324488390036157	0.017729705683940
0.407772990955336	0.028291553192723
0.472258380593210	0.033889288672686
0.544749660937174	0.034567497474972
0.589827714596136	0.025045147782668
0.669407287812072	0.033282423181409
0.692857557967156	0.027581968263858
0.809768696329503	0.029368289025586
0.859126100851369	0.058734547986238
0.900990054352090	0.036991642010862
0.947714471377017	0.026019165545823
0.015451945964701	0.111622173044975
0.101766894522418	0.110790162329397
0.155241305728616	0.098460177579187
0.220046081398624	0.080805398629933
0.282316053832140	0.110661374474448
0.369445534872810	0.115149650967831
0.410876227667526	0.092862136479901
0.484842346439218	0.063367305105405
0.538934609192408	0.093867589566826
0.597957510422090	0.098227623596491
0.654409407353822	0.106887705896373
0.708648783057846	0.064463031638754
0.794820310340105	0.065457112476685
0.850541005720278	0.085372489504021
0.895755754846790	0.083797725533670
0.963987221147164	0.123482563983645
0.012998742723837	0.146700466638827
0.121817385777090	0.141247316631197
0.185091178121532	0.129377201797179
0.204366833673992	0.137646435864769
0.294530597802259	0.144553646115133
0.342767596397378	0.151967809687361
0.391191496663073	0.167726244991116
0.439565004082877	0.128797827318496
0.544884150698172	0.154668900933389
0.620295295694446	0.173518175779846
0.667714196994834	0.129452973416064
0.733229561544892	0.152115313910091
0.805193033024015	0.138627515483212
0.824769518326449	0.149960582543272
0.916900992534217	0.132176535074757
0.949197635755804	0.130964840909225
0.036143286278505	0.193642395651816
0.114662114950400	0.225241299305400
0.175613529409890	0.228652823027492
0.191648486158612	0.227125744984864
0.273859981482117	0.230014379087955
0.352548627497756	0.235909375882686
0.430079018797278	0.206521137971203
0.482865779336511	0.201732555756865
0.525571664786681	0.192941385264378
0.581167343309770	0.231275896304584
0.662645290512625	0.218543792572698
0.721584050967727	0.199476964905503
0.793551030113257	0.193037789505450
0.815242552519250	0.188767671541722
0.925541896166522	0.229595043226051
0.998792067402693	0.216688148247588
0.045217415386629	0.302012223209490
0.070776945898723	0.294870579101814
0.131606172160619	0.250594398239766
0.228142070229664	0.259448795232328
0.254407397355979	0.270356635989821
0.335424269191088	0.309034340359279
0.396109680548219	0.270608655996762
0.461381258535870	0.281969565949279
0.557684035199388	0.295317406616597
0.598685458616513	0.306086887662203
0.629062659151750	0.275794804087676
0.706473245508148	0.268623362226906
0.795467134473838	0.285675531014142
0.827111759037271	0.301346431774750
0.885654486456340	0.301923921081918
0.981228927538900	0.303196280799619
0.030447980556159	0.353452482794168
0.108997179206111	0.323807270850825
0.129272688181203	0.319118988759960
0.203713050217767	0.360303121178947
0.254924635214830	0.334023585577152
0.349341315968042	0.362764467031291
0.430158317101923	0.351876021197386
0.498134465465703	0.357111611603087
0.509342070307313	0.351875349699258
0.599271280699589	0.347005865530112
0.652562026508400	0.315031949474949
0.723673192326951	0.329076021593431
0.766281389285876	0.356105550566247
0.816671540685154	0.353531044393552
0.896080946598337	0.347105506873831
0.984772114385216	0.355458928529513
0.030450043930428	0.388034267616001
0.090394220888939	0.424109346754060
0.172536300360816	0.405112353422472
0.207128362458229	0.382278236911464
0.278218855855106	0.428354679604726
0.361276032880129	0.383513317751003
0.375530422869029	0.400107460466122
0.455120818548049	0.424562298558783
0.558075453823101	0.417864543730478
0.570699428035458	0.420503389552004
0.658829247994309	0.415371837685903
0.696918350995849	0.423000211591250
0.810433767822789	0.421027839485562
0.843007305484034	0.405944941630807
0.892104105460365	0.417531896086883
0.992848538428160	0.387698808295000
0.029155169140234	0.468175710447988
0.107072421985695	0.459526385738753
0.132973387169878	0.440728118294670
0.200307372698516	0.461607650044399
0.296470367491471	0.486494330948101
0.321458358901776	0.447402199878102
0.434647704706795	0.455442644878161
0.472877160756122	0.445830970669824
0.548427343525325	0.455883438615916
0.595588537057184	0.441183384290473
0.683630571539661	0.498379686235771
0.692499509635381	0.459582141896729
0.785480073748734	0.452993471615597
0.866493120394646	0.492167464542940
0.905442700088127	0.474674210732261
0.962766728166087	0.460002253986896
0.039236124759595	0.542893189684929
0.067856582086616	0.558093339873150
0.138178634591326	0.545277845750744
0.226961659102110	0.512601405574265
0.285467366085031	0.513953030345485
0.355773430429579	0.505420810806197
0.415765332169427	0.536430811867218
0.450891449526742	0.513425843720540
0.516872624797833	0.534715453432807
0.603029380096246	0.518448849052877
0.640727191614156	0.510304190759269
0.736307175026463	0.560160664186152
0.750154094930658	0.545808759223043
0.841111616019884	0.516974552567577
0.928153919461336	0.506163963816633
0.948198533342965	0.515749892660126
0.053280062971353	0.597653809841176
0.084451082167670	0.569346105957950
0.160207217116306	0.592764220789602
0.223869138740438	0.594684537609500
0.274535288050430	0.565435163735630
0.366369073844717	0.590803845457454
0.424215865332916	0.586825181313750
0.474678709515063	0.602867141986584
0.543227239929425	0.607730075902126
0.569736063351095	0.575581305983495
0.654268066914931	0.563168886830837
0.688696263358275	0.622633088452307
0.795374136385013	0.586616090708206
0.827038729697708	0.565433600816278
0.916661773235924	0.606562720461880
0.995382309701033	0.584599942075927
0.031266355385018	0.651153967998376
0.114472409329487	0.660279964236026
0.158796067401137	0.661498741138843
0.230147929435514	0.659741769931219
0.274754396383593	0.644317498595179
0.349647850490792	0.628849223460734
0.431502910125768	0.645104285450677
0.483541993973437	0.631360234155753
0.521073706045531	0.657138605362186
0.608370431389397	0.660434594968202
0.636015605067605	0.670632558274230
0.734459344555964	0.626872847293707
0.805602088903683	0.668750452702807
0.824591113228139	0.649954513245019
0.905039420663970	0.634057079633129
0.944165273716595	0.674443005552037
0.017414008620524	0.723626802974876
0.101920725175743	0.704461062330976
0.166040947306561	0.719998532913741
0.189935749484560	0.740426176618302
0.263097229562257	0.701916951718604
0.313190995220954	0.706787622450918
0.435781158099016	0.700487247714886
0.497469103152391	0.703971730636310
0.515991333759388	0.748377656607395
0.600565161666732	0.719616583847002
0.665295614040875	0.737832530122328
0.702120198318646	0.734307372560563
0.802288969466996	0.733876647423924
0.838129570204329	0.745895427214190
0.913644273963558	0.699903702686402
0.952560322872028	0.722431099457883
0.058746529742201	0.750753773914942
0.115565695375685	0.798664451442581
0.158817394280647	0.750687636100498
0.197369452146201	0.784864767360819
0.254550011465803	0.810530900154386
0.354011736572490	0.801382236645762
0.385079771209876	0.786733713344260
0.463165547166291	0.756620202185963
0.518417301417426	0.780991612533338
0.607481348673459	0.802560471505290
0.632845490750704	0.761377364254179
0.722659896092410	0.800420967553607
0.781768210748972	0.777705864390639
0.845036288250712	0.783122052475373
0.912442197056939	0.772057575004189
0.941521523652254	0.781538944465932
0.013348677387891	0.841116350310882
0.097197831761953	0.816797801978373
0.167200274295104	0.858694463615235
0.232077249292535	0.870785847203407
0.273055430448860	0.873725745026308
0.325749433267803	0.823245632770296
0.424538019837820	0.822387788796306
0.485934692970113	0.855494195387115
0.534447137303522	0.829699180005630
0.614332743190306	0.841372437621786
0.662630579108403	0.819727805575758
0.729276063454285	0.824997792416252
0.755400927054673	0.850814190352874
0.824837566705499	0.854673804346745
0.903883236016003	0.829131447583002
0.969883890044266	0.868622674430633
0.058894932589353	0.932851080737973
0.093632464100638	0.910179406514550
0.179387453665116	0.923493977487319
0.199563427569127	0.924078227890790
0.276076352448104	0.883865848767773
0.324289954444810	0.903036030816272
0.433984034431978	0.935928754566337
0.455312317619755	0.903238918682500
0.547197720192419	0.891054848372833
0.588749622437463	0.880493067526373
0.628362013071511	0.886193285509640
0.749179782360252	0.880639495853251
0.783213364084534	0.900931872448053
0.868196268171467	0.913585952026440
0.888202142511891	0.930296102085918
0.976874932350329	0.876591275650214
0.027138082593362	0.973762521543252
0.083916837601903	0.952867823409119
0.160365188211520	0.952645023560651
0.194598145304387	0.973594300661025
0.303466536990243	0.990194294191942
0.357282805019590	0.966221640475262
0.408168279879184	0.998211263576688
0.445922787288652	0.942486639805135
0.523261269196114	0.947830742023729
0.603084679280427	0.976716335217170
0.677470167936401	0.971791204189484
0.698684811638362	0.983941048423630
0.754423043909930	0.995718681412567
0.819119308567401	0.959098273791396
0.896936327631570	0.992850687731488
0.969095650281896	0.993442646735567
#
0.012541881750813	0.062151036647184
0.069861242491138	0.029246764075185
0.126031321022550	0.021888568347643
0.200210461817964	0.020957606005473
0.258252123299928	0.019945741970429
0.371112445237490	0.046604513943685
0.424237781797824	0.051338289905418
0.479816802598028	0.024707814247745
0.551666229669742	0.016607689820604
0.618151005050319	0.034767034020570
0.676349339130998	0.001092829829104
0.694555600277278	0.008614219203269
0.763286887089090	0.009357162840748
0.835039216433661	0.016237476480598
0.903525395616546	0.029396430057682
0.955868111243674	0.042901467192662
0.057212699989256	0.090256273607434
0.121755265469955	0.101916624446031
0.170784689918692	0.089747527227678
0.201963812174384	0.088455141455274
0.253435884952414	0.064564707660364
0.362568218098038	0.081223179648799
0.404369319461256	0.076558638250935
0.465745309970981	0.122042259957418
0.500843715563147	0.092702937334008
0.571748764154443	0.104240081253634
0.657351566849940	0.121254269556667
0.700020011793827	0.063904734023126
0.772752334456367	0.072345398732541
0.815199811637914	0.062892207090136
0.915590509316090	0.123969395397340
0.987767506504377	0.122602707662178
0.046082074531839	0.128527764857520
0.115635287189073	0.155481897112444
0.178442518646699	0.172153424613563
0.200699545693514	0.137269059490009
0.304522729971684	0.136850343990803
0.365332990620596	0.154152715207113
0.386704405583256	0.178775916921738
0.468625536996086	0.126420368193397
0.513229471168767	0.187497926614014
0.569109510180799	0.173148831392906
0.675437323309699	0.159479561037030
0.745449690030760	0.152542890958149
0.769751305027109	0.183676241677878
0.832869027076608	0.142859163334444
0.907553665798636	0.179223657132644
0.993213929816432	0.150539213942955
0.016725943966123	0.208806589614555
0.117741562424400	0.229557045177686
0.180896449163183	0.249537663257690
0.208401835703035	0.200514218292784
0.276938663699999	0.212968330996336
0.325701755518257	0.191529760589248
0.403098601286905	0.207177086228546
0.442486451823494	0.220436027965144
0.523846077534567	0.225689907043285
0.620325561684516	0.225180673683686
0.632490184319902	0.242817450938820
0.720015110906683	0.243341700623474
0.804973466523800	0.214489270197109
0.843650691742345	0.220432797236236
0.880736343069173	0.230795153514085
0.999905335891504	0.190549161475047
0.034995529750594	0.299222691097931
0.094858993187048	0.254267026700374
0.167860891083339	0.250608682268790
0.240051852813352	0.267018358197999
0.252849762546911	0.270795139925507
0.340827625498834	0.260014686313810
0.434768744074336	0.266981822617115
0.475796795342652	0.296896611263951
0.561985864711340	0.268000044252956
0.566274984915223	0.297784381557206
0.658059979796656	0.259379756464479
0.692803982981202	0.259094466108152
0.768836799256698	0.251471157331595
0.843226158358326	0.298649370041361
0.880475128812942	0.269035255875563
0.969992314545669	0.284260151100871
0.036742604157013	0.340862141841408
0.089873761658062	0.316050075577467
0.133826470717631	0.373387540864848
0.224856257156319	0.342553117566871
0.300220404195767	0.340066109542983
0.323824430876720	0.320745105609704
0.418409313041696	0.356840772026181
0.499419589454057	0.333993890560580
0.505727000332141	0.345289857439997
0.563741202815725	0.348825612317614
0.686729178516364	0.338768812411877
0.721713071027587	0.336717965348907
0.790635998122891	0.369819529979099
0.821267213587129	0.355088459104902
0.930645315222360	0.323748051395232
0.953431502031961	0.327283259528289
0.013632705583850	0.406829306703138
0.068232120816417	0.403715528787280
0.181529890744488	0.383780631951820
0.193901372783911	0.413036148494700
0.274238138523474	0.409384420848075
0.373289308262940	0.420534410902889
0.413499739553896	0.429155995689020
0.456177076329169	0.425075691685215
0.513466881111024	0.401274647395190
0.571620264223688	0.426133914469656
0.655223260364198	0.397087970855550
0.711291411315042	0.403842798339050
0.810493880853288	0.396650294283556
0.861973883886699	0.385466688402339
0.888534521978240	0.437441920934348
0.964902176164301	0.401159771753279
0.025494582738726	0.468604872563413
0.079721236576378	0.458729828800128
0.157021903687744	0.470647344824543
0.236856437867241	0.486249960388232
0.270076393721992	0.456666883944223
0.325919129408644	0.448557074213414
0.386518620684864	0.468931295843546
0.493306444592496	0.453783796201759
0.541472249237465	0.464793632715543
0.570981642669877	0.447039309120048
0.666001880347263	0.491159551673024
0.716326646382531	0.445819150862125
0.773038624849412	0.487390473598472
0.817022788790526	0.463825786084944
0.918856317216730	0.471499847765430
0.973794720071320	0.480507253766527
0.016087307947708	0.555087784230729
0.124628218007187	0.556375925063942
0.147020217327406	0.540818418574826
0.210663772062553	0.536368911861528
0.300966495659893	0.505443949995782
0.349875174675224	0.532232637859353
0.401047846031968	0.541031087088871
0.462135343192410	0.521220541826035
0.546893133268900	0.508842186160349
0.611785559955585	0.551789369446176
0.626335199733459	0.502554853840278
0.714053004331433	0.520652120137390
0.807257363295010	0.522314756007938
0.841239837383325	0.548872492127440
0.936902041983419	0.519296524483198
0.993658425706941	0.538954391735362
0.015095623024412	0.583222320613736
0.122678199287662	0.603948298822261
0.183793076458688	0.563577137145581
0.212513342752939	0.610107733617213
0.269291593552169	0.573133664833879
0.312810193179830	0.610297891424340
0.377000149048865	0.572515338690722
0.452561445159386	0.604350723292295
0.551534306124443	0.612691332583244
0.592549884727935	0.601695364030124
0.633473520110937	0.562624679732864
0.733888642320267	0.593827053358855
0.770256096705621	0.600215509047898
0.859008495299264	0.562707557328443
0.934752170417866	0.613711217633963
0.958614996682996	0.601228607478256
0.038838345479183	0.636563306153185
0.095939880492152	0.646358148403549
0.186695634780148	0.657249336545879
0.193851758785628	0.643275879807951
0.267318459391785	0.634147771054215
0.351742359585884	0.645274996907747
0.422900118410564	0.667652575862047
0.458655285377441	0.681286691992145
0.538853001542472	0.642563715362936
0.575908637026653	0.641096373528963
0.638944177338608	0.647131713607146
0.690762176324674	0.630498326006461
0.755058481199098	0.634951269940345
0.841255556318503	0.684422516088682
0.913747255393827	0.677145944251014
0.940574599707167	0.675749146274931
0.025731710592106	0.737790303884025
0.110838695411416	0.688826510290109
0.175014544741138	0.742322985139285
0.207757353874682	0.731062429719852
0.254683636391927	0.718080837344886
0.332565854439178	0.690644074232118
0.431198556018341	0.743343729538807
0.479890802535785	0.746534095334130
0.535571500827342	0.724110442251342
0.583590750805705	0.714686628990384
0.653647952108562	0.723642506135777
0.716965255305279	0.687776423772512
0.774259720308883	0.700613329888581
0.817032584834269	0.712264433538021
0.875966565174392	0.712101309187617
0.970732914888238	0.720661499123243
0.034675349212991	0.753664087868799
0.098076371877239	0.786852368860704
0.142507990826272	0.782359957760749
0.238184743587203	0.809631165683882
0.293319991421495	0.755757531952871
0.325598422993929	0.792891626794681
0.397503288584413	0.753448379095865
0.443075513424835	0.793906843343612
0.510176364756812	0.768562192116180
0.622342435016726	0.775259845954194
0.664960103788171	0.806782635131218
0.714109120809382	0.804489247600895
0.751862989491635	0.753066267222298
0.816824608759914	0.755764180082656
0.902533525825719	0.810878689371370
0.972376346188801	0.767470033945276
0.037018778815288	0.868103356651986
0.122967294824302	0.838205774786348
0.161946127549034	0.813171111425774
0.202586862363989	0.829117856297902
0.260835276613556	0.823749481150007
0.314529820549542	0.847428445843381
0.383105660732394	0.853677994581214
0.443767533682698	0.869196505808317
0.540335226129469	0.856420305436808
0.589209280143075	0.838189847642367
0.631553992019397	0.814099114737846
0.702231526494662	0.854183182173684
0.803920657386519	0.824810120469148
0.838191304492809	0.870284858886219
0.921708190460738	0.831165750980998
0.971544548993475	0.851750072319235
0.054393481082957	0.896619730328470
0.109913993492353	0.920336670485636
0.152366956454904	0.923069624794430
0.229886638563449	0.929145003201357
0.271226331247302	0.886518101807222
0.355866311215415	0.905720193848414
0.430124943695875	0.919145513612694
0.458428286850319	0.884913622636794
0.507985252495968	0.928538747566296
0.583324252909125	0.884761881362009
0.666428805484071	0.924794115836219
0.694202616434009	0.917921748560719
0.802460899981661	0.937161645982918
0.824564707060825	0.877550201956776
0.922159190708110	0.878533951400554
0.967550836277672	0.887887382373537
0.017428730633093	0.972265496843556
0.067277299052169	0.984704284313997
0.136096900622616	0.937585328676525
0.248965736958540	0.952265453251839
0.272363569214326	0.958112509533091
0.356031991202275	0.952648568276234
0.386888620882968	0.961985635533227
0.446203542322317	0.951589836844148
0.554202328070347	0.985796559162158
0.590498886004905	0.941785572810747
0.664519971638690	0.953595950068230
0.740871579078578	0.980061914170525
0.759358717276333	0.974568962593812
0.859811352897042	0.954605489463919
0.898114737172289	0.968450644148036
0.988897592816245	0.960161322689420
#
0.007784434217677	0.048372926900250
0.069387640776552	0.058487052548092
0.136890604643708	0.027803173819045
0.207625019150466	0.050506893062384
0.271722092822129	0.051323830336641
0.314047950072924	0.010948771438782
0.429511288208191	0.062048275183665
0.482438157876008	0.005502158660791
0.547927655101621	0.054214245404982
0.569459177700793	0.002893931946110
0.630108206359462	0.036079941223976
0.725954919174769	0.023397648217715
0.796208726180184	0.002864310067465
0.822964190784368	0.062206493326744
0.917289598170852	0.018131877721900
0.994314372872890	0.025912935284063
0.004033491089133	0.076692065489290
0.085140503307954	0.079622440713486
0.156965876674970	0.063778873780691
0.240605134907669	0.117031411440585
0.250408518986755	0.078374927765311
0.367445771362387	0.068632898591723
0.386935982477603	0.116833281905119
0.452065972716563	0.119210376693916
0.509852521414834	0.116132144115663
0.590212748727112	0.069408107928910
0.657866899921295	0.084093260642046
0.748948448642960	0.064064597944162
0.779451175556041	0.121258481783154
0.851082221803042	0.116633792784213
0.903034670517788	0.064548615104763
0.953779200968863	0.079087350826964
0.028733841703211	0.141869537288875
0.062726979042107	0.153544623134901
0.137751458041079	0.178014052520277
0.216974314789282	0.178714181963870
0.295306426643582	0.156804526086618
0.337198900748556	0.140384015630787
0.404792387554723	0.166083429149255
0.474926044547447	0.175211360806183
0.505516061909850	0.180208243311548
0.574681342669572	0.169072380794462
0.662822467793087	0.145811312211051
0.711302746354789	0.178446186602452
0.756255784815586	0.133320873197708
0.839223981099023	0.151577102681407
0.898586466724772	0.152466731719898
0.974432379743534	0.181063656053404
0.056183420673172	0.201416322382613
0.067131820441487	0.218433204681713
0.168335596953597	0.236465621329021
0.224235884344493	0.249146446265314
0.303092853411355	0.229822924777941
0.349753801690474	0.194311621454966
0.375101039448078	0.244071520557993
0.454922682784363	0.234768189864645
0.534010999232766	0.215416401223726
0.622925088143774	0.232415237925578
0.670539588517984	0.203824910964776
0.707228194373829	0.187969865088344
0.761999597615679	0.191429614934355
0.857549645119009	0.229261076160302
0.920412707458696	0.244460990170939
0.962002833961626	0.229423913503281
0.000546854105905	0.252298078645789
0.101218127014283	0.270332015458921
0.173289240509223	0.253316233444683
0.248314459735019	0.252726511186391
0.300506566226368	0.250394060189229
0.315953100828559	0.307920435064104
0.415460606944505	0.307778657412920
0.457764797019252	0.307511149977220
0.523362651501867	0.252785581019191
0.607416703187026	0.274833602108954
0.669624352794402	0.293458587369173
0.734134660637154	0.302572462181578
0.812326109764358	0.293923841785040
0.857023631334776	0.279823516982683
0.936679778402131	0.278920210686377
0.945124735009769	0.289910084053387
0.016132448541730	0.337183980073241
0.108363016519198	0.313268722995596
0.179408645182710	0.360144348287756
0.213290247373700	0.352162812729288
0.294648741033079	0.355473807047930
0.361476465576323	0.368594673780863
0.415337891370952	0.364262954576817
0.443859573731632	0.349535570415793
0.548243256573505	0.360407532785998
0.568723170248261	0.353495326033676
0.671368774459434	0.356024654970627
0.692446025889936	0.338150081943756
0.750134668312998	0.330294560543330
0.834200231261598	0.319155158301968
0.921327927917318	0.324298616836150
0.967349317048176	0.355856977122220
0.035971392187283	0.424981169414236
0.097308737874219	0.409702392230323
0.131723313390213	0.435322892895276
0.215151895629860	0.408884547411321
0.308918925568908	0.398878332334892
0.371253243253742	0.403015924929761
0.403236115547068	0.420910758631865
0.451018782772245	0.431015393884390
0.541009473463872	0.422457245495160
0.567037692454652	0.420749772350711
0.657758181616724	0.404691415540220
0.742704702466774	0.419011466375438
0.788704101529136	0.412464776827247
0.872887365679580	0.399633762912623
0.931969069292412	0.391870813826535
0.939350680317579	0.431716489022182
0.058503683146207	0.444496631973189
0.092709921482068	0.483293794615495
0.127236934219193	0.489177695400239
0.193058577280156	0.461662796578990
0.265214420247407	0.437558384684976
0.364768647804686	0.477901419823268
0.390329429650523	0.444755713486172
0.441694150810757	0.438469995555577
0.556391655669755	0.462886297237218
0.593417249568952	0.460846013787865
0.651060757218758	0.470286460964774
0.729486128688903	0.472798180556343
0.774900958748162	0.480023578284896
0.854182629346424	0.439119194067111
0.898573951728426	0.464319171695811
0.999321094786707	0.483665749470509
0.001114130442407	0.504177881362075
0.098064805112794	0.549036176275470
0.127784909186369	0.527293675527278
0.201433072204570	0.532695799782569
0.307073575603327	0.522098518127366
0.349688464827996	0.500500950234826
0.393707285348491	0.537529343107606
0.477695696632773	0.530837492486075
0.506390686570408	0.552844050963839
0.617748105431150	0.523051629037492
0.648428162929120	0.505249859780946
0.728907554958460	0.562471149052719
0.756374134043319	0.552283550144589
0.835662310279012	0.516506004573080
0.885931740939485	0.546700434580958
0.990812611778572	0.555961540898648
0.007575769386621	0.598518256819462
0.122821266122121	0.607709927669542
0.160257628544992	0.594051021638804
0.199023123789584	0.563330046745443
0.311905514405087	0.591869831499497
0.336428387489037	0.583908658465116
0.391743084055894	0.609815640371483
0.465421661842945	0.602785047575083
0.543579631626159	0.612280659883931
0.608459364153319	0.615229346074101
0.677191973690570	0.620131135058503
0.691181279137656	0.587258320307536
0.787077220849362	0.623458484871303
0.873253525248904	0.580687816011647
0.884725258062180	0.576059254515231
0.967413759811878	0.580854403164902
0.037515268262363	0.679724401414214
0.093518748944862	0.650297078950167
0.179815215013180	0.658294332090484
0.229394900564080	0.641969840802944
0.270582338901722	0.627845807903876
0.365933124206712	0.656777595642902
0.388826085505152	0.642497543788049
0.485138115644254	0.665461524777455
0.518422055702755	0.653689648438871
0.582697464812709	0.674728071837972
0.686840092297490	0.682311861541777
0.725822628571960	0.671669023733509
0.785969686891993	0.668569241267645
0.828115259257172	0.652230222410227
0.930755196734275	0.657975117829157
0.970359761566590	0.636536415421645
0.014695397217803	0.695119565034429
0.082712575055825	0.704354352481746
0.162324309415958	0.690891576815255
0.211590174241944	0.719739756001448
0.284086186112041	0.741481217742893
0.326369027479405	0.725805953517744
0.387547916561027	0.689548623428458
0.480132546780545	0.690132001400956
0.506489426728568	0.726479004626507
0.622761832826133	0.738448288434522
0.640604042771879	0.745718026052513
0.733754359545711	0.742554604059564
0.773444702475901	0.735328014732881
0.824632924183885	0.704998602643609
0.919576968702506	0.719308267660511
0.976028199025553	0.741090589171762
0.001850828237797	0.758985761875283
0.093841881935099	0.758921914255810
0.129860940113981	0.801370379017636
0.232418561393842	0.799938311811988
0.255901960410038	0.768943611624172
0.343781064199000	0.801999426357099
0.401680282934494	0.769065751509407
0.489840731749973	0.760800947554130
0.508405852540956	0.755938190575325
0.562518556893342	0.754260043119839
0.651097183078201	0.776355630360510
0.747371478165703	0.773809077994970
0.803852235023247	0.751160434723986
0.866230888930436	0.784110581481157
0.920310743338268	0.801827295084211
0.983900969684217	0.761149693253951
0.012047595129010	0.815355951301836
0.121062500692453	0.861013105747060
0.185433023361357	0.853367747690265
0.218949120149819	0.869129038254411
0.293967650907922	0.871020291348924
0.320123569546878	0.862790693846250
0.384643260813817	0.845877090680501
0.472427292953345	0.856658303261888
0.526558260803357	0.824415043523050
0.618242119626548	0.830786653929573
0.679766233965002	0.846977813337459
0.698817441431763	0.851559577620719
0.803805209577853	0.823247184790263
0.853232642674291	0.824888154721676
0.912449496603210	0.866256103339548
0.951739145417055	0.866505375930342
0.011180009346264	0.900519043838843
0.088670669507974	0.919128287535656
0.181169455694889	0.877817132598212
0.213039298111233	0.913102756117727
0.270156967254625	0.895046176786429
0.321456814070455	0.878171127159305
0.382340633617677	0.899672069039585
0.440172582879936	0.903102480158117
0.536982534898441	0.914864195287196
0.614048750413710	0.898344838997197
0.626375105363288	0.878657935973876
0.724663232098022	0.904187371480904
0.793820522706681	0.934638102974775
0.818079567486555	0.910779677980062
0.908981541878074	0.924396362734702
0.979547613775834	0.887601484722132
0.025368758701456	0.949321048133266
0.065439038881552	0.969180912368857
0.170851333164808	0.972061565779630
0.207225306066038	0.944152221696370
0.258347282726515	0.954478733580205
0.323801229244867	0.994910305874052
0.404928994430213	0.956945887436612
0.471458404012713	0.943901961146947
0.547749835819763	0.943959344776571
0.583175048309652	0.989716481676958
0.682326932771207	0.942575490641774
0.704173446054727	0.965364882976367
0.804449433604476	0.950373408533138
0.843701584926737	0.962624039041140
0.883845757826079	0.950326565335930
0.974856078764390	0.978120047695846
