0.002638269536579	0.031219618227617
0.093175179463154	0.000759571470730
0.140348404154728	0.003510791372627
0.245682338193451	0.025160137220556
0.254455973729947	0.044583098071065
0.341055513875572	0.013255062588899
0.415806702886081	0.039395353635050
0.465444745313247	0.033093279148008
0.539486584146388	0.029306610965707
0.581893819214169	0.001990568708161
0.641161212832355	0.013557455170913
0.693376851691487	0.057735265129650
0.773803875583411	0.011258039305978
0.837437501401277	0.006933461803578
0.920149322362302	0.026648480073001
0.975483699099390	0.043598022438492
0.044008067862947	0.081693720498982
0.098033141003813	0.065299383510789
0.184812725360927	0.080709001723027
0.214122144176886	0.083073322214902
0.256554656241567	0.096239603583524
0.356483136110237	0.068111460526267
0.420737681659110	0.115110171767327
0.491914323805695	0.087387666242986
0.526762359272517	0.078626616745285
0.593737106981277	0.086803367192462
0.680104078461324	0.121939280826351
0.704955188503362	0.110521098377188
0.753615949725759	0.063598195469495
0.874921809241623	0.110039555071280
0.877708809057998	0.121993038962710
0.982877327940165	0.069947842102835
0.012639813899328	0.135401496418729
0.109280860877312	0.132053300172452
0.131285134165963	0.133401200279105
0.243707348372836	0.165268524602933
0.300216956148557	0.149006352547208
0.355057814153856	0.148473026367364
0.417095506573584	0.140252849367157
0.478787794063983	0.145117742858156
0.522025694653747	0.161751944885881
0.572459980061967	0.186986473796304
0.625708659514368	0.178056268310304
0.731093906356509	0.126108457858467
0.806929757264310	0.160979146946566
0.870527445555904	0.138972440068371
0.898343719532910	0.139008199944861
0.958719108389625	0.145297148065944
0.023204390648916	0.197225854821672
0.103747641066147	0.247217555937175
0.143699794429983	0.219569247412628
0.214007944791580	0.229929673771823
0.291052575945750	0.191421430980885
0.373862374850167	0.192865327904086
0.388538978254897	0.194563560815194
0.437978682850483	0.224071769969089
0.544960440816349	0.206416220292197
0.582296958896284	0.209921525068912
0.667115777347846	0.243857462918120
0.732580037623430	0.212594656948954
0.750721432778105	0.198428905236867
0.831649197182653	0.235710930876250
0.882550189287879	0.189545007161108
0.990983702574969	0.210454781108525
0.005840358500332	0.296392694068233
0.101442606852260	0.268537993314336
0.143974070849124	0.271726288270258
0.213773489921301	0.262958191105388
0.308119906664505	0.283129751806410
0.365054523599114	0.277271230565913
0.394757365885251	0.286874681690679
0.492592002569021	0.300510375961431
0.515927851465747	0.284324316388654
0.576446876675227	0.261822202798636
0.676621259347680	0.278820396495010
0.739587682544274	0.311813548585473
0.796225656635064	0.306041893955213
0.817422779481840	0.292848605847184
0.876033172448173	0.274048432611522
0.975761395495097	0.303150701756391
0.012868718698241	0.356802786215977
0.080119439652217	0.339631157104073
0.144237898469259	0.327545208787207
0.245011692254341	0.350927835630353
0.298971116961672	0.341439902934697
0.369667852252528	0.342261337813051
0.425342075436572	0.350320986015215
0.470604452064867	0.334680515797734
0.532085555947755	0.320348346127511
0.611862192465775	0.314860782979489
0.662222655469604	0.338763846789083
0.696487200041066	0.328040179378130
0.775014380260840	0.358628813115328
0.869767492432093	0.371032160560375
0.931962489003656	0.357396953938854
0.957253771460325	0.328577352022072
0.021998188245226	0.425869676878413
0.096068034334706	0.412251889190462
0.173094868089094	0.382640802274142
0.243500326060108	0.395994904717895
0.283768955043929	0.388426384891715
0.366797546854196	0.433359694884475
0.433250464177865	0.418620679843268
0.484746484053262	0.414683641991504
0.537770996432000	0.435705909941626
0.584965099731336	0.379694782678782
0.680820753083290	0.377891895332814
0.702126342544711	0.406667400158864
0.776544111379549	0.397142011313616
0.855763892085702	0.420334190140789
0.885397823617188	0.405961120872167
0.969421183421375	0.388653181452805
0.018650361079176	0.496964144272372
0.086460446449686	0.461265164374785
0.134746903352148	0.471089264109286
0.200428832107091	0.482117321818279
0.312443025599337	0.491269428790260
0.334186109457325	0.450256703526307
0.417354273474159	0.490998715785914
0.496688945043527	0.447692489413939
0.552945721659447	0.448434081542290
0.575404420294311	0.445660704515912
0.658842294804948	0.437824372435064
0.721563263265780	0.489159709247565
0.800647324355819	0.464623239348788
0.854186639141218	0.488950336480385
0.892588117178550	0.490435671757542
0.957105274666009	0.470468976295197
0.011552283732233	0.501118315544123
0.085216596305886	0.524076227599074
0.146035674105756	0.511057997314156
0.208932070634079	0.557438511851346
0.303262371247579	0.539396671762084
0.362327365594643	0.560741425331389
0.425895372708537	0.501711127916167
0.483017803980740	0.561424651939637
0.558185370099541	0.529235190514996
0.622579505855702	0.504011102341817
0.680817674785694	0.548153674968787
0.713368896357335	0.528916341172046
0.768888784533224	0.534253225131369
0.846964688019237	0.510589374362745
0.887030842178392	0.510208157839418
0.938663326742515	0.560558567987303
0.041876462196088	0.588276540269907
0.072146930224762	0.573444071170162
0.135933747808666	0.617006565442310
0.197094083198368	0.598970326050527
0.303935544024905	0.583205593871117
0.329211645894500	0.565695025405892
0.375103274447635	0.588426187946095
0.470454946546339	0.599350070094655
0.514673128625651	0.618093767594684
0.567867004997764	0.600017164304158
0.645579700770457	0.623851800191647
0.710188718066828	0.570883288457613
0.791039997532158	0.596973135100438
0.818859331267620	0.567877597496933
0.920512285516135	0.587218226492339
0.970025716182432	0.570369532071722
0.054239507820862	0.667233075752676
0.109021408377802	0.628311318491658
0.170859075729586	0.640171043345512
0.234825620977167	0.667791371316484
0.265840683136098	0.656337014479525
0.335772925571253	0.675142982127760
0.416952908834664	0.664173944527673
0.486046374146488	0.631948442127194
0.518768077880672	0.659236466723782
0.581933590951826	0.626989363169295
0.649921304261061	0.626397597094508
0.718874237420125	0.644195715522905
0.805624943996227	0.636402304534312
0.846161227826649	0.633100650944538
0.911172888439305	0.638805111465930
0.939258855156777	0.643418802811280
0.035333271699569	0.724448980102769
0.115137060447046	0.717186404806489
0.172428833084397	0.733706810289576
0.192496660195756	0.698408777624347
0.307813797712516	0.728199976826017
0.318781904412033	0.737426743563248
0.387936658461796	0.729524659759371
0.441760734364917	0.716133470479081
0.517991585326495	0.741800050802249
0.602069488808529	0.741919841149803
0.663630833960169	0.735594134454288
0.708620943119428	0.739957293347678
0.803182300163475	0.733142150503849
0.856530174332212	0.731601516377204
0.899962036366915	0.698829939737062
0.953795163881452	0.716265022455776
0.032081862395183	0.800554489277549
0.103567499531449	0.796831266892685
0.146292856666560	0.762254686461472
0.200238423279426	0.811268945660854
0.279769626642174	0.800861796128648
0.320899860353302	0.773620350641110
0.390047071694291	0.756375423051970
0.485227846347896	0.784969052162480
0.535434029291601	0.806914888073670
0.587696385022764	0.794497480597230
0.676602749471577	0.788425030166615
0.724590591876672	0.768963658619082
0.788473790665966	0.787862081278666
0.855789906981119	0.763008124518210
0.902042990687662	0.762519325918406
0.955990777879136	0.772171603171660
0.024358860659264	0.815606143544569
0.102440282420707	0.842079863410229
0.185377074143122	0.833746809357253
0.214978061986616	0.827326685441035
0.262911847897435	0.813621776979096
0.349018838105029	0.838688566064506
0.384919112215848	0.829951327472797
0.495311411998773	0.823903241590341
0.561772259388648	0.838532266911592
0.573309912683514	0.832271044510945
0.645664394590576	0.859421705474244
0.731614593470379	0.861948905829794
0.795536743269311	0.815982979519405
0.844144881521153	0.851576344395656
0.913601298985561	0.868410815425080
0.993632717725968	0.859009553354469
0.049817797332028	0.928420253226864
0.095179180578603	0.883886839701768
0.141019582606624	0.883014058623350
0.217881343538263	0.921202218534588
0.251588095867561	0.885140522953039
0.373620722719031	0.916660836761971
0.401089392040993	0.904258010377353
0.456418900362081	0.935091510472724
0.520606891606144	0.916438629249213
0.624991086689986	0.919422427231777
0.670347018599940	0.907606448025351
0.703654116692756	0.900827836804285
0.766078725097137	0.925556603525313
0.815036759304939	0.882097778275981
0.894373448162659	0.881482146623657
0.998407295409918	0.928385171600591
0.027810823935506	0.991566723705401
0.102001503686654	0.941040317121321
0.168641561099477	0.961567343072749
0.201011247383084	0.970203340410419
0.271754401886546	0.995490093568920
0.317647301855066	0.971989492879247
0.410344515615223	0.964454897292763
0.492540409146468	0.984025592839235
0.513223284378351	0.995652463751764
0.624242590696491	0.967612311891306
0.679743178958246	0.940776003889222
0.701810425165298	0.955538411396099
0.768863124122462	0.944946326637279
0.832456845649275	0.957240810651505
0.875053399955517	0.952124556413531
0.992707828829346	0.942837271156683
#
0.005015216623436	0.038307176256973
0.107477189343185	0.027750149142870
0.134486037978084	0.031412950666019
0.240527310246375	0.012879691540818
0.281970149481080	0.034572870929742
0.328116613545715	0.014965262543984
0.425325565401075	0.007404334510189
0.460086517928887	0.005112338201169
0.521912138623165	0.019576552896080
0.593844372437183	0.033993624260531
0.644617424074588	0.016871157731947
0.704339499967601	0.029816125933969
0.801909246523145	0.013137643141238
0.859969543231411	0.018655269949500
0.880986062592940	0.021656194837800
0.939955643422426	0.045910824217347
0.023185901436532	0.064965916361535
0.104449664936273	0.116633120151035
0.170860069130631	0.098903549930873
0.220663618042172	0.118502153213136
0.277974371804850	0.091547864277742
0.323360884026243	0.099931014841406
0.408915998553023	0.120441488178433
0.492195686309062	0.106928590055189
0.517740019484828	0.094995538071379
0.588151326045196	0.093113773625953
0.627531762453735	0.077402403479769
0.695380733714062	0.077318259081761
0.796209874617334	0.103613122972570
0.813703690714017	0.085763986635316
0.897216314615150	0.079624616632267
0.962095580113143	0.118860669854647
0.043198094669659	0.164398608258203
0.062624345126125	0.147222500881698
0.150744590186687	0.132721128162281
0.210548415552603	0.170608132855410
0.282206304669894	0.156433001488082
0.357558288330924	0.144293403606697
0.434272709709306	0.133708041381605
0.438160444624527	0.129084800734787
0.529435930736814	0.173446613491617
0.617181047955454	0.169858451477452
0.655828742259375	0.125877915387013
0.713276788583788	0.167022630116442
0.750936001990558	0.160172139928367
0.822307243363421	0.168650074886659
0.907136892587211	0.176232229246230
0.952620449072011	0.159081669983357
0.019312878856858	0.217932911334893
0.123318860365152	0.222612799211664
0.181444811822484	0.212481224551443
0.233089624376290	0.227162544522938
0.265324347132194	0.204172558591625
0.346247207104752	0.214945527454825
0.419805494263956	0.249973690559267
0.472165786771142	0.187612110428771
0.543275470855477	0.217177330959746
0.597209165535683	0.248031904091018
0.639622223159443	0.221132952160233
0.730476084087970	0.245863011615203
0.756020821501389	0.194450751807180
0.846665598169008	0.194395046537252
0.926046774559898	0.200453856060736
0.983538030366422	0.228996706728706
0.021327924046509	0.253641543066744
0.066856947655756	0.260438749860143
0.178999928988400	0.259890327450677
0.211652781776305	0.251893765861027
0.300474282889737	0.302466973674592
0.331399612424173	0.278122906943463
0.384597447179164	0.292038689915682
0.475233178710968	0.303287491927805
0.534271003002480	0.252786576181018
0.622404112072523	0.269094911830405
0.676526662308962	0.268074589101731
0.710307096776740	0.256087907460422
0.805389228129734	0.270692357958339
0.858145371759461	0.275700277960440
0.875362454491635	0.264286977242280
0.994823132072883	0.286627864240815
0.014505460803515	0.331785498438819
0.069122010086808	0.318964168198049
0.182042375292988	0.365504098442733
0.207774595056608	0.327078405334516
0.265731594849083	0.317558020965675
0.323659104166706	0.316273707213410
0.420354862766190	0.357477970941104
0.438916343468338	0.339408295249894
0.535789159687885	0.327249200174061
0.620057513179504	0.323122235745104
0.661909046416848	0.367950986996398
0.726157015605983	0.320739854114535
0.761601833367395	0.313222664481314
0.820299993853038	0.354632864599613
0.885891292334043	0.358095235289213
0.969478158549633	0.350969316927010
0.016026104527648	0.396133760388157
0.108454368378956	0.397563200958554
0.166270557160319	0.430253688273428
0.213258451060569	0.430079123090855
0.260140447894260	0.411653260083206
0.332248040741484	0.423679400479579
0.380709755774171	0.401672015918692
0.452189732710177	0.431344682814983
0.528054231158587	0.432682225057548
0.600665597079360	0.420790968473486
0.675646358676172	0.412063265955556
0.746503801258864	0.379923805668350
0.750492360501199	0.380928562460683
0.866624823973194	0.424040892114639
0.931725647895766	0.405326819330879
0.986347779046359	0.435958040601331
0.007957635740274	0.455255973637164
0.091790921134360	0.495932524717281
0.144940082716043	0.440141885672962
0.225808868862993	0.469803041931545
0.296814807279574	0.442172459458740
0.369593496971553	0.444189923205806
0.376704552167609	0.456331113750658
0.472922286318015	0.486262458926361
0.520713896320833	0.485700769492123
0.564531774522511	0.458534810798833
0.633356377266081	0.467439723033444
0.720735667659490	0.460701998837921
0.767797020020731	0.444398074718052
0.847465067935401	0.462166637901023
0.901724022033560	0.477238023866605
0.947202393467236	0.440110161362707
0.044914417954258	0.543766987127314
0.101615892615895	0.556889847661809
0.136645320383633	0.512991695042116
0.205129523809331	0.533732995718888
0.274377678206511	0.539734886633753
0.367203401909141	0.545289323733954
0.380387411192150	0.550539455519300
0.442644971540464	0.519608331252148
0.500302418935532	0.555495098406215
0.588433270392342	0.510053128224694
0.665780967343780	0.500351383088937
0.689881637896733	0.548011382645464
0.764241168191480	0.552266099356875
0.863967573820606	0.533164993372784
0.927205463999930	0.554947096387028
0.982192031016385	0.512656877024019
0.039251566349820	0.596846103021374
0.111995274620013	0.578307012419870
0.175683170597927	0.604634628218979
0.243829436307733	0.590332978717129
0.259425822211063	0.622688398404906
0.326511378388738	0.606428034322785
0.415100551961828	0.563925386232190
0.481915574429304	0.598068449945554
0.515817911949898	0.621854062205961
0.597488594569729	0.600110506312947
0.654857017907164	0.592586937600301
0.723942281701356	0.594459553140206
0.780158241039062	0.576274993163248
0.812745771851099	0.613128388588812
0.918091022652362	0.587108785044893
0.954042637244342	0.588879365669303
0.025158510520160	0.643233271567322
0.080533477380065	0.661765954116538
0.170889385389953	0.665983487759597
0.227588434858501	0.633114047495908
0.280500011118245	0.629299456021818
0.371028901979101	0.674545345970440
0.434484857061059	0.683020708790403
0.446731180987957	0.636957748970473
0.502262162292554	0.661028642084805
0.577968953471973	0.634788536861839
0.674191357201010	0.651931834719012
0.739526696471620	0.669725193405111
0.797190591296458	0.634315176723598
0.867131204618987	0.650280884618471
0.889285037122733	0.683410404743839
0.986790337538531	0.625718522467818
0.045262945186175	0.736269959536444
0.088644862326594	0.704375580480992
0.171715865970290	0.692371348924323
0.208137451472142	0.697860578950579
0.308478698773770	0.729212097134840
0.365594729138677	0.718133178372083
0.422197757765464	0.713384100853206
0.446434696381664	0.713492072993771
0.550465076620566	0.741126970793383
0.574586622565306	0.730634336413498
0.686801021525590	0.721839613158218
0.738486583385613	0.737051717264590
0.759607303540597	0.731380691150874
0.860913746375803	0.737653808170616
0.919002985330066	0.732815605613360
0.988942802473657	0.720120098391226
0.007038480516532	0.811880774723105
0.113785573104114	0.798037739336267
0.146462431691811	0.801605836878672
0.248782431677399	0.794263537561466
0.258360095673325	0.804373393648275
0.344701826012391	0.811448725143901
0.400742519201767	0.800645460561068
0.449790973160949	0.754786600345347
0.556538406088724	0.808473120966454
0.573321448947145	0.802424388920754
0.669435306156970	0.789431389299438
0.712623032790754	0.809921014558622
0.777134728376901	0.806518377589299
0.813137521137981	0.811169095846398
0.912960964758639	0.773443604926798
0.958998010135023	0.800369617584597
0.000225111231027	0.825853434510844
0.121324270991917	0.817581165946923
0.178675269065698	0.874927066673973
0.221288614172090	0.812901738274470
0.280826815352968	0.859221522925473
0.315898016954516	0.866538911910387
0.381123086613632	0.838514574300152
0.479440378195010	0.864322652586694
0.522043826907650	0.842050325074128
0.597867473095043	0.820419492944009
0.664277808618913	0.812595578274363
0.724613794614471	0.816785727643125
0.795902693320160	0.837390110935641
0.874690242679135	0.813771409579499
0.918815323321921	0.817022287535254
0.994780200532353	0.866878445476615
0.039474709696247	0.908614292370298
0.088673982906312	0.918392339731425
0.144912056105657	0.914737193141421
0.193559902794324	0.930489038624915
0.296277365192370	0.936355335623109
0.364001925013494	0.931454620322668
0.426774998891464	0.913972048534540
0.454749355402251	0.882505123621669
0.532169846476095	0.892151684766205
0.584245000767229	0.891161632611454
0.641052474664420	0.877452174696944
0.701404170092755	0.891541003326196
0.753088849713814	0.934086700274862
0.852858959270026	0.882316611228701
0.892939184039817	0.916928886081890
0.977491088031673	0.932279255982088
0.050064218431377	0.963527554797714
0.091924500367470	0.992293979548801
0.148256946447831	0.975488400037398
0.193614932942697	0.954120481594377
0.257259527514051	0.988126350171079
0.314062094490873	0.948905336454954
0.394408007258761	0.948466807897428
0.463877204346093	0.978947045640426
0.547301945243916	0.981056347062941
0.605311068046794	0.978807034126089
0.639231731652802	0.973923562088498
0.688227006278054	0.976830873865828
0.812394996682972	0.971771788878662
0.846486190734777	0.993306297705464
0.935620404546643	0.959806906966797
0.994939972368870	0.997495280840084
#
0.005495324353803	0.011829590500409
0.122367690345824	0.053382347990615
0.156342728914773	0.018088915185791
0.239521808541501	0.007220559624192
0.311439861572334	0.048407088205197
0.363533156411963	0.033904831617001
0.413443831008264	0.042351221515530
0.463384101886392	0.040887901248850
0.529554129046633	0.021348250496399
0.598524602953350	0.004574073057639
0.634555095183210	0.007560416752254
0.720011434379851	0.035957487322962
0.788402735322808	0.019071068007981
0.826395835948967	0.021718204302997
0.932304831336905	0.042048230325931
0.943336220677787	0.021622448975482
0.032729973936856	0.119031428925584
0.117363144932865	0.071311831403596
0.130085898477138	0.085447797178744
0.235891293207158	0.095030924371102
0.261373951946472	0.103379997201469
0.363039608649104	0.094571525805996
0.410277149590030	0.077426303996455
0.460121494184742	0.099086355280966
0.545092888099629	0.110321689073537
0.597170480782439	0.089618041259148
0.666071010675763	0.123662062963974
0.710393579885804	0.103649818770040
0.784849058553774	0.081585369804894
0.871705240656553	0.063789206790107
0.927548584176704	0.088193964466498
0.974792582297184	0.121850285489194
0.035223245206923	0.173846343034261
0.113984955865071	0.170021981578907
0.134698230353463	0.170588485718027
0.208111948600414	0.177672625298768
0.250526989402838	0.184004552428728
0.320886351155556	0.145366217945788
0.402677871628007	0.134531528327389
0.487524050154030	0.177213507309140
0.501108913551692	0.153901617398695
0.617845755272509	0.143238809647909
0.678234167191138	0.158034001353787
0.696406247285522	0.138305956544542
0.796986571989718	0.177138651122139
0.844604967897084	0.154025075993041
0.919181218773984	0.127232754719963
0.984195313791091	0.161420753234164
0.030614397481111	0.191389141939904
0.064457677057818	0.203735839506550
0.158139208805081	0.224527895561077
0.214124489232577	0.188496235118014
0.260093635125108	0.192718859428474
0.314484526098120	0.206791989989996
0.436973184114199	0.233356348395081
0.448146248660783	0.224402708344721
0.510971131169580	0.239277763464320
0.582443680502461	0.194900348944333
0.626002920064144	0.247271946645289
0.691567840244753	0.234531590012957
0.759465470723101	0.203821840947220
0.874950119599805	0.233775665237632
0.908881189018460	0.203226879999444
0.963914568323855	0.205349439715582
0.026397004700591	0.250659037148733
0.077966586399234	0.270653498814943
0.150808427939962	0.256150818576839
0.199567227889101	0.267393799851973
0.271096852612937	0.299659481109041
0.361926111622463	0.268358661928414
0.408987205585345	0.250192543870116
0.448644903563812	0.274598357913689
0.556408009592306	0.263499960059067
0.621238752471106	0.298113269247840
0.672756114767458	0.308534954891897
0.714302658982762	0.283950732897839
0.776708527809058	0.291543726935411
0.864387433580562	0.306531538530609
0.883280720621878	0.270034581369263
0.990629044824892	0.282553983074043
0.056151073060732	0.363961892942074
0.094526281165780	0.341599718645238
0.171503031739034	0.349892925057768
0.246995569409802	0.349950380253710
0.256168535300803	0.372052679725353
0.341833184450942	0.319928900369543
0.389691265317889	0.339126222540305
0.443889926756707	0.347269161394161
0.557457420566342	0.356644373441032
0.620783771227180	0.343628904556653
0.630697709233080	0.364252732904105
0.739548622875486	0.349117519851801
0.805274410826451	0.333239472286831
0.838864343799968	0.357962816396720
0.898300255581457	0.339412716340020
0.997179853831111	0.356080943132071
0.008161706764521	0.397843971257178
0.078023491401813	0.385627924889123
0.170873776554566	0.413723124869569
0.249932619350132	0.403646432786748
0.296358643416050	0.436706907290315
0.372980732906838	0.421675259040011
0.393431684792375	0.416822407069691
0.494001268349588	0.388700835468178
0.518065119093648	0.377616100668701
0.599740181403407	0.395643714601906
0.648566351743314	0.411378784550209
0.696937098926734	0.419853131297243
0.804859889567564	0.436898053274350
0.869498199883848	0.429648269649979
0.890277555332351	0.407089514185113
0.939040377678243	0.432855492616737
0.019298837350053	0.480496465704170
0.082315092576275	0.476676456479280
0.175661624028152	0.453229815746478
0.238318944201646	0.444974168700276
0.292033178494203	0.445779939445965
0.315441361236256	0.440831604327152
0.376905963290927	0.483031225575956
0.483510670379272	0.462424034244014
0.516164409247847	0.492142107845201
0.606233546258587	0.499203314495204
0.687374895540386	0.483934989035231
0.692193533425963	0.445566162745367
0.772462978178510	0.473622557337192
0.868499918970279	0.471955230351178
0.922005342534279	0.449425065412518
0.945868267432290	0.466294446020921
0.029414854848738	0.520363206499690
0.078781196298376	0.538961872322010
0.155375404741586	0.501459533698265
0.189535925689162	0.511536632172423
0.260320476666167	0.554077825507051
0.353288458727949	0.546761483110432
0.428501088475692	0.538504761128804
0.477645099550752	0.561043352630465
0.521857632416500	0.558702893117723
0.619176636434085	0.508763329360812
0.650656004733326	0.539610868008950
0.700488252713808	0.533694703532661
0.772008438265069	0.518885761562010
0.851959838904897	0.520597911546495
0.909326620538911	0.508023319840553
0.996910820146885	0.540945657131017
0.061699292040244	0.586131181617065
0.117702726665931	0.616495544307166
0.159777190849948	0.568209207588972
0.191762971430845	0.563384291308672
0.267917552734240	0.613219223535438
0.374849303771008	0.623528943542281
0.413826556841686	0.602557032174677
0.479747750718903	0.622568953461612
0.561536746943378	0.581578574773525
0.570291076730422	0.584930690563617
0.632879372149561	0.586946214991493
0.734165404744950	0.594044791178090
0.776467536349424	0.607731495965326
0.832535123500865	0.610296046765357
0.912792176017024	0.607374318434711
0.997741212194725	0.587476569393761
0.060988096563608	0.678060118659763
0.080014959389231	0.658832901470906
0.155198705855338	0.665498750381055
0.200308330374609	0.634658516124975
0.250409966800457	0.686112230279509
0.312803983950360	0.635067174344456
0.397256191781432	0.631466663749648
0.489015424214074	0.682968355117591
0.540010601873512	0.683256388771873
0.574542084085881	0.631483013321176
0.664772576807247	0.633729926050578
0.738550998995442	0.632978052979563
0.781433716481885	0.655403365562764
0.814932111593064	0.644594860544217
0.919315250236964	0.647183089420358
0.985620187199237	0.629861236172696
0.005550552641053	0.714793692989576
0.081692627897531	0.717850502049050
0.142911425868611	0.688162390579391
0.209634310250900	0.734915173579919
0.260177379563725	0.688687569156449
0.355775163388060	0.699477745019127
0.432584236564018	0.694146593423012
0.469383782030638	0.690781188212750
0.501903399490845	0.709113449765512
0.594739484229879	0.692396928571956
0.681235189620926	0.743892328623075
0.740868177073628	0.737169733820988
0.751725376103824	0.732183575014859
0.831510923123339	0.738799215713818
0.915701942091273	0.690696805890928
0.947210066502963	0.692445858179113
0.018723813675745	0.760305294216449
0.063675742727629	0.802630944611768
0.164083411867983	0.763198568910756
0.213695962191838	0.762207695023904
0.260965830692664	0.791062584709391
0.359300563690323	0.754650411939284
0.417866000537264	0.780118371789022
0.463600098452554	0.803065395970029
0.508535980045222	0.751953429484729
0.598446490964491	0.794845205451093
0.663523954435607	0.785855400602649
0.687641614567871	0.757613308147437
0.754782486402495	0.759712128305624
0.848383036916117	0.755531979362255
0.914957003750013	0.787219774044869
0.992796563527150	0.809031507828979
0.041614785101641	0.825594680197675
0.114483955226486	0.872662905166546
0.170227558071545	0.863803457407934
0.188610398632849	0.826140296779606
0.267944341253127	0.829889193472310
0.364201163652283	0.816462876538039
0.375546237730432	0.822057123822057
0.462596907388092	0.861080383543992
0.527209658909638	0.870727108121088
0.569674742700806	0.822570822786091
0.644463764639097	0.853023605954490
0.734378373959772	0.818620112304022
0.768929352857272	0.869880474491483
0.849440829560496	0.860757659520781
0.923487947828483	0.839999703231151
0.994995025887619	0.831196140967937
0.026072445113345	0.925934905751127
0.105685017576484	0.886617724990150
0.143096108925086	0.920159777636910
0.228650749583298	0.882934088936992
0.259060712664286	0.925201110699028
0.347141832601545	0.934795998807483
0.398098830953962	0.903950213024847
0.488222967976058	0.911339619816593
0.503884175574962	0.918146213832229
0.610296816387050	0.932089289285263
0.681168017092549	0.916782232680540
0.714457006112662	0.911805025383203
0.762963297838104	0.891996521128341
0.831054129103677	0.889056910254656
0.929468474843765	0.924768163281206
0.965427424139443	0.907227006253606
0.039627471671469	0.953107854122205
0.076685377283531	0.966544140209803
0.187363908160446	0.967808474851844
0.234686326071896	0.966831717094018
0.307624878258823	0.947148123205325
0.330231277916518	0.941844955189583
0.421439760389957	0.992322846983402
0.456301464310685	0.966719843352148
0.508246699626499	0.953424900133611
0.618562977701324	0.939638983255052
0.632715355053711	0.982934119874363
0.710532869741561	0.943475323919783
0.775764694588903	0.971262320010868
0.813839379654694	0.970976928955288
0.912935478781684	0.946486108807494
0.991617524528787	0.952629873561703
#
0.045997220713412	0.013983662563605
0.123130386069098	0.016188877492954
0.170615520557183	0.003216071549853
0.218815656706299	0.059489986174621
0.290894436106527	0.013201011449727
0.360951412815124	0.001206149492926
0.404631460994629	0.030122919277084
0.439855947931031	0.012296615607873
0.509506953765989	0.031316869768504
0.591704398764229	0.060642164913156
0.638828382728698	0.028880616060081
0.741214514897139	0.057212158250555
0.753577956843325	0.032541082364633
0.842314612083676	0.021700999559066
0.877415198032957	0.006043152113804
0.945398365207458	0.035851941816125
0.049566264450449	0.078773153891385
0.107939683959223	0.068178707953351
0.150820091503747	0.109519719710112
0.235526228407520	0.102110106478122
0.291206306118100	0.107812195066435
0.332399267562409	0.103110283098791
0.424447824738908	0.081367780604369
0.486149225133390	0.080104720186234
0.525392609828942	0.077924671630125
0.619582304016706	0.066472234540030
0.649329617858010	0.069108876226612
0.725842966168617	0.063174967304961
0.781364961054377	0.098945566185039
0.857324670865160	0.113653443430935
0.890409171846790	0.116257254323284
0.971768643351218	0.070550978127413
0.029817039823350	0.150468469661537
0.091051639806491	0.138322406306007
0.157657389405686	0.155220838474394
0.206581405688562	0.135893162415222
0.307911180395263	0.182897352510574
0.340444184671609	0.168209996011739
0.387004637889798	0.129033955833650
0.455278231853800	0.153528839356389
0.531201867350308	0.159165457088190
0.590028163299437	0.146273085634171
0.634550022269145	0.172674442608881
0.729820926101487	0.180039646014930
0.793104858133151	0.135523462917894
0.854671995514578	0.169466328337315
0.901868301580979	0.172860573362643
0.991644973384483	0.145043757414106
0.026888234517977	0.214926176448918
0.098512495425183	0.218598034167336
0.156192447968338	0.196913908834549
0.188118679303587	0.225736791698899
0.256787420412127	0.238294628402403
0.344713750142770	0.199944886279978
0.404918496343870	0.193878502411856
0.462173621205071	0.232433755470541
0.534991402449084	0.232901863153186
0.582792749531286	0.233684094124167
0.642421121596690	0.221711309387281
0.704750504406926	0.206397080681961
0.765508592088709	0.190905174706924
0.819334748202664	0.223367186227899
0.887256515200659	0.235703884911655
0.942929352882302	0.248671340435667
0.053502723979997	0.276931672814403
0.119182126362385	0.297913099926760
0.134817126165684	0.308947130716743
0.193367707893687	0.262582462589509
0.264334423456302	0.283143647444817
0.359240109984935	0.270328386691475
0.417816545766037	0.307327345230693
0.472700587423798	0.279833722473666
0.529652709075518	0.297144444743089
0.618321606087457	0.275253466641939
0.684132239082044	0.266857986866231
0.715148453869077	0.299130517171377
0.761698048069770	0.263365264111982
0.833658039414710	0.251701485176850
0.885500240782392	0.261258484347202
0.977497520065517	0.280072843255492
0.061273675295239	0.364985453733822
0.073875247969147	0.368605880123471
0.125265543159974	0.373366675208292
0.236359292026926	0.330252054180659
0.278195013589737	0.327848830671364
0.371058653704486	0.349052674436605
0.385337902657417	0.315918007444338
0.441769750003999	0.313192673406026
0.550785029013242	0.327230132013729
0.612741032394171	0.354544867771222
0.667203765998060	0.363593861443478
0.742420762804668	0.321393122185579
0.764526260947349	0.346793056604637
0.847817783048450	0.374200659891172
0.916650796624401	0.343256864063618
0.974791423280791	0.319772732896910
0.011801494521043	0.402730285094639
0.076299217401841	0.416040568709383
0.144117061562514	0.411607182753297
0.212251089402649	0.415607817131236
0.262052784211015	0.375808641634837
0.372121822248358	0.416895450320885
0.433653315833922	0.435337604037565
0.495757200754191	0.435128859782156
0.562242460509819	0.429166945350395
0.571537516882303	0.398302351493808
0.655615312825682	0.387081968964679
0.718213063104361	0.436202713229857
0.783110910423126	0.429967427304356
0.813905169532845	0.398965935781357
0.907906747227047	0.422477527561709
0.972026383075753	0.384820296649663
0.002334459219671	0.484810412930630
0.062587082939010	0.452578029235028
0.131227923980618	0.484003258123180
0.244465316702720	0.446761866567950
0.295097407720773	0.445539037320539
0.368300530344900	0.475297639751876
0.385080317255943	0.472505065795268
0.454528103775701	0.451286925035246
0.549350029407500	0.460650600905798
0.577059208709877	0.499984413487251
0.670781845295751	0.441432850378084
0.701908091130179	0.473820547756348
0.762812716147237	0.458606356526983
0.847130621340389	0.465529117812526
0.888707614608856	0.454537478614258
0.970483069068399	0.496209673306139
0.007530464137679	0.557486030199213
0.116715981390261	0.552620664906018
0.182773188264755	0.549716509424550
0.208071068239648	0.531541555923536
0.279000368208857	0.545639347281107
0.347401506566652	0.521673141707241
0.410869644337420	0.501826576248702
0.478569420180533	0.540135436220475
0.517726277805685	0.540490115492835
0.615460482714805	0.526259696728378
0.685677957706078	0.514528295086820
0.737347859362454	0.535017054550703
0.768565918672496	0.535009718784715
0.815298689995613	0.550469749196891
0.902988079534375	0.524563867619043
0.965567159138286	0.503102006886178
0.051794014141032	0.605813737706820
0.073397876857407	0.584155739275542
0.187478289575660	0.600194825217522
0.189524436108075	0.567250371911738
0.285006143670181	0.615813281137569
0.336819947324535	0.624234419621465
0.420111751805551	0.609261210640371
0.493630524810550	0.599621377588394
0.540047718163125	0.595061436885167
0.574421000043960	0.588280274596945
0.655320044381153	0.591871016069053
0.691157136840899	0.594965309188693
0.774246562350715	0.590297727983049
0.843427235646156	0.574136182697638
0.876067748584567	0.571446979988005
0.984728408100719	0.589306810673281
0.022919546570727	0.637357527625830
0.124295859728427	0.667341278933999
0.137841872670185	0.628766067152323
0.245252481194970	0.686461027886011
0.277198934730189	0.657689793508660
0.351725817623484	0.674604223659752
0.401554454342475	0.629398421370866
0.448995094065088	0.627904333582359
0.543777206398960	0.647807373728791
0.613433591844149	0.646510185242284
0.662841488499623	0.655670832500484
0.700796149324928	0.669297121606487
0.805746484182483	0.648152618790779
0.823915435818819	0.675946020038320
0.916530156328583	0.678460143213384
0.980378676608759	0.636377283636568
0.060291762841584	0.721419301677709
0.092089969526182	0.695108455563921
0.177823522809852	0.693688920598638
0.248168539226327	0.745926673654101
0.270971759707544	0.698856935649844
0.319999806701089	0.705301049140469
0.401169155206571	0.705969436418607
0.491183350006161	0.731108597257083
0.512444388808204	0.693264685135978
0.617484811429746	0.712225642934145
0.658350951497175	0.722051237965247
0.718179328432465	0.690245662510918
0.794068849306570	0.693000056258286
0.829939789812183	0.707856254118461
0.903552845811018	0.706684054607568
0.976440126129063	0.742729774005182
0.042628511767282	0.806410094459753
0.088368549104982	0.811278645865684
0.158647490745910	0.757424073135463
0.204393866257601	0.759646460634458
0.260784781642324	0.755715628476049
0.362457837542742	0.805785285467465
0.409619010076187	0.771007963373793
0.453482344895830	0.808263625832220
0.543804271753483	0.793414759081419
0.563934379097525	0.789098192699393
0.635757394384886	0.753323208017583
0.727421897531003	0.765836791124506
0.757904604806775	0.787452936850594
0.851277110088565	0.762248182555718
0.879318795677232	0.780175146682927
0.940615854794303	0.810503574480653
0.016037331766807	0.852186952028351
0.108494824202148	0.839490830016902
0.137896524788904	0.845691957969845
0.241055938587770	0.851485049462990
0.294710498430000	0.873323461680748
0.320996183831244	0.832857417864226
0.394234990108929	0.874358465662077
0.497438629710218	0.820403401567113
0.536191770684368	0.851583241086705
0.621373825822113	0.842089107063270
0.676101288741012	0.845841095266710
0.689362553909156	0.820290341785944
0.798718688395158	0.851418746979073
0.826723753987281	0.873844924324389
0.908059749279767	0.853044257363198
0.957498758381116	0.866588693284799
0.056728781068634	0.923174113686703
0.063929058582622	0.933065302887248
0.160098052126145	0.937310356734044
0.241259965621578	0.919762382177814
0.251334269414967	0.907837485887654
0.342101042005723	0.916022647429147
0.409055158678455	0.914053280963342
0.437995984932174	0.904644829242524
0.503520792365545	0.935270474990311
0.579984963249877	0.916126605831349
0.634838296597553	0.887419603927974
0.693104891355174	0.888762442587470
0.782799022774631	0.931131619187335
0.869374655549618	0.889721173156221
0.878498557897634	0.881460261881924
0.993472939952270	0.908128062823817
0.045484224243086	0.938365142094173
0.116725115525589	0.987883986363975
0.127448239495267	0.996933809917405
0.226593343346401	0.944892304805664
0.272863091600678	0.978832697578201
0.341508942299175	0.979711755959948
0.401040965770032	0.998049093439022
0.495492161818080	0.963844793752964
0.557282694628761	0.988984000546388
0.581324425472139	0.944864300750746
0.625892404059622	0.959102950427705
0.729213771085305	0.961053893877788
0.757924278806994	0.994529559523107
0.837103337797360	0.940716236262982
0.905169339551979	0.960605819278421
0.956958461251799	0.958283913370288
#
0.030555259327068	0.058843567660973
0.063143229170387	0.004233835426097
0.135010811618997	0.015907932498587
0.196388056649335	0.038405017019460
0.285031350061188	0.056337899119555
0.345985699234527	0.015828602849117
0.392400035362202	0.036163489706503
0.476163009539867	0.027925236797408
0.505797880324721	0.011459140182463
0.612896391406049	0.020282468952421
0.661656477584424	0.003608147352610
0.723433624946846	0.000364766165233
0.781741006772905	0.003680109163672
0.859334069766182	0.035762096778085
0.885940578142982	0.019970497004681
0.938644854104762	0.038470180146622
0.012515281228119	0.106641741057774
0.071240750711002	0.101416812243736
0.156995448655099	0.071909077307654
0.244438177613644	0.078974672597012
0.283046362740115	0.069777714323084
0.345932820106608	0.088263422882479
0.417367910364961	0.115548183644551
0.470452350033552	0.119343744647769
0.555221188622578	0.092588167630040
0.621905822044217	0.102448896572448
0.643531156489866	0.094702960479703
0.695623836816667	0.116858899606010
0.793171131105784	0.078531331197250
0.843965598898699	0.063794293193797
0.906800945864362	0.120158562319157
0.982665980769127	0.085385887408719
0.048055198811473	0.153327026789386
0.094279585384480	0.175670903740840
0.143438487769090	0.152998029275448
0.245592727222967	0.137118959103739
0.250548190903046	0.184994465539929
0.369799371894868	0.131894722771690
0.425009639363273	0.139779130495102
0.460865899547554	0.147876489112474
0.520442575512091	0.159676626973012
0.597993586497147	0.142005691541593
0.646270814851455	0.135919626179016
0.718766040175982	0.133375850013312
0.764178848494002	0.161002482179553
0.821841992541878	0.165913528801388
0.886741156081376	0.150747818325355
0.992548638327291	0.187492784534696
0.046262080049785	0.203455820727035
0.090478872304777	0.238002287002863
0.187027858555556	0.216654332725251
0.203628986684752	0.247736285949414
0.296046219340304	0.201390086050702
0.361683261592217	0.196987168327204
0.377495399807812	0.212500768777682
0.451190878261973	0.216111268025383
0.541482839873988	0.232293110816924
0.596690464976521	0.214719927774211
0.626190575174682	0.241105333594281
0.692284780380964	0.188167361557290
0.783042459508996	0.213717004072088
0.817818890341515	0.235677545130178
0.932013286189063	0.205616990181295
0.970006564625075	0.243496097448165
0.056504126345740	0.294294572358321
0.083203105260782	0.257055543975918
0.128944607845378	0.258267985003946
0.187901306635561	0.271565748543727
0.275671735033549	0.300105849845592
0.350629989532318	0.263370589021563
0.431204228020204	0.262865424217392
0.454221713578846	0.312103935459071
0.511110268332090	0.288026355608722
0.573141779287402	0.271184135175120
0.641116877221180	0.271814058612640
0.743342848158405	0.262205155612832
0.808710525902852	0.271906944084192
0.826650859223830	0.264896853350195
0.906207385320148	0.297904984731089
0.976435185259077	0.261676507408073
0.030802611108707	0.347180799545529
0.115935925814192	0.368818331508389
0.133654832216249	0.337363551725834
0.241020603016024	0.352772619308152
0.306083918824113	0.348365744904351
0.363201446028124	0.332620021367939
0.396844912427325	0.362354347712210
0.473276260593738	0.369679234193098
0.561264534044025	0.343282635680116
0.589576418095868	0.330180175169995
0.686180606629625	0.328127617325663
0.730441526578027	0.317466271183795
0.810160003121747	0.316894161152163
0.814136926492592	0.371799848405481
0.895847626311785	0.356645514849607
0.937579667210248	0.346312140937385
0.055478570922971	0.420687913439630
0.063861927760034	0.413260481998618
0.178755679267635	0.411343021472297
0.237666310870593	0.411359082872248
0.290774029368948	0.391902338935622
0.371641816264983	0.431502031946788
0.399228808271985	0.389605324020285
0.479144850740941	0.401308202845698
0.519261762111392	0.424062866961831
0.567319377151974	0.401279445845582
0.647204254773609	0.389474757979502
0.728411918006235	0.391713553286789
0.806207520405577	0.421040903307391
0.872871138897112	0.406845490077242
0.899079275366752	0.380532062177205
0.975990187880464	0.387888406842921
0.017143366294830	0.471149221710779
0.068808508980160	0.450761251416584
0.147535461166416	0.457527764844715
0.204708608118749	0.448485302639540
0.283764726170051	0.449094301368830
0.330384369492620	0.485639053073395
0.427254867140962	0.478625865779148
0.446634407433829	0.497689813258520
0.556324814837734	0.448718845861433
0.580221576518431	0.474382928886773
0.641178248395719	0.472707793896018
0.748186175114402	0.484434086374690
0.803879811615655	0.438638548934515
0.847505555074314	0.450845335031241
0.909327573121834	0.463297445594984
0.937581980470005	0.452564595590826
0.022975978970755	0.506088784184211
0.122362882684069	0.505535993871870
0.168881882530726	0.560766020381885
0.226400711524510	0.549551034299552
0.293337404898097	0.538089528834235
0.325950204354234	0.532542906258032
0.401034285204027	0.552259433299131
0.495683058309528	0.500836314793754
0.550970238572562	0.512340665521296
0.574228869826586	0.536493197499424
0.654092152726160	0.554554896587402
0.720469824409920	0.526991424724574
0.786842325201571	0.540630895915821
0.867562012279537	0.557431793624985
0.876800095517375	0.510464068257242
0.948792298123309	0.550597826088918
0.047758488970636	0.618035779405743
0.078034282534624	0.603044240774015
0.181022256873204	0.613506151738927
0.216835188395189	0.614293376636178
0.289481978465217	0.567553026195395
0.347956620310540	0.616369115652370
0.433717562539670	0.611539988251529
0.486154293740088	0.571394879198376
0.521233654018429	0.585699794935808
0.590344197210587	0.608277675735480
0.676153810066440	0.593853944119498
0.727811062848850	0.613639875545315
0.781134595054000	0.574417841434343
0.865140952982507	0.585309226798781
0.902214685315782	0.598434235341482
0.968325403598912	0.619619637202616
0.026489083501275	0.681564108394451
0.110338502050805	0.685494134202132
0.159345264510914	0.637352312510450
0.211695392738142	0.667471730480313
0.262036902032452	0.652630987379847
0.331579584443611	0.635486947273134
0.375655755881024	0.644881830933709
0.493504633616191	0.646662592907474
0.525018438950069	0.642140880201976
0.592330208680902	0.626615186833454
0.662395593093218	0.644616769980550
0.719474812453141	0.652816898632519
0.794301326687984	0.629272452483832
0.865949745680776	0.687127715034789
0.893987075692040	0.650979314718507
0.940407769333200	0.660043594973987
0.012566772452571	0.695649917937850
0.065598787726043	0.705342118763445
0.151031386040508	0.711237748464625
0.211329921314337	0.691590813105947
0.273171343394944	0.738168735170776
0.314673844667192	0.745547286961355
0.437445090326933	0.710589087500840
0.448895179814751	0.713214215246428
0.550483965923308	0.726214311676732
0.621327969157446	0.736730153552892
0.636266602889813	0.712218182283621
0.741111266410121	0.689097095092083
0.796375573710859	0.697732039846068
0.818851765159367	0.688202585355775
0.913296279884711	0.691677689218586
0.995331081284171	0.728043284931463
0.009893448807391	0.780666013953897
0.100589352872476	0.799048407029255
0.157914161471514	0.806025223179261
0.210556832787827	0.801801000355464
0.275816367115666	0.776907368627588
0.364994856977718	0.758016032721618
0.398061381309075	0.787572726979869
0.495722204911458	0.765859660914484
0.519674129745032	0.804136318254549
0.574713532830289	0.807664351536698
0.646010779285806	0.756805515223952
0.715182594597615	0.788062678353293
0.779709892427132	0.808227559405083
0.874856067297481	0.780382622447885
0.884783340125527	0.758573377637908
0.965429012742925	0.780693105691041
0.018710300490775	0.870174367154291
0.112274785741413	0.862968194048262
0.181323218390770	0.838613150239948
0.191122658216889	0.838170427442102
0.294878804586450	0.853895515736983
0.334112582180326	0.852027312192257
0.382860973624713	0.853876661344286
0.483063381263186	0.863051885692531
0.535010332002423	0.874940663197763
0.572028779339634	0.827677994809970
0.662858580218828	0.848969761581735
0.695177162184305	0.857882745923796
0.762868138280550	0.870614778031156
0.854156982832741	0.839493761340155
0.896848362686426	0.865677163439262
0.973077548297722	0.844079809081526
0.057610009708467	0.925170209241372
0.114325386702392	0.917370444973901
0.144067537480515	0.884007513568855
0.217126579772943	0.917731029588084
0.262549575726746	0.913862477080282
0.322039065200845	0.902910001087680
0.402370909715507	0.877652890034987
0.482283509390495	0.888913770442343
0.508547084800910	0.912381857918781
0.569431676501858	0.921634197275069
0.675075963340368	0.924541892015152
0.732193406943626	0.925185183234905
0.752128422566370	0.906430640468940
0.840889043166742	0.935930826322509
0.908330681086711	0.887211311640500
0.962063184348415	0.932854869154481
0.051210489179639	0.999088395910591
0.087459513137573	0.979978554426338
0.167613641368834	0.963906052717684
0.230346902094397	0.986933009142972
0.277983602754069	0.950992753295808
0.350030211376732	0.974253463698377
0.415787324027807	0.985602507713624
0.478444454618950	0.949801829238958
0.542581517259260	0.981877912559285
0.610512938274306	0.957189004203465
0.664168186189297	0.947538910406884
0.733720023675989	0.940843577512038
0.782204996496370	0.947904112081836
0.830943602679983	0.964058370422935
0.930502875720966	0.942091879974374
0.973030036279939	0.973924873827241
#
0.046121178365690	0.058162951884596
0.119259149882537	0.036613580226343
0.179675517543726	0.042107982847283
0.214448282777902	0.009077007215022
0.258992276694973	0.028321631739573
0.351263947517440	0.022986337649749
0.436005132912776	0.041291847572730
0.448778384425975	0.017112719888592
0.543530483361923	0.057036253564185
0.563491936234872	0.049029224578182
0.630868100839054	0.054372105381771
0.695185471371558	0.059113020382149
0.810425236049440	0.044740036984379
0.847555029417867	0.017045317672786
0.905384720528471	0.041202726361505
0.958274029956845	0.036455345348561
0.013219282194208	0.110520487633306
0.105157979177348	0.115919710702361
0.179045039518165	0.096537379774157
0.233181845611120	0.076442811786882
0.295453995229433	0.081740924219890
0.365034726766179	0.123861168583706
0.432348628774599	0.074681251749206
0.452064049666413	0.112324206490262
0.549630054968207	0.110776768644754
0.623940996621722	0.073279230595981
0.648281862149779	0.108610013044931
0.694310580061705	0.079596145737357
0.796326678606292	0.090582636526223
0.834083393963306	0.119321741395239
0.905187630538174	0.111612059580305
0.991253235651821	0.080341967452630
0.015558364470037	0.185872740999533
0.107355604875450	0.127793706270236
0.147734034695368	0.181477695149132
0.207124807177955	0.155564597858597
0.286375461925956	0.167836287694596
0.371243281245405	0.180659281350244
0.395400691505731	0.131431048344572
0.492393310543823	0.167648803030641
0.558119570093257	0.142193917058104
0.565027662393411	0.179315470651913
0.628664796416104	0.166057798948269
0.697585518910802	0.183005572339288
0.784902103500767	0.135185201509200
0.834541807494718	0.182943593491321
0.922551673993597	0.138027507451020
0.973870493421883	0.151769844588537
0.060286867737371	0.239648075073410
0.112094165215873	0.189303485778930
0.182316604141918	0.195572662241890
0.192569836276832	0.195774154739518
0.250909690614419	0.217617494745091
0.368958050354607	0.191816392413880
0.428959215261615	0.241003414934036
0.466707468839993	0.228752099350968
0.561686273998741	0.229774326430581
0.610150525808602	0.228930069972745
0.662686533608983	0.222037126740217
0.728498156308429	0.203453361453361
0.800270593140221	0.187765833659858
0.856100202329946	0.212950543389993
0.914338650132841	0.246951320906391
0.939445645272370	0.248026613349334
0.012601111872960	0.302483769160459
0.111105229542266	0.253483920766386
0.186043696506774	0.297357715007932
0.200272879202448	0.257957449635830
0.297203122649156	0.291136135676907
0.352994751951307	0.284232272759949
0.419693469167616	0.278810241542829
0.459847749550791	0.274090600438437
0.555351182452950	0.291006758120145
0.613914819941021	0.294214148841383
0.635089709105690	0.272010000558689
0.720301855916111	0.302543029739764
0.780621223711786	0.306392421406087
0.835899420830165	0.294499383187387
0.907319968166370	0.289305797481631
0.955984373348412	0.253968724181519
0.058451293675683	0.314508199968726
0.083170318413333	0.358066252137783
0.176308473220283	0.344865103958260
0.195411120907034	0.362362813856421
0.310940220747944	0.370358172686621
0.319983839044577	0.321927458413860
0.410572590678482	0.370288570250335
0.482670643290079	0.346991295803336
0.556302847513883	0.348102728247899
0.601951105078205	0.337902073856188
0.674441329229609	0.367090208148488
0.724101569235581	0.346791864977403
0.784602995722579	0.325631399409178
0.853752564051829	0.374488998175247
0.911703439394292	0.312736817955793
0.942954927902425	0.328016369316149
0.027563373157187	0.401551442867273
0.087088277583730	0.428003665537807
0.161618565916228	0.405919226912297
0.222986160072728	0.401532066380962
0.289087726554505	0.418185521523861
0.361781125463145	0.430520500505930
0.402357183214011	0.375606534464310
0.450949625566357	0.424997588442056
0.509528478566098	0.422648535252118
0.598741820236026	0.407404182486330
0.638306168856985	0.385061812181971
0.743161163931517	0.419830830690877
0.783055950749678	0.404768264859395
0.815791444097015	0.401258850723682
0.910322758275509	0.432001193183707
0.974767048167942	0.429151926653379
0.036185831363822	0.482306106754068
0.097621846442954	0.438700544124283
0.140146431065548	0.462880041630794
0.195269951802392	0.496623512269376
0.280588478948476	0.448339910278060
0.341649870482308	0.457816980201825
0.385877778043127	0.487469316078925
0.479425371430564	0.445859596237042
0.517251370318642	0.480369266088905
0.604401126048039	0.475563764784733
0.645705110223662	0.483900556671759
0.724270875064952	0.497031140999061
0.772135664088334	0.495393779273237
0.871806871669089	0.448207598560422
0.900663168874025	0.492968143064172
0.944735853265095	0.493158625058867
0.053950489744067	0.502539927751650
0.091724587000027	0.561695948417577
0.179388180897079	0.556204561491894
0.205212338016767	0.548427183905367
0.311284441049510	0.508168144240782
0.365574820707104	0.535844800900283
0.419034102403450	0.532177374021774
0.494096444423566	0.555927652223834
0.525414417372764	0.503570408590271
0.615423429886094	0.524750896284182
0.657452704930900	0.550252162804886
0.702824673487997	0.510498480990179
0.755195086139183	0.522434911492149
0.852240277798204	0.536496809022850
0.926501550287125	0.524697483770362
0.941660100755203	0.526085952521205
0.014787554074961	0.620395769669650
0.094876699928398	0.602091335045894
0.186596125276782	0.588977470447188
0.226655250249700	0.602951317816729
0.287760814704294	0.599620923685054
0.317107049763926	0.604617863059304
0.407401267388463	0.614061601893991
0.438483004880483	0.593669639776617
0.509352441748337	0.563963998807935
0.590090947901502	0.593188234684800
0.631641498753834	0.562525290268246
0.728368975304386	0.624454741395184
0.790205389066880	0.622631860518044
0.834562941663215	0.580419768743548
0.923935365350669	0.581265820849516
0.972679401479587	0.617340248047221
0.040456839075302	0.682222296366171
0.092688179683799	0.680428874036979
0.135662081697528	0.651064893105897
0.202087424902615	0.680492172117925
0.286670906259485	0.639213912527010
0.367311527092199	0.651897438546153
0.427892568940970	0.644505157954876
0.465520852732128	0.662575246134674
0.525127859821107	0.630349406522664
0.613218544179275	0.637750509634556
0.649139677965813	0.660507362562466
0.704106072302467	0.655600569378142
0.797343292692058	0.642191993789676
0.840867332087566	0.659247320138791
0.896906216852229	0.640400520005589
0.958569749467091	0.661902369095921
0.027651188552298	0.728687044591919
0.122029961246189	0.748432476116794
0.167476576122566	0.698256441889274
0.195811120678743	0.732658010088526
0.301058069043457	0.689880288686808
0.348885429682300	0.728079311995669
0.392718000690853	0.740738847290803
0.474747725465509	0.733615624758209
0.522269934522866	0.744182285080124
0.617064801945133	0.744528666181031
0.680030441157294	0.713990276918395
0.728841056329278	0.699555111396954
0.807089527849362	0.738636932595083
0.839784032787961	0.694860922014308
0.918661347469585	0.713864901400256
0.971276560122212	0.742127092698851
0.024110894233829	0.751825449988671
0.096209294010468	0.770405010630587
0.128149827229942	0.784639160244176
0.213594643638026	0.773261746498933
0.304364256500701	0.771137355758957
0.334905966874190	0.795587238517028
0.392846535589859	0.806239080046359
0.448479499277538	0.782198870998621
0.549906953467849	0.795437029020497
0.621020011151796	0.772965111876946
0.656225678561890	0.811872041871392
0.738451051348460	0.755074692294601
0.780705606804859	0.781692489145019
0.815033054780223	0.804184303558824
0.918730763073832	0.786731408437302
0.958988318937828	0.786848197830689
0.011414757874192	0.848505819777727
0.090012555875586	0.850244594295566
0.181275775974797	0.815249711668643
0.193977550779581	0.869295250797713
0.311815124616100	0.814491876328711
0.316904386666581	0.841978510120995
0.414192902777389	0.823094609763495
0.474104797083210	0.845653316348478
0.525800326132053	0.843218046582355
0.583295246765668	0.835699976281775
0.684969816880177	0.866978079442512
0.687802188054845	0.836629661969871
0.780290458707672	0.840381349050529
0.826656049324469	0.833954303792318
0.904652092365351	0.821007657419776
0.945959043763801	0.871647619845264
0.061404411782605	0.924852943583357
0.080201683249954	0.922226969440171
0.182966848936157	0.917686041207096
0.199218233133251	0.931174508934765
0.306480018886267	0.927896180799090
0.367606420446561	0.918678972676554
0.395688363006499	0.924112942314035
0.447074719037529	0.897977744714701
0.503681524177357	0.902155672002620
0.606093081379331	0.882521111679967
0.682591191215346	0.934292246266685
0.708057146713384	0.891087408923448
0.784037165308031	0.905220302338181
0.823044227584159	0.895429290966813
0.925442178410697	0.900673114380490
0.940052619641077	0.908106121082233
0.012148696408176	0.963082051056107
0.113891288344490	0.963628014395625
0.149105723807380	0.953546223117981
0.194900506599783	0.988744385537865
0.305553677970440	0.990425614244986
0.322475643539796	0.990920859124959
0.412752036537917	0.943170148633227
0.449039706046237	0.948145063625566
0.503037699440736	0.946440583562697
0.612913800822667	0.944042582663019
0.644226842797181	0.949205744039315
0.692494128628167	0.995767627390630
0.771196178398374	0.995643804838332
0.819380507485913	0.957629174551724
0.896274878444680	0.960895717527809
0.988228708604753	0.994661359871892
#
0.001079672307493	0.055308388719058
0.117561232791646	0.045199402385671
0.165611908605930	0.027655016942917
0.194725533934479	0.007844241788924
0.278453329686530	0.036376812780247
0.353895786097016	0.053920542761083
0.432233972095357	0.013279587149918
0.499501357044094	0.034970064873917
0.528942753334749	0.047771300855156
0.607423942022706	0.000816883665001
0.680685425874122	0.022051509896887
0.703128261480743	0.014655237642502
0.812388801961762	0.030497836349066
0.818460656651519	0.053180465123309
0.911793152912122	0.018249817065836
0.996956995323872	0.016505747862744
0.047978690720158	0.095888253061773
0.071650037369493	0.100197548070037
0.147796387192862	0.075688370681179
0.249125283153058	0.105800646949397
0.271040436758436	0.068309040028441
0.330528201233951	0.111734074086238
0.417066260119799	0.083845687031011
0.445474396883621	0.072692371674392
0.556751898575866	0.115991319440303
0.568170381856773	0.091914557422142
0.636930030555099	0.119907189130296
0.737721844122331	0.116190462647632
0.774474517811782	0.068657501864051
0.822759323668494	0.081561946198126
0.898348264605354	0.067792797855286
0.991169475569895	0.099355177744142
0.032015554410642	0.185930247942086
0.076535689429505	0.167385203686400
0.175999378782813	0.146643978373996
0.216515936502608	0.140400091931899
0.261797338799643	0.147474080082023
0.326676415617502	0.134456103626163
0.437452005178773	0.179433027382342
0.445031411540120	0.176925547171134
0.501931211227651	0.142585407655590
0.609489666469043	0.168365708838884
0.658686988354588	0.171505595058903
0.695988808702326	0.153497235405025
0.766808339718685	0.148458520232457
0.830756790227200	0.153197060549445
0.886869328230240	0.169722444984881
0.953406714401419	0.128230142524287
0.038239221708672	0.245771832035569
0.096301835285570	0.201397753687668
0.174765435029931	0.230761208785293
0.220642460968961	0.220976298580872
0.303360191186275	0.230775113955204
0.341218020031512	0.205241369786146
0.394939226423143	0.243088582485353
0.473412905376966	0.244131386307797
0.525466499317662	0.243237602260950
0.569845042440539	0.200296075260918
0.672247198232158	0.220298433989589
0.745264177355045	0.194134746912549
0.780868049092444	0.197742080376540
0.848656710769552	0.187617776304278
0.884281633060142	0.208098119435156
0.955652233930457	0.234404333077698
0.006994365905294	0.302967600231168
0.112723984476231	0.303785742243935
0.160013313515231	0.289935371338491
0.231589544283713	0.278691006947470
0.272001554961782	0.258820223434903
0.316940941295922	0.262060087482575
0.415683228895809	0.258188642010370
0.443372451250528	0.307714143912358
0.501329272214516	0.268190635066873
0.585875007925992	0.279453094327928
0.632021112267282	0.288366989750850
0.722906515374292	0.259781594215841
0.791276208702190	0.251687428186808
0.851315100147928	0.308800271231169
0.911768658502672	0.277154907284923
0.981108099290544	0.310381811839268
0.017009343824934	0.331682683147765
0.101092753969969	0.360216468423655
0.183884715893395	0.341565503279927
0.241034085889355	0.350114729788065
0.278224654371320	0.328036597147709
0.359727696090058	0.357174244355917
0.434825246832875	0.327803791315016
0.453912617424250	0.323413052715108
0.504518622271604	0.350911018942346
0.612603948099447	0.373287063833742
0.659083836196010	0.362844171116092
0.742957960681631	0.345922909219149
0.800311652038435	0.320440754354452
0.843254603496346	0.349076757638035
0.907539073269008	0.340169241367297
0.945440842364435	0.342104138711492
0.047485382292649	0.432432413405607
0.086765296239002	0.378751063545642
0.163937942454111	0.430411106075722
0.195562316659620	0.378867195832745
0.273563549306375	0.414816583748864
0.351560383738615	0.383217756929392
0.392783369669407	0.394849112727644
0.494021332632173	0.391875385252497
0.554183276586510	0.436689608671979
0.574705663896679	0.407146442587172
0.684576718237851	0.377012808749455
0.735618832998005	0.432136788249979
0.759880079002441	0.386782139076801
0.840961621033135	0.400128682848329
0.889448624747910	0.418364737658614
0.986009813914660	0.401088780991521
0.030687886006359	0.477374460702966
0.091289507726624	0.471341324978005
0.166139993957160	0.469975789434387
0.229908382806440	0.453780953761605
0.269591615510777	0.458592134678292
0.360070448292552	0.441813854909109
0.436736355957514	0.441181932460443
0.482171715364017	0.468884466063204
0.504349350741098	0.491071379683230
0.583991363285806	0.490458262747377
0.639513344565526	0.496418565758252
0.736145863670075	0.441729504557846
0.776105794450526	0.478538788180691
0.817740748317503	0.450763216114315
0.902755531998178	0.496974615161185
0.983715263031473	0.462783912697407
0.013206481427352	0.561342052649437
0.124266169470331	0.504993668554815
0.161564185860116	0.522818488627164
0.223222197900345	0.552693105475091
0.268045331428420	0.533005069104956
0.351378493529367	0.523853609998793
0.416017444682894	0.516778519817576
0.444028290121124	0.502270626123010
0.514832112344990	0.501143797941307
0.604134728050356	0.555779961649277
0.659976976058673	0.522474246774212
0.730860508086244	0.526478645630758
0.768753072891560	0.556806676626859
0.819418661923711	0.531593260304442
0.927574865750520	0.523067595675371
0.944080416973233	0.557441875046338
0.011140831283094	0.624151615251124
0.122169394962180	0.569772264805453
0.144613339861299	0.602983574741633
0.228535011114677	0.578419650937645
0.252214416745634	0.591948857537808
0.319121118563721	0.589909478053430
0.416502114133095	0.589946124898257
0.481604963973305	0.619533846852028
0.514706811681904	0.565068136610223
0.575056435135788	0.608104111040734
0.650775543289090	0.622263431723058
0.693070729977468	0.564177304710419
0.767709076059449	0.610895252797845
0.844259380486738	0.594338994509736
0.895683918531445	0.591921527222013
0.957423929464404	0.570481672361023
0.043890607015088	0.666609378337536
0.116604917549785	0.626185363682729
0.129775503433141	0.632738880509333
0.227538213565140	0.626746400099771
0.266523498070665	0.646780425251178
0.364883964573355	0.673852239441209
0.388728434790677	0.642562865312808
0.478972564853954	0.653818564176052
0.547623071656009	0.658822258374729
0.619353777989595	0.652262293550829
0.657624631865794	0.628600994344126
0.744422762420593	0.678389572390795
0.778473702338751	0.638013427890957
0.825573244993708	0.681802098914469
0.933537125804819	0.659121337296469
0.997537990100109	0.653244070424289
0.055962664088226	0.689747028620855
0.084937730998485	0.707412370674408
0.182438562826705	0.724396410828781
0.196117424306254	0.747192283465921
0.302391494621963	0.700062418708709
0.345688040885303	0.704439503101036
0.377300095337513	0.714251474570891
0.446764968163163	0.737190608601596
0.522186430409128	0.734419163283757
0.600787430981474	0.706030522113673
0.637785926711579	0.732457668807464
0.744583980310029	0.747377948049078
0.765952539095528	0.688208069012200
0.834818954759352	0.702546146294346
0.931147184032283	0.699840463162363
0.977102109909664	0.693137372583299
0.029406189023146	0.801258848220752
0.066265022528536	0.806557041489649
0.175880749110570	0.785937191126504
0.218375693446346	0.768208832236870
0.292617278721909	0.780951156084414
0.334880837899372	0.810686933632984
0.383149841671262	0.789490805526029
0.442509486879574	0.788964552799348
0.561698808145406	0.768492534993797
0.569274551440443	0.788881140333573
0.646028358799761	0.780046508116076
0.709597665516100	0.755799761378043
0.763345967530237	0.794221900952217
0.819676039552939	0.762180760796690
0.925212295373835	0.774733517324723
0.958863401892330	0.757658248841799
0.004125832319056	0.831783435501108
0.092087919612436	0.851512533112316
0.127499459210085	0.849703088222235
0.249909674108473	0.826671285296132
0.308845858263398	0.812747016578272
0.332437786918585	0.865779606579635
0.413837571128117	0.866823129848769
0.472127699781472	0.859451791879128
0.510668889636446	0.874192138813481
0.586237171030076	0.856365722657965
0.664593665753397	0.866941718426403
0.715256841233991	0.836948044385516
0.801298676885501	0.833458093494633
0.833415020218448	0.816215501778926
0.908325320350315	0.865954171078269
0.971168404161853	0.853107454934066
0.022987147842182	0.916433446904745
0.099066425065176	0.888584015181075
0.167521247475529	0.916441902469714
0.191252169985965	0.911061239771908
0.292104140283099	0.894922209937340
0.344192660857619	0.904043052657867
0.405095188521686	0.922484688297260
0.467988341253481	0.912954225723039
0.545380007937290	0.893146771883626
0.564954346599396	0.887766582559623
0.656197087409952	0.914501662957366
0.703341149699604	0.890560645133504
0.804260282120495	0.881031747675974
0.868100789592276	0.887744720082321
0.905236970480237	0.932847031478385
0.969725509661884	0.909650862545159
0.039831377094922	0.971454271850864
0.112228778566287	0.960132303085442
0.162162290341724	0.943359686747044
0.205117943366086	0.994876622657729
0.282667027997707	0.948165830576482
0.327980768317469	0.990689633426533
0.408227253014508	0.987641092736190
0.488027214200824	0.986264014409684
0.522891586404385	0.990607801225993
0.563275363383762	0.940385069247658
0.641737967529739	0.946649850770284
0.728180431362866	0.991343781684722
0.800444624573096	0.983313233631387
0.858870145817373	0.993505086166203
0.934539353343318	0.980587657725692
0.966545541326410	0.999208591005115
#
0.037590626490440	0.026989244440219
0.081441734747249	0.003598295997036
0.159276505998400	0.029851952341816
0.187915924310897	0.005137760106041
0.286539757108907	0.025360886129867
0.324234469345360	0.056672288088983
0.382427990860289	0.004577038839827
0.452736326584182	0.053467084171359
0.548574227370805	0.056068924108653
0.613327115422191	0.025374834722694
0.629851643448312	0.052677798795672
0.698066832121826	0.062429092911754
0.750111655172103	0.051952334045654
0.861819948212202	0.012030521847082
0.926475243247458	0.002218598602274
0.984662296741657	0.055983828233668
0.041383610145744	0.123646029503701
0.089576119359600	0.087989905331165
0.129727456239571	0.076481958286949
0.202294523918488	0.092463039596324
0.259782065974381	0.085940697512343
0.335228688641854	0.117790293208740
0.419664289608985	0.103211438409218
0.460605567821326	0.075685156425039
0.561375311415497	0.115580043214858
0.618137063340549	0.092323409691412
0.676171723663265	0.069420797373615
0.708595290610356	0.086891747449267
0.792863116216697	0.114743167226492
0.837017681106114	0.098427748970787
0.904842959752968	0.090171062088378
0.953594915339745	0.113173745467950
0.034001654633088	0.182193880259221
0.071398784408555	0.151365332704472
0.125548726559046	0.139721170638739
0.209625430555811	0.135152255696629
0.305855465352851	0.164677638220526
0.362292339192888	0.175079971083342
0.389768116688884	0.128463710135190
0.451020269948877	0.170805392884837
0.513407585272428	0.136821337629068
0.579648705581703	0.160916927424473
0.638918101150523	0.162262077626600
0.704175001217908	0.163531492284041
0.802912980650531	0.182596956087532
0.855056417359169	0.130761329653501
0.879361180633274	0.126083957191693
0.994366862897148	0.156079819520488
0.035278683813004	0.224360226138230
0.103047667589981	0.240371183562761
0.150518156463052	0.228207950969974
0.216692521156322	0.246638926458345
0.252499293274595	0.225298457322130
0.313962714295826	0.196234335237237
0.378381848496125	0.248978554300028
0.461759120653560	0.243304372385215
0.540408590555985	0.211031579257928
0.593041586376620	0.238223810662917
0.661512901054582	0.244827440254699
0.706333420010943	0.218960859703706
0.785856786628919	0.193072764509840
0.829971740666654	0.245948798706161
0.890506652362064	0.236740563047175
0.969701642600052	0.197670988478970
0.054906725430607	0.260416850129938
0.109200365488464	0.250739559575040
0.127288016040062	0.276359478003313
0.204852118510136	0.294125384210289
0.291557772967861	0.257359545504991
0.335462974942746	0.264549024639313
0.377962437124332	0.250106354229526
0.443620714345859	0.283934888001283
0.522956630904334	0.276255558760314
0.617558659416404	0.271745000970956
0.664069122338334	0.301522139952058
0.695409499780021	0.295245277545821
0.811947453024785	0.305961775388211
0.849123791174293	0.265908487712361
0.918944737345782	0.262755190636440
0.949482977116593	0.269689710655294
0.017239382087076	0.334543405644256
0.114012407529287	0.346618323347442
0.154317056024870	0.345391036193560
0.242035987363089	0.363401306848601
0.301572615554690	0.328636775641035
0.337317989271790	0.337477758139716
0.406941055793301	0.338179109755014
0.438390842275319	0.336583877148010
0.530012616239840	0.356985947287638
0.624322006362332	0.370599155240482
0.660530752583414	0.371462363836230
0.722303252253286	0.338231651132980
0.811359809507583	0.336221571260533
0.848030875241508	0.342644168332951
0.936042492408548	0.334490700702763
0.990223934595176	0.321652828383179
0.037219875777308	0.431379315209081
0.102136969197224	0.429933130331904
0.133369014222028	0.377048803071852
0.222316955995587	0.401600530653750
0.283059649046175	0.383110566459505
0.354130930233312	0.380066056184020
0.398030555783312	0.434002541354043
0.447444459804088	0.405543625143600
0.553828547415633	0.387534220327515
0.586062419452021	0.403907227947821
0.657706038262743	0.378795731246075
0.703006148021786	0.432961945202658
0.779703999760026	0.412052734385257
0.853066360398211	0.417093674283729
0.921605263192697	0.430555950368418
0.975988463740444	0.391067423381276
0.056685709509576	0.461127804655961
0.073246253889693	0.470924182220694
0.149063184586485	0.466075792507868
0.220903522881191	0.495876942600211
0.298129619415996	0.483502654296696
0.325604153669114	0.482756059088920
0.391143481105367	0.479598893517302
0.488486549887105	0.440564043223989
0.524419542611442	0.481943058762570
0.582433839813441	0.438789705615209
0.625228362507240	0.450397455995064
0.715020116366800	0.463066975417446
0.764786274059393	0.482680761207636
0.842203082247219	0.448743257586901
0.926083984127288	0.472020594425737
0.945900211534673	0.468427318039100
0.000899449165654	0.527029782729114
0.089661040524291	0.502423314203607
0.129897567502898	0.501813536350223
0.209201534967684	0.559499636131688
0.252619996507447	0.513906834868576
0.323683393117665	0.506147056062740
0.419221293191477	0.532638420736799
0.453094016807874	0.509187000456543
0.501594324189144	0.530989205399176
0.607468467710998	0.513576852786605
0.684729550396961	0.536848981815122
0.698180516834995	0.501437154351486
0.756181015008753	0.550104259845126
0.819625178077171	0.549284679404643
0.887967279620461	0.517743439519602
0.977531657257940	0.541395740724144
0.019292582485777	0.614580270540803
0.118862306290274	0.578719083645548
0.135061802490396	0.595230001963845
0.229895194653048	0.574638062770743
0.269303913858441	0.584328670147068
0.326875877613639	0.624142530374029
0.436565248761108	0.567303548015143
0.457409303305300	0.609326906644117
0.548547000708302	0.611899853026122
0.576133205733177	0.575672072579775
0.675881800195408	0.581165117958133
0.746366017700957	0.577518274545441
0.784565395843719	0.607438202404868
0.863265761797262	0.611242388313693
0.936327208371676	0.594103649877152
0.988387399103001	0.612203432884348
0.037998199340771	0.684036681660576
0.104856922344737	0.641807337470075
0.142950513680803	0.675887905640618
0.212661636227896	0.677878217740305
0.293867053765307	0.632654313218117
0.365782812541184	0.652422723454056
0.427089407702929	0.644552934206336
0.472690671690551	0.659814079227465
0.510255681629701	0.667034384527834
0.576197755016898	0.670125848245836
0.626094774197809	0.647760320751174
0.747450452981272	0.636016023376960
0.777982890292300	0.638255891582406
0.817499302838114	0.662913756657605
0.914758651992250	0.628704095973215
0.963820277326466	0.676796740471455
0.054242054609755	0.733055945380022
0.101013047789692	0.713120410821429
0.141412388246137	0.721022607926517
0.238813490109475	0.718270260876922
0.288946819617168	0.690622517315932
0.328600499928254	0.697494760201661
0.410209183516612	0.696384975776050
0.460966605014626	0.689351770678035
0.505529496034265	0.695099568156316
0.581465167478068	0.689820105283246
0.669014224894697	0.738101352352673
0.728420486625033	0.712700734648435
0.760689400429998	0.725160082127005
0.860751237396791	0.737135502550433
0.880488344367591	0.748428956314090
0.994651793733857	0.701966765543787
0.031262925076592	0.801808300178221
0.075426071288629	0.809115911396597
0.163175250266952	0.803746587478380
0.230877855060594	0.788888215416551
0.282868529735801	0.791669058826908
0.359614059703800	0.770660396058965
0.410514757598405	0.799725344488915
0.493895855119660	0.797378593077273
0.512005345563988	0.782197166882036
0.571068909035779	0.797357717525414
0.659529311750557	0.752029815136229
0.734666915839693	0.764418641952662
0.807667175248537	0.809618235041182
0.822577079280181	0.757469766818678
0.935998200380359	0.764227002324007
0.956203915401409	0.764936629162388
0.059065182081322	0.848080781776942
0.071697062552952	0.848257347876964
0.132477904336988	0.815815063165108
0.238754910472491	0.855073397203249
0.255651013417670	0.869144731054349
0.343080302634761	0.819958857684387
0.434707193401923	0.813586569173165
0.446715238462602	0.818103498474952
0.505992919702780	0.821879769764929
0.602960724625844	0.834803494309844
0.667340719776657	0.857060833829935
0.705295764801627	0.869122339047404
0.780971606647589	0.827894126636184
0.826033008855542	0.851569625659978
0.907480780042820	0.815898640489531
0.997014230960518	0.856175300704473
0.038977067591966	0.902715080918911
0.090823294732446	0.894532441253432
0.164487678610484	0.936116194235770
0.235796631601592	0.923556709775249
0.295302476118738	0.883301186799258
0.333932623097541	0.912489500851368
0.422037978274640	0.920964573142343
0.446912786678158	0.936472014596563
0.535438742496874	0.933475051714567
0.620767637300484	0.875611214447560
0.664851261093829	0.935529613168451
0.690439527083756	0.882866785514137
0.798779948029267	0.905159336376274
0.858182040606784	0.916816524166920
0.893222453295189	0.911489219747947
0.962570201407669	0.930739800837063
0.026753713470361	0.998506503572223
0.078153931335698	0.964672067063435
0.183784634805351	0.943747602040821
0.215681062333910	0.994852491012973
0.266257950996225	0.992333512678704
0.367181452120347	0.948313391857271
0.401489321716127	0.938005060714321
0.487519884537328	0.977246595846896
0.509554402468389	0.952602754044953
0.588995479999342	0.952931819589094
0.654272944600501	0.998443919772036
0.724545424434367	0.963300604612054
0.784637780737164	0.948615709031260
0.825064234453036	0.989403248543829
0.875380106997998	0.978259964637286
0.965991927273802	0.964857109304833
#
0.024329350248289	0.046150524383679
0.109075431417226	0.009521730741142
0.152647177215001	0.029497542600030
0.231035819869380	0.049966806673903
0.296399623020878	0.060171868797082
0.318070857030240	0.006171493676065
0.432161738134376	0.034160771327829
0.468895068021117	0.038261025032439
0.538827014208382	0.061090250426459
0.607150405495695	0.011596744533534
0.643311616896142	0.017452092758019
0.728501027226681	0.008748415262962
0.766649588044186	0.005900665231375
0.863492604458819	0.040708166149144
0.925503233925091	0.022628324009741
0.950703529644106	0.018279410902941
0.024423305271059	0.072569273283605
0.082225903407607	0.123744863798200
0.146036439332770	0.117222799000964
0.210662688061284	0.112661761010569
0.287613920803441	0.115862043324942
0.315736302437316	0.076483170490592
0.386846950309548	0.123384088422960
0.446465937073567	0.119316418042713
0.561163357691528	0.124828362328077
0.583391083089144	0.116176521796425
0.647254164888815	0.118902365835710
0.714313532959626	0.111539678950570
0.808452241994895	0.073611334681886
0.829206419326762	0.090694392688618
0.894082793635685	0.075985516570156
0.986353971250088	0.088856993496618
0.024908123761976	0.169783164146306
0.101556437739417	0.170968110465554
0.172505595717813	0.162521679923525
0.213767225409105	0.128126609503670
0.291638926088726	0.136578997890833
0.344922448195848	0.146873091410816
0.418513448293324	0.152535028922147
0.444479144820240	0.149515096671417
0.503821972351014	0.165027453340596
0.597970022900954	0.142199114260077
0.653886559426060	0.151339066730309
0.727824774230906	0.158136299891778
0.763977820726339	0.132260862230268
0.873444721800844	0.152018746934952
0.897977735503339	0.158311112529671
0.998110171523437	0.183447043206763
0.018698066259082	0.191803051217995
0.117855109214516	0.232893097632423
0.179157658929275	0.225512425438620
0.195173830275930	0.236165787221088
0.271291765942306	0.234041752028056
0.327697234304551	0.245202495540772
0.407202734925016	0.244126872463763
0.477806877557958	0.210597740855440
0.537293045295471	0.226100535199186
0.590427330381453	0.219608945837735
0.674314472166429	0.219094181557091
0.722728906309402	0.243010059419440
0.755906952357247	0.230723820913286
0.818549209188449	0.192942971932456
0.877669079142546	0.218446843697095
0.958862082411969	0.203442003203310
0.002667848457971	0.270488936080478
0.114046777726977	0.250650149537402
0.168688618515429	0.298262613778529
0.191588281611118	0.278332156586887
0.253238375983373	0.282187077791823
0.350712575449309	0.284993779388022
0.414647349340293	0.304962843189124
0.468113018163273	0.279357280850959
0.551689818091502	0.269686559539914
0.578637482529422	0.251015190253620
0.642528217901133	0.277672937393694
0.730614405426456	0.290937717940760
0.790740188351655	0.272208827087239
0.873218062202381	0.268035578502001
0.878897354182298	0.298293755546513
0.979325838149368	0.282357817843407
0.038084804918753	0.314208781114246
0.111997387776384	0.372588958721629
0.186179275143933	0.327852211183135
0.238660067157159	0.345791834807208
0.284204696880585	0.333895295717845
0.324238107673414	0.327209005921546
0.393414490758654	0.350698110161628
0.490740586579368	0.337718999499390
0.554079925639457	0.317792218179743
0.594120240384741	0.364052933114360
0.629816885092835	0.321065750877272
0.745867895994654	0.372550651284994
0.805600424295548	0.327532273618861
0.833722822693229	0.347520148142362
0.936993780283838	0.356604160954967
0.965232337685938	0.346698544403584
0.037268134686693	0.400781336974069
0.113623923153762	0.418265204610248
0.133913899541114	0.398080862365449
0.215298607850051	0.389301765669790
0.304788423613014	0.417370894089660
0.355727131634072	0.415356127336355
0.423811048920921	0.409025152556488
0.440629353893020	0.423031170645387
0.523085394908694	0.391779176982068
0.572712171475918	0.398112219327156
0.634248678618285	0.431449067952099
0.704053607394815	0.377768763079720
0.782663285696219	0.393463805889702
0.850481986164344	0.421035978328096
0.887270600639696	0.409790372847880
0.937815999670493	0.383932543731395
0.058813442184197	0.439355708775543
0.063513599118105	0.463103590684618
0.173582897183621	0.457622458173456
0.187654622888694	0.495828088823084
0.264461442453196	0.462046421051385
0.368670360140076	0.464667733561287
0.427185826670538	0.473412218686638
0.485654142419960	0.488970823190517
0.556160963662821	0.477177183880628
0.584921034203707	0.461866683332335
0.676767432943282	0.442611647654584
0.716946942389348	0.495667764726832
0.805044211561918	0.449818375566932
0.861349539202370	0.479550089114823
0.895303755421262	0.468297460312792
0.976186180845528	0.450483936048226
0.028015954921259	0.517525030929834
0.105433793894000	0.551216692486479
0.136453949659819	0.555692737091028
0.225660000645593	0.505306511580201
0.292934683176092	0.546207263465321
0.345821616436779	0.526235386968180
0.431567822086873	0.537449463366635
0.447759330391479	0.555921506266091
0.536876825624350	0.523905598200254
0.578811575313171	0.508915491098635
0.664741322494750	0.546870095724443
0.719208187809379	0.509184811819388
0.784957307835565	0.516877630030941
0.821591821835980	0.540193034025187
0.906345041024928	0.536348629853187
0.979680015235133	0.501544428203847
0.000552338999243	0.584131020824805
0.114283428655887	0.568484378005025
0.183132882127104	0.599139091552733
0.225946789034281	0.619657696456336
0.255358106807191	0.569275530362333
0.365082910587681	0.597804875877990
0.419378630332504	0.572046124713273
0.459056942859678	0.563108551927285
0.535823273902834	0.582939657707568
0.620278596978816	0.602018898944258
0.637461032634010	0.565537562157967
0.717851550485439	0.583810696747110
0.798694360736104	0.588853572865215
0.838873009989358	0.604919169297190
0.896204976180732	0.568950407310377
0.942584569130578	0.589854030847166
0.061329809119070	0.627885849506800
0.106348015247227	0.632087386316757
0.175224016737827	0.666661931095100
0.225884260094814	0.649123240049608
0.312187478440974	0.658056982320397
0.353215766876404	0.644093176165268
0.393267442229150	0.634017775361198
0.472425041029911	0.678944045661237
0.557259102729093	0.627856306339464
0.601679085544701	0.641016796875283
0.635579480850273	0.648980533200428
0.713209884465488	0.640204093349796
0.788891126192499	0.655069925261794
0.822594366431607	0.652717621144889
0.893406227613661	0.640029156947864
0.948638712538788	0.658701646338730
0.020251961589733	0.722942997782478
0.123248324554471	0.746091065971086
0.177239702284508	0.692303770382959
0.220495297915883	0.722564577802565
0.281470790760119	0.699959760811171
0.338761761979843	0.714332587717644
0.396797359635075	0.700298494385858
0.459592041142656	0.747646201183122
0.503277154014394	0.715798665077495
0.565079364897120	0.720660792947901
0.648266914218726	0.709134827154720
0.706256959533495	0.735784093118455
0.804395922195841	0.715299425202026
0.833124052927160	0.741884542219780
0.876112347090643	0.708828469714226
0.981000202266965	0.705364580153922
0.013459129509507	0.783737818252700
0.103354278131936	0.768217446985240
0.150091579946478	0.750250624478271
0.199229867753277	0.808738931852565
0.251169953626504	0.785482516869782
0.350605965644495	0.798515975064602
0.395623201494600	0.755213318291985
0.467570262124080	0.795888112533928
0.521633459522071	0.790590224273175
0.624437564489068	0.761060106192264
0.676134678401550	0.803197208760701
0.716938154749674	0.785706824020182
0.769099971545883	0.769657377594769
0.861164531740049	0.776031744599699
0.929199073752784	0.810365236261945
0.941244238319049	0.778793135955649
0.039271922252786	0.820172470486763
0.115728436050291	0.833924947078671
0.186001376685105	0.874925597337989
0.218573601705389	0.834165737518148
0.275726782338630	0.849403990513972
0.316331212831738	0.834197349516721
0.427092278388350	0.824014232729449
0.481681653192309	0.827835735577470
0.527286499002899	0.856283837648524
0.603625865633629	0.818363394356767
0.677901448053983	0.818315439582410
0.743245723452011	0.852867136049403
0.786050722142344	0.840383704132490
0.837186522263728	0.838059643231230
0.935174940924667	0.834132139576048
0.948472569742816	0.846116647990680
0.039023750921833	0.903710093312247
0.112948339313257	0.884761866882854
0.156712321382764	0.875686062092587
0.215030658283511	0.915458177531361
0.260258506069136	0.886972736337216
0.348211382785978	0.922150072812720
0.392899144226778	0.892233991984914
0.440431645897434	0.888239881186918
0.553010761473680	0.877290439908926
0.577564579307233	0.893064452557723
0.634429032334459	0.885313060995613
0.724548554100224	0.878732095284209
0.789028427718214	0.898814455000408
0.829316762454532	0.876099274974223
0.906495943920220	0.899122376131504
0.984562933921596	0.919108660101567
0.013373403172794	0.992171880598104
0.109476282752463	0.958453777891340
0.153712248843795	0.980088555918794
0.198475191532279	0.938670061543507
0.307023282350745	0.970264897485675
0.348200567933545	0.961097314100735
0.394516541117806	0.953506227877458
0.492365048920006	0.962495606965966
0.520552167746483	0.945357647595312
0.597814661313387	0.938161251004357
0.685312867309622	0.956398532992205
0.717318576767533	0.956686189926506
0.787394274194933	0.987535297940493
0.833946799020387	0.996320212651934
0.885036059191925	0.950499749905546
0.975486099656086	0.962410003461970
#
0.048029421636143	0.043141275319653
0.080485912931730	0.030507601149848
0.163309873250734	0.053709083613057
0.216071499183558	0.008632633167699
0.254345556765759	0.030809728625070
0.320509679617362	0.029449933724699
0.388956055193896	0.028971359999029
0.486927276677901	0.041238992048017
0.549207858592669	0.017351916005684
0.573637459909925	0.035015397262181
0.636761641103486	0.003099020891380
0.723899663347146	0.059839338034470
0.774267381950460	0.061535689062796
0.852012167810349	0.055831225078048
0.905634976654112	0.037627365812689
0.998584103391875	0.037245823632052
0.011178319359589	0.091398570562340
0.084252058591636	0.065822752018767
0.157910874528557	0.090939574954319
0.215796241325046	0.124994883095495
0.282895771401328	0.087821133091422
0.361261759051998	0.092007775230335
0.405479238506635	0.117719012965732
0.459843935144563	0.066173969084903
0.559565260685530	0.091119505704525
0.562873591683543	0.076159242427363
0.627404295112333	0.106538846691614
0.687780389038446	0.073102779936302
0.773105339559984	0.116647002023330
0.849946604628336	0.105575177697599
0.901928937461793	0.111094817530502
0.951429337120831	0.072921832240052
0.006232225308482	0.165661924018795
0.080563823594843	0.126249939756526
0.133852800545598	0.179147695553058
0.244034134010210	0.186047537295625
0.264850226103410	0.163601950751292
0.359943102605162	0.176712711441031
0.425500575028244	0.174333397470609
0.459449887368118	0.140714052849965
0.557923374216287	0.130715278749870
0.590209442357349	0.133813356255138
0.652898257415602	0.181989911083828
0.728047106278955	0.177251051381405
0.750842710680641	0.162666080106321
0.848508817283089	0.136189796615203
0.914988621089139	0.136675531789468
0.960808225316184	0.164502525289311
0.032724527824373	0.207599398786574
0.110083449395626	0.234157338720201
0.140330865400688	0.229637832157812
0.222456763055515	0.215060119334389
0.281718763690260	0.227331134543598
0.371270317466993	0.216101159624779
0.375868772738815	0.231905733565662
0.452492460029896	0.247138354373662
0.508142929846221	0.237687884550585
0.578887280575323	0.220978371282918
0.633578529365146	0.243562670641361
0.729083967171978	0.221743965529428
0.797072275378060	0.203727046308044
0.850293629927978	0.193748201754351
0.929520095871300	0.225721332646376
0.970391574250625	0.222255080859120
0.055505858339720	0.260791121577097
0.106466143140329	0.251871820350497
0.138615107807241	0.262072135959070
0.237420279762573	0.302534621308449
0.258676466708695	0.261001130495803
0.364174691521138	0.301962643451864
0.396136338856569	0.267723161105584
0.480300685720937	0.286356578327566
0.503922314413107	0.278556529686567
0.596266264685841	0.272936145227388
0.642327889018303	0.303523005508125
0.721103499272979	0.293450126405444
0.790133465614667	0.259775902816275
0.823023002437088	0.274431861797215
0.927904975088990	0.303838626726959
0.978190729971554	0.279277503133467
0.018157634742828	0.318672557042719
0.112044551799666	0.343658281875811
0.162685576835108	0.365764263418565
0.196370247782643	0.369207869791823
0.280663040837544	0.317345743548904
0.335935292712747	0.352356197801967
0.393226030650718	0.359884547226220
0.478115381376845	0.326311625630784
0.524710398056710	0.313733397386673
0.608123942827369	0.323994948254897
0.686745637067185	0.331045916381070
0.720435449701137	0.316407221966984
0.750568712348600	0.351330792380341
0.812798317507328	0.334760555464253
0.902663224179452	0.367583619414383
0.938976886988146	0.348866004083274
0.052128450913501	0.397113047414369
0.091310836948992	0.414261436957578
0.174522945465176	0.402231256964088
0.203717633474436	0.418082792671184
0.292820111741968	0.399629761063175
0.327404373183359	0.394135724961324
0.381818228693869	0.406462266248176
0.489505035130890	0.396607713342320
0.534897966143884	0.419648603779415
0.597625928429800	0.416929825975543
0.639485473733392	0.423912924682119
0.720995795338763	0.389965015641638
0.788854014748673	0.431267753634897
0.870492609012987	0.428908950385267
0.901257106196428	0.432610564456580
0.966148315629956	0.408236068579307
0.049782429353167	0.449902553070547
0.080559965882115	0.449554141104350
0.150455974921457	0.460736426050015
0.221817953272680	0.460694054248904
0.257070209643471	0.441933673545586
0.325056945151313	0.449273710578395
0.427830590951566	0.452073382595455
0.498944036487710	0.499498281278531
0.500802532027779	0.492985765477173
0.582977951232572	0.455852932737524
0.660675254120299	0.485122009366197
0.728385366639911	0.490785930230814
0.754330459459296	0.444569694185529
0.828401753682620	0.445415024938508
0.875316801742957	0.471045046907045
0.979796990616549	0.456308254947376
0.012330323009479	0.553233139534884
0.117727015223989	0.560101850394300
0.145511910484175	0.539360608288986
0.228476961822244	0.552581038905792
0.298267239599551	0.505707862278961
0.336998694407404	0.508240301193027
0.408807207110526	0.551508934278160
0.458514298215395	0.539027935034020
0.515267932354535	0.550764872864416
0.563788700106970	0.514887726825519
0.661058031030944	0.537144061681382
0.700665839383301	0.532300949497102
0.771574424177309	0.532521316760108
0.873149607417441	0.536560167508796
0.887472320612863	0.506259590388802
0.993181512121968	0.535258758312035
0.019683741270491	0.610348420810850
0.110013133391625	0.566396395822264
0.150091441281278	0.616383213242256
0.202504446617096	0.576097591215767
0.307642158294363	0.617658417728417
0.337099454022152	0.597852330925025
0.407732785119496	0.594476544000087
0.463076150618278	0.576388789984372
0.524362605871135	0.594904736404984
0.621049691165343	0.614393304652626
0.643429005522846	0.595769440923065
0.744460490414514	0.599987103510645
0.791548209492827	0.577152250207065
0.829827492638684	0.610446771647070
0.933327829595266	0.576642537420067
0.957975812799524	0.577673174779088
0.037988698060622	0.670197012932086
0.079607016643767	0.648448093217669
0.168757602087864	0.686670782335375
0.194545280102651	0.636349146984599
0.271486072587777	0.627321251930511
0.348761139707933	0.649551523724117
0.389262973508859	0.653667485813766
0.471967453887213	0.635435411301543
0.552838587243538	0.674652119862650
0.596201381144626	0.655023928578599
0.665520271936087	0.626166667352935
0.697377409249865	0.656988799288401
0.807364830265838	0.655232211771126
0.832550537908112	0.683744467910436
0.893214233878701	0.652110936242880
0.951398541630222	0.660357535155573
0.058628392666841	0.703638636117950
0.087873401228076	0.691732024134656
0.149326889315696	0.705205852693810
0.201530130525127	0.713169779401661
0.290824753882090	0.706392136988903
0.328590753797579	0.698441153671229
0.392985861650781	0.732813880542017
0.449420728286943	0.732201355985529
0.540634371393391	0.727456060596732
0.613680842650049	0.731414430624902
0.656351716585074	0.698616418277057
0.697897487555257	0.715316148903295
0.789253130884434	0.716762271032613
0.868359537284323	0.736632534474282
0.877441248333184	0.710828064436984
0.940908813529743	0.727290247197913
0.054268254969331	0.780291430717402
0.093501870614943	0.810660059316005
0.154745872968865	0.795524024138698
0.188094443860020	0.754601480935142
0.279352831064456	0.770326921750169
0.320270389072893	0.757698725561541
0.416977658833954	0.774966424526057
0.465214703223951	0.791852580567788
0.554321535133482	0.750058686782736
0.588822976939572	0.769243516367102
0.686101751663629	0.783229651184690
0.703529825059471	0.759941877726801
0.777277468433552	0.793789633516290
0.855755877720252	0.796586623193367
0.880134899941654	0.765963235931928
0.982439267095746	0.758756110199321
0.028063714277945	0.841030708491693
0.103474143960274	0.820808819657147
0.141338949430231	0.838203264770145
0.229030670331333	0.853096927627478
0.299541884622779	0.830455020365295
0.339172795013681	0.872611519065129
0.415848511368001	0.870648503258859
0.458720467785890	0.827570522396725
0.529321990462910	0.812618574345861
0.613000419802964	0.868684086335982
0.665315856249727	0.827888636591469
0.748419525377899	0.822624572365923
0.764193384911444	0.818384211322615
0.825824042959913	0.815088679199710
0.908166604080625	0.830290343209121
0.962493919511324	0.863305489879173
0.003588500273435	0.889675537695218
0.106231657143503	0.924525904742658
0.181066382893144	0.897528370454681
0.199606848796156	0.877219463931913
0.296497607148834	0.919006272258471
0.365976740138367	0.929352225952165
0.436791243497117	0.888259919363367
0.467231563386678	0.896116192704909
0.511432266040107	0.927509390266498
0.582537130937571	0.921482735644440
0.655427487224906	0.912291163427241
0.738587889846784	0.888279025780684
0.810445502443576	0.886255451233302
0.854393294149054	0.925974113747588
0.918987096064721	0.920833739229905
0.937783202127387	0.914704755627249
0.002924409288197	0.988409103779334
0.095104822503660	0.948058733631754
0.128813572025116	0.994497233884059
0.221991721315890	0.937879585282733
0.296933143730725	0.954963276908957
0.348714664659629	0.947977250517108
0.390701890170039	0.943980963378325
0.465270455656636	0.951258494099895
0.511558232686147	0.963209276661093
0.601514846299313	0.953715868647261
0.664067711326426	0.975078228229559
0.689053793263518	0.995526388577541
0.810344730605219	0.959639295620643
0.823037466560616	0.994598004005290
0.883289824474670	0.978960141607434
0.988044439928616	0.966901124782022
