0.008091203608339	0.025151586282335
0.064621776910411	0.036637965438221
0.187162119851485	0.043798273963341
0.244234592375982	0.002087396133479
0.308568929946881	0.018987475083905
0.339486335148566	0.015975102858729
0.428783861787241	0.012434225736054
0.462708272467765	0.054051189055678
0.521350521439186	0.030711122693776
0.615679123189342	0.016931094829792
0.671982610609146	0.002387634435410
0.743474760062172	0.051429025506119
0.808615364249822	0.008959550427147
0.840741163024386	0.000190732273085
0.895507925573156	0.000447542101133
0.974770189184293	0.037043269019235
0.001524089122895	0.071176973319072
0.111842174094483	0.063970762960140
0.128545473679794	0.085818744910257
0.209714030430120	0.115788814798763
0.302517474233759	0.090875305605790
0.348918731885827	0.071721089904132
0.407898280908214	0.107353116556153
0.440566365200343	0.091164497548869
0.546056060844231	0.103686942844928
0.606995570629252	0.102483698045249
0.647460917379931	0.078305725492143
0.690504689774361	0.091434972774921
0.775152338878287	0.098423965836625
0.853870444358646	0.104181537137875
0.878103114432446	0.124801266778331
0.949219038188858	0.066297992366319
0.044247242632380	0.156995809964602
0.092541243189490	0.148139154922250
0.148803667112674	0.164243836852662
0.199412408782382	0.142380520603592
0.288763013560968	0.140735317985698
0.369588435407981	0.159476425492199
0.402890244665414	0.186814853019154
0.462831248607913	0.183909209487939
0.532359003227870	0.157839855856225
0.583582489479702	0.173691701868361
0.641726420264860	0.126336660949475
0.731084555324885	0.157214720464478
0.780406994170138	0.140408021896241
0.865943209091421	0.174239458178459
0.919048454506334	0.147045197130541
0.959919288861547	0.169233822361388
0.060591655491873	0.242154336168816
0.124695181511854	0.198638651449848
0.181294501073727	0.204137573066200
0.233541895064069	0.204456637893910
0.302925387933600	0.214821339503937
0.331315070977159	0.192478604557686
0.412937930662985	0.205352164561709
0.467989774675339	0.191645848842255
0.505259079234153	0.208680094573922
0.584169634812085	0.207281263928111
0.652112484100999	0.249059833425926
0.709826088544756	0.200503047573264
0.775826020245051	0.235490690214907
0.831442341969568	0.215665206290587
0.936737384807025	0.235788030633886
0.991621799328509	0.215791584275614
0.002324483532534	0.282741273571793
0.067345522054202	0.284285513139164
0.132499395376653	0.258590613028172
0.234476992915030	0.309560541601284
0.305769996861524	0.252609906325841
0.329893583799688	0.272089974348687
0.414010848728127	0.308669033241148
0.476319450384779	0.257314658609059
0.537822108549956	0.294523581145220
0.611460202850625	0.267971018129720
0.643595283025898	0.291066405198319
0.698237779640066	0.273157532783378
0.809046933688583	0.273353035930976
0.813707314752091	0.253510400871982
0.919316086200838	0.296368490609775
0.953948514685372	0.310038439565114
0.050588529976222	0.363090232928654
0.122762682148666	0.345472540423035
0.145475892282085	0.351909715778755
0.192935027940067	0.357311570678095
0.294794457654887	0.368387402775904
0.361151785484667	0.326847832158522
0.415819207594222	0.321360767631876
0.460183936569417	0.325711148197463
0.509750839034037	0.321436717031509
0.579570199614291	0.362145062096451
0.657105984479330	0.343443555560881
0.700796823020395	0.359420200835313
0.781989243602028	0.360884770325707
0.822782475983906	0.331692593613219
0.936520526767480	0.334838294414766
0.989946079569041	0.354142959734109
0.056174778363475	0.424023111042106
0.077830788435608	0.437456681960602
0.159849040916853	0.426078410307197
0.212161003093855	0.379317715343045
0.273975945403561	0.433661518355636
0.355980167874014	0.380448460958537
0.384925249733479	0.389138206566367
0.481616961197955	0.436279082816043
0.533067073651605	0.400640234895549
0.610866558953041	0.388643923451575
0.680017000790107	0.426517568889893
0.723515452054216	0.410750122676429
0.763144174622871	0.420348303825094
0.819050063409738	0.384361592865750
0.926204024214811	0.434953331801215
0.954804901430571	0.394264714098364
0.031695171848800	0.465216536736166
0.118388664688889	0.463464775477993
0.126543397826386	0.454713436080425
0.207492058126370	0.491679116164842
0.269366761921408	0.458283320234223
0.360434120954115	0.444835535950804
0.393413915434134	0.467238570293933
0.460847044136223	0.479657865241090
0.528756704013505	0.462632303830500
0.605432862076660	0.446584361374631
0.629193543079121	0.452644288572516
0.692308074752173	0.444662236988582
0.794403514573212	0.498031325143071
0.836000126268133	0.465111405144006
0.885619024239275	0.465585268356508
0.946750265184499	0.476038083093832
0.051815482625229	0.547820543706841
0.113796264774584	0.543180880772574
0.144052142005309	0.531452727380430
0.237666909856528	0.554889001517996
0.301997151456191	0.536587384377859
0.366037318131662	0.511939603459774
0.397425584282010	0.524322749019326
0.470201126656658	0.553725793068001
0.527728363630648	0.514270945673755
0.607410585547311	0.540028001336620
0.626803391075065	0.517175420176861
0.709087943197598	0.531045006216980
0.768544629307823	0.525326943540207
0.823066661617036	0.558796053984271
0.907536748935244	0.537670571744132
0.962399856411479	0.528386842902607
0.007292596828726	0.621305744744909
0.111631910400845	0.575319169150390
0.175011634736441	0.609623665306630
0.215672020763315	0.573247797949763
0.305147048549877	0.603714130115396
0.361800135517679	0.618701941172174
0.429324124763213	0.605136492386841
0.494554381830863	0.584068477944603
0.560910943182165	0.577365995912083
0.578353531371302	0.600515742460386
0.682819508567992	0.583169574504874
0.747227394137817	0.565798265307280
0.797541894204342	0.617280806500297
0.849475764314289	0.582898724057688
0.917069176250852	0.593376849887049
0.950651883238031	0.601230328358647
0.020069784882378	0.649519724122253
0.112978167494405	0.658173742697265
0.154341840002882	0.643139697484588
0.230811015305415	0.644723241731344
0.291333713927617	0.655112936837858
0.374772119539504	0.626032487693250
0.405818710940266	0.657404208024941
0.445723407801875	0.641037110534040
0.503896160081238	0.644724435657781
0.611913420577048	0.628462483408736
0.635141038309117	0.684235552310533
0.744347797312505	0.660658064059251
0.766766226767042	0.668917982514579
0.850751660540293	0.675982328551119
0.932444278397002	0.664583194689961
0.944351291663910	0.659088876499233
0.021621612269460	0.708173608397640
0.092969225784873	0.694100145077473
0.140546592450828	0.728389144069722
0.192774190801492	0.729205141814124
0.296361136682998	0.722872611347207
0.345881974812570	0.719327944352834
0.389320956066209	0.727389527625029
0.451079891401129	0.693644358035793
0.504521325508138	0.698310346083206
0.576984488073966	0.719793989985435
0.633950799822097	0.690680609638379
0.707691777764166	0.703677335917875
0.779231045998570	0.702897655926737
0.819492916898335	0.693339016915611
0.878844888052285	0.693253085047648
0.973398088951571	0.696054560527218
0.021033169997631	0.805443672447103
0.114346507235744	0.792779325357471
0.143107682470723	0.803404395233585
0.201027623715584	0.800615286670070
0.283664040202546	0.810076991430269
0.368820960355532	0.768409552158767
0.399409089621485	0.776575904811401
0.447536741924131	0.750223514303850
0.561556943197282	0.800127454593924
0.565728326750856	0.779856979984873
0.643841391928457	0.799430124967925
0.733508603919998	0.751512536197322
0.794483682514863	0.754798503171722
0.841260217282400	0.802774230263376
0.909640081613241	0.766038912585014
0.960564249069561	0.785676154942060
0.058424694200727	0.832088590997059
0.074631551545377	0.827951604154765
0.135110241654355	0.859868814088374
0.190489534449412	0.817927198311181
0.272999586179037	0.824390152501150
0.358858952964390	0.826717150080767
0.384093963746935	0.855481517467527
0.483445761925179	0.847730273127144
0.511138857184825	0.854903665279249
0.602967024426434	0.846312381305921
0.661258532092035	0.854774992268014
0.712192886325576	0.827684623978609
0.774184311498349	0.845090640599977
0.835252355047328	0.855015040967268
0.897326735639322	0.814545416288205
0.973472686900285	0.861380239203312
0.049362602407779	0.907035530232134
0.076126297386043	0.913568154015478
0.132716821653935	0.877187858132456
0.197033110280645	0.893572572535736
0.250401009776490	0.913727590299381
0.350898760379851	0.924911314953331
0.391087654792608	0.923065728824717
0.467147412294789	0.932457769623133
0.538878242232343	0.878498288439819
0.574981899993141	0.914295831340550
0.671759678250938	0.931152515039116
0.698170087521004	0.884038770064139
0.753653976514156	0.879681390274708
0.825809599922111	0.922347399082465
0.883591878899278	0.905538080340027
0.981694060126132	0.908026467463473
0.027319100458948	0.984521099668234
0.086015783183047	0.989502434659983
0.169708671829945	0.937871999151044
0.200784981239304	0.948083300917196
0.308115698789040	0.998218213615058
0.337669057530041	0.951644768243224
0.419817012235829	0.978547521890967
0.499292634529246	0.939490206816581
0.520948289942101	0.960069379687209
0.613835151275582	0.970419546043947
0.665479974117591	0.949720436026044
0.718781698080427	0.995482487151861
0.763253067259386	0.946576254575415
0.874189944064522	0.977450801272632
0.930382985852864	0.990895190841610
0.969860699340901	0.948850687974214
#
0.025201251721639	0.056948755444481
0.082030819791726	0.031918699569516
0.181428142385308	0.032057144060861
0.229922308771038	0.061793571075959
0.289198966487706	0.056388395531426
0.314329138579040	0.059784410826346
0.386784396311684	0.016325364999083
0.445502150660148	0.035340109091564
0.512373957189236	0.039362541612788
0.584428638923431	0.015340469286391
0.636360261228136	0.018302739471151
0.739681749442169	0.046658580173193
0.803133481849365	0.040344947798374
0.871659747062172	0.025742462070948
0.896584307328818	0.025097061842120
0.972159233985506	0.027928869508423
0.001617799717145	0.109046008070359
0.108511052105113	0.105286913730155
0.134248953605827	0.118611327923977
0.229574239255063	0.095002826252604
0.253051200445753	0.066726422418544
0.372020807640399	0.119909689498579
0.390672824654768	0.093736593589707
0.499423563945904	0.076735886210049
0.559679442666746	0.080488014781263
0.591490884711149	0.103319449563469
0.667273481284448	0.064440348768127
0.723392784647502	0.102114345363717
0.753352801389027	0.107647092164878
0.815600759044895	0.110768294278711
0.936052584452800	0.066964951432185
0.969136039253589	0.064295917531544
0.045919154955987	0.186251074002648
0.083681533540059	0.186580454013678
0.179592162688983	0.169489244547903
0.188462033358743	0.185794979668175
0.278713852202919	0.155007221757552
0.352803821903142	0.177881211374859
0.437288414017481	0.146616730989566
0.469141525980467	0.130758158747516
0.556567290985623	0.154172420537605
0.621266466841047	0.131469775851343
0.654857220164234	0.174523766717064
0.719453251869873	0.176526377076871
0.758097570813400	0.135817210265276
0.822276462861285	0.162000851583318
0.894812414601867	0.131525895821752
0.960245826839876	0.178265924956246
0.056890530001114	0.214854565499084
0.063474510199966	0.191495818086899
0.178166318973682	0.242912287036402
0.216490872516644	0.233053523955879
0.251064291398754	0.245085673027226
0.361011015655475	0.217575487775047
0.388323815018712	0.222097813363559
0.498871257251914	0.206544464327522
0.529739004683154	0.201948166537203
0.617013020264453	0.198749214355193
0.658523759201291	0.240526739694883
0.706099842912192	0.208768456917319
0.762577006174269	0.197892919723618
0.858225579049491	0.192645743985229
0.929170758024946	0.235332036110999
0.990743124637111	0.225558725398280
0.056429856819201	0.278388701691499
0.122655230762939	0.300891767908095
0.125453351254797	0.271908482279840
0.234386504871511	0.270143561753827
0.250724503290426	0.267484879736436
0.316194076150119	0.290265480837032
0.420667803886036	0.278711884216455
0.442463775646748	0.271535349156250
0.502786733909228	0.273272068696276
0.622024317169451	0.263304261377385
0.649507664222505	0.304472898014815
0.723727464087710	0.300367173197532
0.751913828513798	0.267382422000492
0.842249570537766	0.296464033028219
0.926462828411945	0.309601683227136
0.975565167298323	0.253432998041607
0.024332408813488	0.366107835592378
0.077393120783938	0.368954257572525
0.141365085295719	0.334600202467898
0.234753201741202	0.370067348615282
0.301519032477871	0.336592684563737
0.367227651599033	0.325308193179152
0.434896117890579	0.326741548855030
0.473494326922459	0.337701984730713
0.510239464626121	0.360008085448646
0.603384640091887	0.333493127114138
0.657305290551694	0.351170051677309
0.722721003236999	0.365335670239370
0.762419297857540	0.340318927387781
0.870351669173770	0.371796421211165
0.875373334827687	0.325185937940885
0.979436920194290	0.349908473211669
0.027730849141425	0.408658706663679
0.079460498560676	0.406863151358409
0.178066994337846	0.401101452086261
0.222391889802504	0.436437130454331
0.285447146693582	0.391099735574354
0.323937538504586	0.413168891283723
0.390394489997508	0.411027475137619
0.440624135998223	0.394294233647942
0.524725106448686	0.420892383375529
0.615939852401135	0.415100035907258
0.665707435541136	0.384305159505295
0.691411736087504	0.384852147314197
0.770141597434446	0.419003665850382
0.814677970455302	0.396615917333778
0.930664871221097	0.377891880504413
0.994504824512290	0.385714641221732
0.048550514632033	0.447121234874851
0.119511488838357	0.457857281047119
0.128415309635670	0.457185303273072
0.191078576274700	0.485626201564010
0.298918701312253	0.498419125418509
0.367360643385877	0.489167437478706
0.392902851007041	0.475095139970676
0.472971500531531	0.459655008807814
0.554681025778335	0.452820994705619
0.616057883189306	0.465098265201109
0.675900614512130	0.458716793805644
0.700730373314752	0.487020518409442
0.798151136052481	0.451273961505218
0.867088975324782	0.498634276431085
0.908620699680438	0.462001240468701
0.965233823567450	0.442816219017332
0.061377544828895	0.502195439956779
0.121460491455849	0.551174112360150
0.185110238729420	0.556417204510983
0.210016227579912	0.536350763964316
0.269049595114554	0.560983161019623
0.326491072486153	0.514873852272838
0.376251620168041	0.533408129755619
0.486417955686668	0.520783476303514
0.556074412785488	0.514906831685781
0.618536861495473	0.513920269851554
0.660304323210801	0.539232415199916
0.745866722586417	0.522709550501362
0.784917760430234	0.552503160053166
0.825509879406428	0.561752150708170
0.933544263548344	0.539123678327101
0.974627536686516	0.515474191943178
0.032107094252041	0.570814863387685
0.079856490487549	0.578483306442733
0.177536143467886	0.592113821075674
0.188075936690573	0.600887485032060
0.286315915881730	0.624204078194267
0.335191503143332	0.563809179206451
0.376212379749914	0.564300805970980
0.443756267357095	0.596062157587396
0.553932845110291	0.609342502935753
0.621966087971690	0.606725098328135
0.644852145594161	0.608686995048469
0.719825878921506	0.570238503978527
0.780983277094430	0.607945950232201
0.841145069679745	0.565514162707379
0.918083576641065	0.604065110058073
0.962416624830783	0.609453024484556
0.025651168229676	0.683117507199202
0.093130475266518	0.640351994286839
0.175702562654787	0.669159305466842
0.213240944626332	0.662221096653892
0.258993591998935	0.631273723863711
0.325814492246908	0.674835258844503
0.425554425903958	0.678493910132324
0.449970536780886	0.668551373873151
0.513757446231031	0.645988089211981
0.621793298632091	0.665460822400162
0.641570343654386	0.641397295654495
0.745787621532983	0.669014694907007
0.781094930127402	0.664691994819951
0.874864194629449	0.625974980124965
0.933371103877055	0.660935987523043
0.946231471973292	0.686220470408145
0.018615594923872	0.747578748501273
0.064187105672710	0.727051730960852
0.155031083333313	0.697050166129379
0.242684957424105	0.702357874939301
0.278969232814612	0.731828931612970
0.364967918253962	0.742232468006488
0.430413648309865	0.703168310810735
0.475189728903978	0.737542671788843
0.524062598115197	0.726598723364086
0.599205856118166	0.698908184570355
0.662787874965646	0.711025970338617
0.699307375357441	0.737475638886093
0.777350746465347	0.739575467302831
0.850571646742307	0.701491407151099
0.876292435903752	0.721838656064202
0.986288836775648	0.737788450071888
0.008973368838540	0.755932955480165
0.070599638844281	0.802682293474833
0.163599829038396	0.770720861507748
0.192633261177720	0.798844639456096
0.276201429753844	0.801408254524322
0.361877449086606	0.761029064978014
0.399695157704920	0.765330192578335
0.482338332872567	0.804123919397039
0.505277977137076	0.776896991234831
0.564434287793570	0.769965838427298
0.685549416986306	0.799866078302117
0.734401373480074	0.785838137199948
0.774019333655950	0.800677589108976
0.836034928977847	0.758024340992101
0.885228277390177	0.761493945482418
0.982508723314388	0.789840385036040
0.054699572980101	0.817111471203298
0.094684733085377	0.857415781148573
0.161334113328213	0.822958520601494
0.226564418126145	0.857402118602745
0.252142554440569	0.813011672595286
0.354948568677052	0.822093986559099
0.407560738073094	0.814252536526009
0.497875943008199	0.855821066618855
0.536019473752477	0.861985285370491
0.590498500990332	0.838447934706567
0.668682665283252	0.824554480411358
0.711020501772529	0.853609220934708
0.771697380002983	0.843272178077202
0.815650649937021	0.834111686815534
0.920519501840002	0.814392775719611
0.945157751108091	0.818392495276847
0.044417111882804	0.887645612197264
0.064366819090062	0.900551656063309
0.135477156613599	0.920711246548037
0.194553587383603	0.909968002751113
0.301332195374144	0.875155027693872
0.330416988090825	0.884946949607680
0.419165331356732	0.937204958914594
0.496625045226334	0.910629205093866
0.505137778179519	0.914251973308681
0.594068935191973	0.876121783207315
0.650890511030073	0.931122090535034
0.730877255870932	0.886160843222439
0.763032210091602	0.918510843180355
0.837070463449245	0.906344791023025
0.916705145219272	0.878254880561902
0.944858481818195	0.919224103646522
0.007009162743811	0.975971082787372
0.068710338296651	0.971522901753551
0.166670662040513	0.957773665378400
0.193103490180360	0.972460131008984
0.304676280296914	0.974535991519116
0.320566374752220	0.964915515963201
0.425127308696422	0.949500865043840
0.444035624490128	0.979493662550113
0.537434522871611	0.954167352396568
0.620466650811831	0.984460637566392
0.630216712890010	0.977298261839849
0.739466425596496	0.994530369890162
0.759628257672798	0.993760854280847
0.830289438763934	0.953241165207173
0.897226447099174	0.942527508582577
0.991955465809897	0.949290038074667
#
0.041607354297095	0.042065041760696
0.098314602809449	0.060322666278300
0.141313879012320	0.049662453614213
0.204662406035271	0.030420828748709
0.290837820032224	0.057415810368819
0.327986480046061	0.050332146431979
0.434881784792496	0.036079394275690
0.453886425111882	0.044316307491813
0.509883212859250	0.043131359149849
0.624306769503003	0.051653445914074
0.636917459708503	0.040585291013840
0.698588875241365	0.058255769529672
0.797410649404025	0.008070226746046
0.836705178711960	0.015813717011086
0.885715080311223	0.012027983832994
0.949179328747950	0.041715730966352
0.006063871087056	0.073515174592849
0.085284380014703	0.099185045045844
0.172260764546171	0.121994246102286
0.206202822683543	0.065732979638440
0.264457316752397	0.122070260607188
0.365183402258014	0.091926223503409
0.426435579645083	0.074080739405840
0.451435914411893	0.111043895475111
0.500807320917562	0.101097605767683
0.607700972842914	0.089272464995569
0.680658765164707	0.111390072019745
0.708719025094462	0.075998386589577
0.755099329283717	0.112411013786893
0.824200011283206	0.067832737580252
0.935907931052127	0.090522365141782
0.950538861466464	0.082072887064906
0.025960871752110	0.186846376105525
0.065990377756765	0.182839065745435
0.158768816204106	0.162100318420469
0.202913904100520	0.149939335873918
0.311780748117431	0.145287320517303
0.341398102907440	0.135613399982246
0.387854775824317	0.161055060577592
0.472515276001071	0.146148952674970
0.510297704737819	0.140780337493233
0.588884330593605	0.172622732450865
0.667855550792384	0.126438966545146
0.691021674284367	0.134469672865111
0.767684629845942	0.181046485433715
0.825840945256837	0.187105636068644
0.912932970322537	0.183221486658026
0.994049366402102	0.173641305704634
0.010932326421242	0.227492931148152
0.093451385262527	0.242112215984872
0.181192370683116	0.188423504965828
0.232822229121305	0.230404274766428
0.308650652658811	0.190415923586212
0.351208112400772	0.196778124054959
0.378424566108949	0.222506872793894
0.469525508080732	0.193975530959194
0.501030720537768	0.240049452605902
0.600270975317171	0.211596760977199
0.626457487306082	0.242955603766128
0.715210129353267	0.213753707945872
0.764979411662202	0.216824168913724
0.827043655142664	0.219565485305983
0.917534173156026	0.192691425895945
0.947396552323456	0.202689865665787
0.045294330727843	0.287484107489578
0.099037762521542	0.258253295136558
0.149246840874373	0.311346471454912
0.205023729406536	0.291382902558866
0.252998019700287	0.280318234865046
0.330461071138960	0.263186842453593
0.435798175894492	0.256666193062944
0.437506631467842	0.293051771407610
0.560948789890611	0.306847378639352
0.610240540623837	0.275976944138756
0.651214104486563	0.276425099050143
0.693794099935632	0.276805592037692
0.805555621073129	0.267357550274431
0.823920975980331	0.252298358260840
0.917526070125756	0.286072967887989
0.966221876507327	0.277236730696106
0.039078096475354	0.355649178552127
0.085795919809210	0.328945325502182
0.152147323132294	0.372032533762868
0.211222224699734	0.322847668753319
0.251860929886312	0.317944090276245
0.351782591207717	0.338851519866463
0.387576217940677	0.315650024481153
0.451120961373351	0.366771222483197
0.542085439107517	0.371777775114583
0.577647375703125	0.331721470710291
0.670536212022541	0.336576806954475
0.738243695607698	0.346051116496336
0.763999798091012	0.353493880140827
0.823322058221284	0.369726293951908
0.879471509718446	0.324973278245300
0.991827710340574	0.359255609229849
0.038556347973891	0.435726106122771
0.121244252774921	0.418020531137711
0.169892706249350	0.405544275046686
0.238101836422133	0.386788534716305
0.274643249946447	0.436072760843340
0.361778212940967	0.405996703913784
0.385096603090082	0.382236424966188
0.486659939106707	0.386684279222201
0.560219011007044	0.398107804159659
0.577850313409662	0.428166226059703
0.659696540133957	0.401321063319063
0.747575986635074	0.418741437340211
0.810727123170678	0.406803495636397
0.845206481630496	0.405042443664289
0.882025768618222	0.376770746516243
0.952930501491164	0.394799898135778
0.042843209807841	0.483286138547302
0.084337968442551	0.437679442722625
0.180776078325179	0.463237740672947
0.228086286146563	0.447836307403710
0.273841632928546	0.453633679560999
0.333726907619561	0.456959822423397
0.406254005582015	0.459802047849470
0.466123577956139	0.491894015458388
0.551101179907238	0.492367108190634
0.595505594749238	0.458099964938150
0.643031451302355	0.447003241790692
0.739905628577086	0.450305686830032
0.767189854439858	0.455434536099884
0.816049941990885	0.469407133343491
0.936969327507417	0.443035473087927
0.991400867509400	0.475154275810964
0.044959470843887	0.508761431441820
0.076456446393034	0.510970877617009
0.173858036560439	0.506234805581331
0.229606621937618	0.552156345479809
0.261873278856946	0.519931281179290
0.313744095794681	0.504999600555748
0.429570875288819	0.500901860141522
0.463103210865078	0.529081901396644
0.528167713600133	0.500314062010221
0.612630630374800	0.537583216335062
0.651587399529314	0.514203234040575
0.688746194253616	0.546334660972081
0.763370989126472	0.526903003693303
0.832148541031556	0.522594665808159
0.916449634411593	0.516338710545990
0.961538657537088	0.518039425067962
0.027518864028975	0.615199697012477
0.082601614868641	0.593157519506211
0.134273617515986	0.592839978394993
0.215894613494374	0.582785555646472
0.254663928674921	0.624991119300828
0.327995174931827	0.601567558473108
0.406731975868864	0.620913278150468
0.469771372831257	0.607924082632625
0.545100576094724	0.617865610007515
0.585144715505337	0.570569290112022
0.638719355676141	0.601256289673912
0.693198332942719	0.563898145396122
0.791627551962535	0.583928646175523
0.827500146089587	0.617245590792677
0.909948610170383	0.577102192157088
0.955273150616040	0.607542596113063
0.006875648601417	0.634848581731168
0.091388918247863	0.636920157226133
0.164072544555895	0.643154096051737
0.228089471269769	0.638290226462598
0.298162885399806	0.675286260445203
0.362970948449329	0.631911174017450
0.389445293392508	0.648441915507648
0.449621986236801	0.667241591620781
0.537933905399505	0.674756206889231
0.590721158113615	0.674889464044801
0.635458356877896	0.636142597696428
0.695187696053807	0.679444576655385
0.770491553839061	0.654197378309140
0.821453393278982	0.663152396382217
0.915242231212962	0.651988281539988
0.965399806437874	0.635975392261398
0.054409650749157	0.742458766964837
0.076109032106146	0.731841373471390
0.173559854487786	0.723351532805444
0.192188333124432	0.739627056869126
0.280823031869559	0.740493623421177
0.348133549655469	0.743791631057694
0.380835019489945	0.699933612692969
0.463941052271156	0.695031687124290
0.527539637324526	0.701147678820684
0.593182774966276	0.725410764609210
0.649988643845424	0.708823707352584
0.697101221334795	0.720561585207600
0.799068476477770	0.744308444961046
0.860224232117814	0.730552999152698
0.926207391935449	0.745628936331633
0.949650461526390	0.702160424367096
0.000034243115814	0.778949021397612
0.071942804936423	0.768813287669051
0.152743026882583	0.797378168627009
0.212671113410073	0.805192312369517
0.274084398368510	0.777418111355491
0.348633040667892	0.761611725875785
0.382358143093264	0.781357983847581
0.465196939788339	0.790738418082064
0.522746391163149	0.765214453673157
0.583141059124759	0.752678824953078
0.683610156206673	0.756062035013703
0.693331320756891	0.808400036154990
0.806057495514643	0.765602566247248
0.837382128526196	0.786448981213954
0.900369220812076	0.773790673038175
0.999090740122271	0.768951416121901
0.016071939728240	0.825402145960928
0.088345291171769	0.846300325189671
0.147237153525287	0.841906906083321
0.217994537255260	0.826643133568378
0.252391639864629	0.858419524822016
0.327292434263460	0.840695151731068
0.436452798094007	0.865881397823310
0.468593859877692	0.828871744601375
0.523572669457312	0.820636728940447
0.567220520913187	0.814565257810071
0.627381704995614	0.844653519067134
0.716901470113523	0.823186584779920
0.809138469731933	0.846582685619728
0.831762871302027	0.871035026123523
0.897009578480387	0.863288948542506
0.980432159655712	0.869961913426514
0.033106673531143	0.935665748765614
0.124949868812098	0.910607704726422
0.164913802038625	0.928121573464158
0.193609137977150	0.897645943294080
0.262083846802028	0.898459366833782
0.338080263353321	0.899721530155447
0.404749677246960	0.912765308684964
0.456922340676985	0.898218373526055
0.521276012533641	0.919865537969131
0.603564114639551	0.927244931660766
0.635631887273777	0.892693944876127
0.731858392765713	0.890603391908366
0.786753300062090	0.913204149948597
0.850389055887444	0.882344307656131
0.888467025567886	0.890526266946813
0.986668717898817	0.924120917825871
0.025122524143109	0.998082697696654
0.122402773834742	0.965861750380337
0.185868898406245	0.994236981698600
0.227204032964586	0.975857959472541
0.296655856243837	0.976884794678047
0.364797548475861	0.939744323681748
0.386346317029988	0.977117317083086
0.456424776527315	0.960251440692286
0.506692563257923	0.987022900601621
0.565820694232434	0.984799161244253
0.657047305321798	0.969762537694132
0.688458479431797	0.955945897269632
0.776998930398724	0.973579733800977
0.817489964306585	0.977807007724840
0.915189398403789	0.964303710053047
0.997478594566341	0.961670435286749
#
0.016469887825421	0.004242571886685
0.089004812171684	0.045857458095033
0.126990610603124	0.032431278574497
0.244727296869905	0.059775242886919
0.299562824232169	0.013408289556021
0.338827780846932	0.009063824285768
0.424090355617015	0.039021629601838
0.495845926866365	0.042651370439597
0.533213157258163	0.061730974964851
0.577679541707663	0.015631421982108
0.686969627829844	0.022333715407256
0.726801220511389	0.042308933970008
0.776367012664878	0.042035320987235
0.843126575513307	0.035795082361040
0.891024446657050	0.043807411751199
0.999885957717170	0.056075635000848
0.053032503184637	0.114216765866549
0.085878527423106	0.089970775755348
0.161040038344460	0.077637158919856
0.204260611735927	0.106256328562451
0.292234033210490	0.070862101334697
0.365875970264519	0.086946269866765
0.432147961297805	0.068469308812863
0.456487201449691	0.088709536436645
0.533105429356942	0.124437890612040
0.610456387028786	0.094213137017613
0.646794645091704	0.115852721324389
0.689322153252275	0.098491725534781
0.809602367821988	0.074010550614682
0.844764487578013	0.086203495351645
0.921223262903216	0.122147674598882
0.945354582641822	0.089286507055347
0.015648314616561	0.168176316738985
0.105016885131485	0.145739396849703
0.130631235051116	0.129208967352567
0.228571525275142	0.147949424024660
0.275624575113907	0.166920447324384
0.327689898262077	0.130294326373910
0.411284186260026	0.132177902154433
0.475224446397676	0.159840205605105
0.506811210377913	0.180310705878728
0.577814113337736	0.126962906375868
0.683635141568639	0.169524961772730
0.730063545891331	0.178540171805895
0.811694997362605	0.167756609526755
0.823479728266476	0.129805818637788
0.915634666084227	0.177967406283242
0.987505377805793	0.175524913499370
0.042054817817885	0.212128517703882
0.066497241031378	0.243269459168257
0.163607659045632	0.224958484506341
0.193525530442951	0.196516390688256
0.284780584589411	0.228944777156912
0.352035819925842	0.241360025973143
0.399372141959465	0.233808950764665
0.439840635154359	0.202694724230141
0.524758727921233	0.229996587858185
0.577237548790229	0.226026706508367
0.633105028568093	0.242460338848168
0.722125440101867	0.227612876750089
0.763071492419246	0.219003094527638
0.865950354285527	0.214003100648174
0.921627640996973	0.198672828529070
0.973405434074440	0.229050799311733
0.059719141630274	0.260466040201827
0.062788712675750	0.278406470394904
0.152230886515982	0.276991858502615
0.188778456111620	0.250334689437373
0.252653716161766	0.294108844052327
0.365461223552809	0.297179800527445
0.391821163361152	0.310253854884127
0.454023989488842	0.251409644013948
0.544967224366257	0.294894397269211
0.610449855285219	0.258240700206543
0.632599222039012	0.292575770620624
0.713660041589444	0.266986577164379
0.772720652099285	0.269785774468860
0.823753390361963	0.300858253435781
0.905336440940815	0.311574463615910
0.942214150070146	0.289587589251946
0.055087696249850	0.344323689096333
0.095772599736408	0.338028782926390
0.157739567054142	0.341517221378516
0.230099207644258	0.343296763508883
0.261499950577621	0.357228500473366
0.358929619102024	0.352528028985259
0.401483323212942	0.369763777633725
0.445327194540372	0.335604817611888
0.554792591805405	0.332884972090340
0.601236940967207	0.365663139438411
0.642215638323621	0.362596503499685
0.717064464689946	0.357358446398833
0.760496377860079	0.323757328052017
0.866616150478743	0.322488587686673
0.893660420687208	0.358714490412086
0.939765228701235	0.356663055044288
0.061214239612737	0.407218101238184
0.093611408818073	0.390470779708231
0.180603913088121	0.396585109517697
0.221604680315732	0.408972568585065
0.272446911627182	0.390822139135753
0.326700848545111	0.425220599715300
0.397008963560106	0.381088947791394
0.452042061067662	0.395696280485298
0.526681076552295	0.427425132159825
0.601403212911427	0.415897229244792
0.641976588380518	0.428094284752289
0.691634525647768	0.425807171585808
0.802748673986119	0.394769808966031
0.818308510615213	0.400380671423134
0.929659823943432	0.377737323914244
0.954147562868695	0.400580203472190
0.046307535809187	0.439954934336700
0.076150404277991	0.483718930812604
0.165964290771159	0.440150195354980
0.207862427361045	0.456561951087569
0.255698386406456	0.497178133256309
0.369169062249518	0.481251871412679
0.413464771592632	0.460672652368823
0.448749983889575	0.478204982422922
0.553216700017968	0.461168098210746
0.613237794354963	0.498781644840790
0.679751751637029	0.477794522996478
0.696363217665084	0.491550876014878
0.780229501928023	0.452577954394528
0.835191648866211	0.494451459015708
0.923002152874950	0.493541789996331
0.995921311200578	0.445922207962354
0.049665623690739	0.529279543268327
0.084774868131446	0.537894533242889
0.173168499164905	0.550879889063276
0.226504169268069	0.504434886520481
0.255108021288204	0.560900064825174
0.346674967477837	0.550024653782026
0.431675312559045	0.549660892906753
0.486257215391090	0.560092736282408
0.535813743155057	0.511068246228054
0.593338338723601	0.560335377463567
0.641126262260630	0.529569221623724
0.740642672024118	0.514122064854396
0.791637814467921	0.552400419602613
0.868490078761473	0.525483354204447
0.901885578837103	0.519765066307682
0.980388115606710	0.548156803164900
0.016399877018738	0.599102799119801
0.110006841056167	0.596329606728123
0.145025957176701	0.581178040830111
0.206702357657301	0.623986124541025
0.294318721479927	0.616184389012909
0.339056120260282	0.619979536232417
0.398893819385300	0.615122422151645
0.499871459833200	0.572021769871242
0.528664351724127	0.612411365783171
0.606475827818265	0.577025179027004
0.633957816551895	0.590097450512135
0.728234439268297	0.616649568515515
0.795221839299826	0.591423715224123
0.854991426759514	0.576365897115056
0.877883624213371	0.613475652176066
0.959087499262320	0.601188312701110
0.026948390811320	0.664170165191561
0.118520234622648	0.672597574488632
0.185827989858419	0.670499690309633
0.190854404078763	0.653392320461779
0.277355653749512	0.659320468396605
0.324765102693291	0.663782606215981
0.418499610033119	0.658418348648916
0.446549065267679	0.682099891461455
0.555648266525392	0.637219143859627
0.567594529960210	0.636423280552594
0.678962913470800	0.671965544050202
0.701251439171320	0.670699160382082
0.795171681947580	0.666436162088401
0.863138578101792	0.661992162853012
0.919068316750128	0.638257105590486
0.997255228604715	0.669040577816554
0.055866179462375	0.731976723323338
0.115935208302907	0.718335586257939
0.151531362941380	0.743280139153539
0.242936262655523	0.737591033463853
0.253316367176784	0.709235212814350
0.368245291158265	0.713726876455179
0.375821739726426	0.719720382658350
0.479037187362913	0.746989477221386
0.528494896548450	0.714096930160675
0.586057217215085	0.698409477862508
0.678453596495896	0.701837247648355
0.719404657495186	0.743339692531931
0.797854769229389	0.728701300419332
0.819249186113418	0.705617360047325
0.896793088284156	0.742606320474904
0.938428967332800	0.731781631674799
0.037312851616254	0.797765356863445
0.073305582921208	0.792260802200707
0.169497810081695	0.751118835906060
0.227314380123237	0.755000924052438
0.288162857885045	0.806872031184466
0.322745773361587	0.806542006945597
0.416597746205888	0.756432051248018
0.499017504698485	0.752112403396078
0.533677633845056	0.784378455596016
0.586799039132730	0.782277827653400
0.642705150170998	0.770857544067748
0.687824423148489	0.783697587838675
0.802736188253676	0.801065643344439
0.827954581374758	0.783759905484333
0.933607265061258	0.782153132757440
0.974766126464183	0.783778046265659
0.053640220486824	0.815967081843053
0.090518253760067	0.851646977864240
0.147129998038204	0.829128509580420
0.212998821697081	0.844044652149092
0.291764079311808	0.868624572145898
0.334321753912797	0.813737684584627
0.395723751256178	0.853869338223913
0.441047508124855	0.873710662824733
0.505149743666442	0.839154001782684
0.581373332742106	0.874420413296185
0.653531989496791	0.825345668464514
0.706880846356363	0.863260558861834
0.750595005607604	0.828417094893734
0.855851333554799	0.837314922964972
0.905278172263708	0.861529183396261
0.965067740550746	0.847111920703228
0.053279989222246	0.893252698112222
0.095892663543553	0.903288212902445
0.161781662530681	0.884492303276084
0.197396109625091	0.911455984410470
0.293442737685037	0.877190738334831
0.357415155605393	0.894349642975570
0.411123856168386	0.923187247954353
0.462147580872906	0.875543190326552
0.548659511358398	0.929213604451323
0.567571224864240	0.892944102296127
0.668849354532745	0.906742520841477
0.731461054903097	0.904398153164517
0.794480711042877	0.913923392256005
0.837132720005962	0.889477057371283
0.900573406097962	0.935944005730200
0.983889718478054	0.885115489977206
0.016984140402517	0.946771483142923
0.082999320792849	0.968301416440122
0.177390110531098	0.961254453423027
0.206843000724759	0.993663306040960
0.301791575225487	0.959059842663482
0.364223422683827	0.945226700716356
0.436235417771674	0.980411127481589
0.439200369219575	0.966449412509438
0.513406335335669	0.997671031043323
0.616328684116325	0.963260725277537
0.664320782782003	0.971640287455320
0.718293961275670	0.982660003991951
0.754841709787106	0.941882322266903
0.835384906100315	0.992020502611883
0.896166289535739	0.983343271622048
0.999349337813176	0.984304401714309
#
0.050587103743010	0.052206168283524
0.105061631601435	0.061087665904450
0.183345711279741	0.045220473951828
0.209973176990164	0.051364172232888
0.274837247742069	0.039450934413343
0.366127415208874	0.006573621970968
0.384409120555946	0.054142772072610
0.475205484742812	0.006604286829034
0.560385722448208	0.010077023837384
0.589148316407611	0.009287518815088
0.670292343256365	0.002824992320460
0.726600586969662	0.058735904675847
0.760775305289606	0.030096490306919
0.846356817849180	0.017661008420438
0.884459365685345	0.025351687835146
0.963698408543411	0.047897097549377
0.026154337267777	0.089724275100679
0.062852331975673	0.104623635673109
0.187053139350506	0.085136529209008
0.193688671775439	0.089134783417484
0.306873678897827	0.091914310155999
0.362434463732628	0.102686240754599
0.420828347483377	0.074694784506502
0.484222578463196	0.065587256089921
0.537317008225321	0.079667260379569
0.616648587003385	0.076164917965342
0.631997226782725	0.103616252230973
0.691427628248680	0.105444663723569
0.760564865023029	0.063533373279156
0.845974092554179	0.081554953551748
0.932806587762387	0.115431723735629
0.959131498491422	0.086687445224190
0.049840494390773	0.136997919023153
0.123629410518014	0.159934652424402
0.130940019212649	0.125081494043135
0.239293210351442	0.126964690469779
0.298493548700584	0.170280906309556
0.322124205328204	0.157275149926374
0.402728486157774	0.172471172420185
0.450515857420516	0.168994234041077
0.543179018825916	0.135492297779534
0.584348293768556	0.162452493526496
0.685050240149733	0.132747694575285
0.734054874348583	0.157054625648203
0.762617030445863	0.186320478169089
0.859171520332846	0.176134904785695
0.919328928120511	0.142801229642425
0.978479588384735	0.185714780891015
0.014717602596436	0.214735330772757
0.077308405397881	0.234207228258999
0.141239487904529	0.193839765766482
0.224046186581614	0.191950762368960
0.290150951108698	0.243705064566155
0.342886403239189	0.235199265324091
0.432222371264878	0.193704025734031
0.471850827824522	0.195774050809740
0.510595120171922	0.244485856862037
0.569530678085175	0.245760894816080
0.648213448153858	0.209204156771699
0.722355739425369	0.246940158132217
0.774783151535616	0.247743442988778
0.871208758310813	0.212855407493854
0.911647039605106	0.249656281506679
0.996064337580713	0.210972701786895
0.003084683573242	0.268726531391434
0.069461649387251	0.260978912995425
0.138621881141705	0.284034769204220
0.205401742907800	0.260757120459633
0.305461532478328	0.271891377463912
0.355027651991702	0.257267962997376
0.409681075318875	0.275594691431754
0.484087647677303	0.297733130846809
0.557554127458146	0.253707089345834
0.575716483569871	0.296512863667801
0.679205682155841	0.261024281661614
0.743217022680495	0.306550142935955
0.796528403352487	0.261789557512218
0.844355947898434	0.306748895220633
0.919503262858955	0.291567444738249
0.997166461630763	0.277063478678363
0.057518659682250	0.368842445443464
0.102917797436336	0.332244835274700
0.133716028462214	0.344510350514788
0.197641274966914	0.337462514033532
0.311296977713657	0.349954925369810
0.366892174059034	0.331069089927727
0.429116170327555	0.335745884183735
0.475376154494094	0.321448902223247
0.529505722944626	0.354259438327690
0.570710936708658	0.358414293990567
0.625876082704257	0.342304781813828
0.704982889645613	0.353600720375218
0.758876773821860	0.350599917519279
0.813771901434234	0.321792206438093
0.922215787151879	0.346463172558919
0.982123093675385	0.337148221870220
0.052917283608210	0.378113252620821
0.112506437374397	0.387981076393156
0.154019087326950	0.408388322750895
0.218510729617209	0.435439553868011
0.297965388145057	0.396610010158413
0.320413537441733	0.393382251368808
0.436715663090398	0.430100787298312
0.493134624104862	0.429701468527131
0.521141041700877	0.397832794600477
0.577887223309462	0.416441468095044
0.625819808541755	0.398728949285282
0.748501416106243	0.378064654375325
0.756337051441389	0.417594271823786
0.861146124658674	0.418651877490606
0.937235147561234	0.401531172806055
0.950296263882843	0.393557209074743
0.058455334466057	0.462291337890153
0.112272010341932	0.467113774262162
0.151955226849987	0.438384334949866
0.218205621953403	0.486264848147115
0.286748769701633	0.494311937799051
0.345574976243795	0.476507715497051
0.398194722545611	0.471811316158695
0.446950133993977	0.489209178177805
0.537137985165379	0.465026608645573
0.608110448021467	0.475538153661307
0.645468861393274	0.460121088797488
0.715119313353235	0.466502858565422
0.791984852544145	0.469515873592351
0.828117883826051	0.469103013754730
0.905696797992149	0.488356577258873
0.984247800395649	0.445501925512916
0.026373917752382	0.506807077604883
0.066043913903656	0.524045397882360
0.126333465581721	0.510335969042577
0.196300319528976	0.531217793286479
0.284862613371774	0.554588148077505
0.320522438503807	0.520653556484183
0.403213649703705	0.538601937887399
0.454073680655932	0.553940269424683
0.534754028042605	0.509752132903028
0.602502245639917	0.505177423839382
0.682108302337492	0.510818950266884
0.695904747410306	0.545832722822282
0.802755268055539	0.520130204259798
0.818599184161541	0.509553568236193
0.904851193197503	0.556988227601859
0.973128561535414	0.531794155518709
0.007268104398336	0.604751033441804
0.099408386574804	0.595794263492756
0.130858859688942	0.586543508869140
0.222366400493161	0.577319074876681
0.286406856198773	0.574684468275445
0.373376448041731	0.572952060962667
0.393048348273278	0.600624335283792
0.481930903518673	0.607380205615745
0.522304261064810	0.575913936019273
0.573990277046452	0.617996607468928
0.668788766644147	0.595956345634990
0.693549311954074	0.587061177217299
0.751563289479600	0.567479589896970
0.840011244762575	0.576134759339302
0.906296008754008	0.608064380979762
0.961474588335602	0.603535249736983
0.023895930708129	0.634587647089988
0.095185910126354	0.672878919864394
0.149376133811748	0.631171486458315
0.193976881114993	0.685338181734047
0.273858242557351	0.657067788088361
0.371342325946047	0.660634520151800
0.425270744130893	0.636830422389747
0.469362611467802	0.657174308602622
0.542446284142776	0.644998012988362
0.590209815497559	0.660210243623636
0.672636619838336	0.683466427783940
0.738786749422733	0.681921779511478
0.765240182768959	0.666994607973493
0.845677653204342	0.667900288065523
0.915013401938489	0.678765107351650
0.950877835147753	0.633611092244068
0.022689309354799	0.698206393603633
0.099684546491989	0.728462781286440
0.170082745312849	0.708247405016037
0.228493664932552	0.693952878502070
0.264821041437057	0.744645626370247
0.371188764881503	0.715320118869497
0.412594980336166	0.712072436776262
0.451668672557960	0.691549673400947
0.524372070465906	0.724942958093002
0.611070886774936	0.747032245853225
0.632089133026798	0.705480392560824
0.723089701446143	0.698827295668616
0.781246316961187	0.749581430092706
0.837412909814136	0.688312696191322
0.916098014155542	0.699871580250298
0.961047815470036	0.706719722472299
0.005238216502531	0.767664785762938
0.095464230988399	0.799537916533774
0.158126894406887	0.791284951390998
0.200074424213398	0.811874200240563
0.308039776033964	0.810121783826063
0.372187458632907	0.770367583060956
0.435656402899920	0.781768291919555
0.486691424969279	0.786800660332502
0.551736305567142	0.762600277378829
0.603343351549898	0.755164674353475
0.644476801161532	0.794606699662308
0.693136613613608	0.764396817776001
0.799380312365103	0.752047834729205
0.837672908359713	0.805907380445489
0.922598113491572	0.782266598915394
0.996414360647652	0.806004069161952
0.032616896664285	0.847105734422129
0.110798430829495	0.812653236076621
0.173665571809086	0.842337427100245
0.230994338601826	0.856977887054551
0.310149917654961	0.841996849259477
0.370480401964272	0.836829656493345
0.377646201698260	0.869271304209663
0.499451336538059	0.859543822512972
0.557487969532955	0.852742537952783
0.588823036456905	0.821087914288181
0.682982281140397	0.835867394393046
0.747070026772462	0.862859701181962
0.790620734327967	0.820496457703527
0.859154296365835	0.866048847279406
0.918836732288784	0.845847381446708
0.951259598270119	0.854210478743587
0.015492621769196	0.904861744703926
0.109242750095260	0.907870079078216
0.162973736538080	0.930257286161710
0.238427199842624	0.925171066130900
0.301189035654810	0.881032206905315
0.313848978912888	0.900537432381077
0.392629617290834	0.883210053538370
0.456951059172733	0.915162570711147
0.536091359777164	0.933769856913427
0.624315289693027	0.933584577825057
0.661294235841789	0.899149321781972
0.694461823748299	0.910067593774308
0.763988298279929	0.897210997985609
0.839433324966098	0.885761895495993
0.930312759168519	0.916688246385704
0.939426873942005	0.925741060488681
0.004091554264094	0.941952994778276
0.116494594110757	0.988998539845110
0.176098614943004	0.976596153306681
0.196200956010423	0.986294546132277
0.254566275020960	0.963263949196149
0.338995878183398	0.951228504348832
0.433476801858860	0.994729530297855
0.486613965197260	0.984664305982800
0.501916465888362	0.955904818668124
0.613327646057780	0.989480554152858
0.636448303996923	0.979003743423732
0.708979614884355	0.990216613555727
0.780742103794064	0.989677774179070
0.833591799838723	0.962584229031947
0.910898209863435	0.946493354671750
0.975798003922868	0.981445171982386
#
0.062223430970270	0.021224724279303
0.119352879554348	0.043890576761656
0.141500187139376	0.057661888683252
0.227717174590267	0.060763044136870
0.271402158721211	0.056077406420041
0.338370874530140	0.025687943160461
0.421139633555696	0.054908015647067
0.446947194594412	0.032826114628191
0.530144796961137	0.028443591821344
0.584339916507443	0.029791736749418
0.682136903442940	0.035550429668638
0.694334419998767	0.052219311020388
0.767772872689011	0.003800488470891
0.848687116792702	0.034029817332986
0.896397254405636	0.044089181882816
0.942059541267706	0.047457573742712
0.034449568579311	0.113093487711878
0.099183289822932	0.063198414922389
0.153686580938796	0.105076057351561
0.239738873261898	0.114946450395497
0.262074808389199	0.098971502805704
0.353388652869824	0.109492284198523
0.409135401955372	0.072904218499992
0.469714805505871	0.124948053766263
0.535516854107384	0.106908743352841
0.612995428583351	0.080000269332668
0.634467695987427	0.099787115200839
0.741340884543918	0.083590042316609
0.799674616250483	0.094604299309339
0.852935213808770	0.112595864204945
0.897570007398624	0.107437827911330
0.950205255360972	0.113399560604221
0.046622560268529	0.147213045818432
0.085960384085416	0.149785736785220
0.150552093944990	0.135702521368093
0.245076581136109	0.187491559947373
0.274071938640338	0.178105699172734
0.373017452074685	0.133709693009432
0.419850290341384	0.125270611926743
0.464089223961134	0.137491830787620
0.516203512019409	0.152514051856127
0.601526194624958	0.135676919514238
0.661521549694361	0.140312208943142
0.715154523909477	0.149297524263802
0.780779307205994	0.154250527782540
0.871034759634299	0.140580829745876
0.935285005485123	0.138119989252444
0.963743558028653	0.180995552508043
0.015693435085284	0.235487063586592
0.082007038833575	0.244039760813825
0.137480570602925	0.218274437393009
0.200245248942577	0.201099876230257
0.272415213568582	0.205990558130664
0.354775845665083	0.203599684773618
0.396276666191122	0.224030694598106
0.454415023112533	0.235844068124039
0.530155002874126	0.197828451857862
0.602490869869360	0.210193059761704
0.656045679868792	0.215044954288761
0.728482472632542	0.241543692287301
0.811832947845532	0.235047341815673
0.825447814236499	0.229803029384884
0.877469866638996	0.218318045524838
0.976289253123405	0.249840806194660
0.017373580125830	0.272363502173653
0.119062188211028	0.273920565121556
0.132454611988495	0.265470591741142
0.211952708361659	0.297792233217692
0.298988771912756	0.295719779965752
0.327905455695094	0.259232152080916
0.426489973103509	0.256316919637918
0.453932395383351	0.256861321425964
0.516391620567625	0.309192873376699
0.578761959525003	0.254694649659725
0.668241028436632	0.252873373611451
0.703136346510294	0.260292661116759
0.765536649287221	0.301296314833173
0.835188731760180	0.264131567982638
0.920116831515361	0.288572220475430
0.947620264693424	0.260193604032438
0.021318494667373	0.317365861586264
0.103249972302758	0.363666810922131
0.168919566359585	0.329608469885334
0.200574652003840	0.330446607612061
0.311377570265643	0.330277055535181
0.329415033269770	0.316793612685705
0.381390585492805	0.353177264531417
0.489576578632597	0.329582101858589
0.538750028974318	0.346509817326211
0.591254652091594	0.371567252091264
0.654596074593043	0.329518473027162
0.736345803944009	0.342933447180068
0.803459820510112	0.364642992686048
0.848367537612996	0.315299459471786
0.936126528685826	0.359632750591178
0.970662476589941	0.346863720559483
0.012662607873828	0.412321529243449
0.072228711275321	0.413825160687283
0.164358804549989	0.394528329857166
0.195815167842855	0.406873836829763
0.254997242461540	0.396615624840282
0.359753440989240	0.390733451818985
0.427822343202499	0.383131358235989
0.487736588370226	0.434880943604484
0.514165832926325	0.399435726713141
0.591954440772988	0.379243140939330
0.666838153740819	0.401292240937192
0.741009643328378	0.393231028797042
0.762227072019532	0.420059907886330
0.853366223071554	0.426933276901122
0.885623035212775	0.382121412841864
0.992804860854592	0.383755330827845
0.049714181802053	0.468058303631390
0.102192249827714	0.486223065960506
0.176533506089247	0.478872700502135
0.201070960599713	0.450298936327523
0.270167085666947	0.481015523338228
0.370030768927543	0.456026915465139
0.413147565524710	0.478045799094961
0.473291553303318	0.463751077323396
0.544389167156045	0.478556486903936
0.599972363846603	0.497912365404287
0.681697322709183	0.491690209890178
0.697340573855871	0.437896734525658
0.773955055081508	0.446099467737623
0.813712867428249	0.439726290075278
0.897271321029349	0.460469397066736
0.968099600322451	0.476557414725902
0.030144651180050	0.532687896651958
0.096477275052801	0.504652348027949
0.164883322164506	0.547046315547090
0.245222086085757	0.543351414332481
0.299278566261469	0.501409948701949
0.325781123497472	0.519411134931005
0.388117008831030	0.528034669950263
0.471283195402656	0.557788279895971
0.539131418025152	0.514046504485665
0.600068938912607	0.523764427189311
0.660896530747040	0.518032081385733
0.732711613348851	0.518264537652318
0.760474331723054	0.513380825988339
0.855336821211464	0.561075597157137
0.898540879969029	0.554935832200557
0.994548630084505	0.526113518869065
0.039479978348124	0.597661289380086
0.102358970669415	0.584866962473576
0.159460757648796	0.615407754781285
0.237883380451329	0.596264835993355
0.255446719210699	0.570067740309184
0.355235895311980	0.620952315380204
0.382744486154463	0.608839867443624
0.449404174362869	0.585150365519256
0.546060752512668	0.604250331375341
0.604558383604642	0.613727600951383
0.645606007213496	0.621703577183467
0.710161221917407	0.563078277031444
0.766146630212582	0.572768397267854
0.842791183029253	0.564116513269631
0.887432292324941	0.586960653721928
0.998296476056170	0.583112320052602
0.038449921130307	0.674854653462501
0.084533273072921	0.675012322925616
0.145381647065021	0.625639005680717
0.188497674462501	0.667005655350980
0.300018853344959	0.661701500831801
0.342126084498508	0.647716840297849
0.395142505997825	0.675553208636249
0.443222672345169	0.664512550016402
0.529119866484920	0.681550314037374
0.603648621787701	0.657296315919910
0.641236595041989	0.663104854474800
0.734045237022579	0.685024903155287
0.783982488407400	0.626756387821342
0.814468914512421	0.637757154446504
0.917948620709462	0.657895587770710
0.992114417587783	0.666767531942871
0.061493537926929	0.695593914106277
0.096365538215350	0.745708601999378
0.139632929163550	0.729664312205199
0.219601992496080	0.688383128901684
0.256660341912452	0.739791109209715
0.372802306897427	0.694803221371212
0.436815432840217	0.740954809194304
0.468128991407722	0.714724772281415
0.513132954848845	0.737703337287578
0.570994064854107	0.740261010779711
0.669630090134365	0.710760188629096
0.743105950443564	0.692553810165276
0.809159797397247	0.724127609029326
0.863760316494447	0.707754880441994
0.892537172756865	0.713002385082772
0.948640340054091	0.716555839105639
0.012761431167079	0.810652638523176
0.073972931352671	0.762450790486753
0.167084609313655	0.778012081623429
0.196684384269566	0.811533159896273
0.295753181893554	0.789973083237995
0.321850539682049	0.757401977172681
0.427131923364273	0.801502839266672
0.445101247549197	0.751264700651813
0.540233243484454	0.802139256132566
0.611095594690087	0.801395201441808
0.645516886016824	0.773697796472394
0.736780189527613	0.772639072621856
0.811552434708353	0.797756250551379
0.842210315873313	0.794790319541304
0.934597251048451	0.810525489199330
0.979916611172356	0.758954964478373
0.029887931050008	0.815441552361111
0.077585653609150	0.872889515681399
0.144214806034978	0.815689616109754
0.205047855085006	0.826996490770135
0.288897364191105	0.866712009648725
0.347876634209621	0.819447314266452
0.436404424661050	0.868311838114358
0.493015950253004	0.834422191930218
0.528592351292281	0.848417409049211
0.563554657492450	0.868224239484576
0.632963741520178	0.857252839308291
0.734397946445830	0.865676797691425
0.811228784674017	0.829161905221795
0.858280838230457	0.854698292542528
0.926786335735649	0.843239301269813
0.938450600486470	0.846631770917827
0.030803048495623	0.908920799419033
0.102567052958200	0.875202289127675
0.175225462543365	0.917056280692820
0.209930235306949	0.897772708345501
0.306383268076783	0.919815122858811
0.323490339712238	0.904585246498367
0.375738268208978	0.908411393357304
0.452146251136355	0.889578992620711
0.503997911307145	0.906606196491422
0.576369079356983	0.906046589203423
0.632461934948797	0.933360263413251
0.701269536893528	0.879111087096182
0.780020167403277	0.917926939825510
0.817429734089512	0.919943376658471
0.915152414347430	0.932404949925236
0.975436080299652	0.937229450326350
0.005899845580198	0.975904062079127
0.104148007939022	0.942281884622593
0.163258088426841	0.991659171921005
0.242030827574090	0.963141800114103
0.292970303354196	0.977007966352279
0.345122962033521	0.959019051971617
0.380363641409870	0.997871858882222
0.494938993126838	0.964156606007986
0.529272049875993	0.965548134502733
0.574445763867569	0.997735323398429
0.660510228518515	0.953994695959612
0.726993380283703	0.941397102652443
0.811959979182449	0.947483827827960
0.836416387659594	0.999568020691995
0.924088585696669	0.973094904468883
0.959250514764397	0.949243581201705
#
0.036069898598029	0.000489821948691
0.092219350691819	0.044129271419749
0.185221951148757	0.036139963159487
0.235008692248959	0.003254745054467
0.252160975244399	0.041084510327453
0.370846206365001	0.054590360317866
0.393682049839101	0.024412672928747
0.448270006995478	0.055375969268586
0.556977317376173	0.059718933814373
0.613600090885558	0.039835581245095
0.657474182990257	0.029498816678417
0.723877007746808	0.045278095621680
0.769639522569403	0.060647394987905
0.860583455051082	0.031924776842218
0.878525345092296	0.036323327230365
0.994427713345952	0.036519009148241
0.037374688961398	0.062654842433439
0.064618290475248	0.065538082170658
0.134533265826067	0.094007679748816
0.221785220165454	0.072156486714877
0.267548984575562	0.077700269935932
0.335944576325348	0.067960867644977
0.392190367176591	0.073877315025050
0.473810909047912	0.075493085055610
0.501789688133120	0.104549174832541
0.584593670593364	0.097748794586572
0.650224848845444	0.121610781133434
0.714808618175985	0.098176397609798
0.772734997595599	0.067721966742590
0.824025761222356	0.063418552672588
0.927752826520650	0.096600064491876
0.971399198526959	0.082013514479509
0.005811411801449	0.166684575606879
0.087641287964685	0.170296681880787
0.184119145516101	0.183099569184263
0.238740393947517	0.168065965593109
0.294634686647829	0.173973365392646
0.372796294962823	0.127371265015069
0.378636559166744	0.177173856599763
0.482964718186521	0.169372662388341
0.537452962883970	0.172530641484780
0.578505584842876	0.148824140638771
0.668227080454986	0.138443749095533
0.747108693655955	0.150619717524531
0.791934997653457	0.174105936017960
0.858438153267125	0.141846319213357
0.908261578217675	0.175225187250233
0.974799287586892	0.141967586536651
0.042353784718982	0.221088451865033
0.084283394162027	0.205869773407087
0.162752125610190	0.191944346997059
0.225500688489527	0.227829124555068
0.311347605252836	0.225644255880766
0.328398643821920	0.245612811034222
0.383566805207186	0.236073971810069
0.491983823898361	0.187774901947769
0.515047976284998	0.209240709683914
0.579700741673517	0.233947767857799
0.685394864310602	0.196313595532280
0.707347740438382	0.238420698483456
0.802580669374457	0.240731410316246
0.818390837391697	0.205298384670238
0.882256912578539	0.241435312780420
0.997629521865195	0.199308736660008
0.042422538938681	0.277431578192611
0.118575516286324	0.274885381839677
0.167650860875182	0.268345593711907
0.195250062870386	0.306702156593488
0.268691296548045	0.271676192749100
0.320174741429550	0.268411972054958
0.424764722378986	0.306211915811573
0.465103179630265	0.294559898010818
0.534630137401896	0.264244208057468
0.615542008728497	0.277858482971289
0.638140467144116	0.296526837537304
0.702521591436239	0.287783503526655
0.762178412219435	0.303206423979301
0.819336852249535	0.311823729978484
0.882559951760354	0.294672400904743
0.996541199069829	0.255194460654211
0.007855930207380	0.331603082701704
0.071073836037790	0.349872046682837
0.179382492597071	0.357910353773718
0.229600257803011	0.335275848546945
0.250892660144226	0.332178424408119
0.314588632871650	0.354263641604749
0.397822022094117	0.323692342007112
0.489798794658226	0.352986187377941
0.547321422182098	0.315473867100774
0.608204389452749	0.331605872231095
0.656182960119607	0.333473096519237
0.695237701585921	0.318072989627969
0.779571960003132	0.353838157747835
0.874394657439411	0.362891551351732
0.933908874357331	0.325853332487366
0.969877267802338	0.318680802317960
0.002454347836309	0.429898675471171
0.097313736893659	0.411126168889721
0.184949173154880	0.435237051758505
0.230899111567042	0.429584882293033
0.283859157069553	0.429006567251986
0.346242220614511	0.429433411567456
0.402551839774836	0.391724452889577
0.494154671962409	0.407403149256693
0.551154587196921	0.436055349331246
0.598334280040193	0.417738129540286
0.645333917656176	0.392708244126455
0.706806531646128	0.418449587940925
0.763860893962872	0.408608056743654
0.860514080090335	0.426902486882033
0.905300380640035	0.408218665128974
0.985892374312596	0.422886564029121
0.039304921223504	0.485412748730838
0.080759612221913	0.444247260152886
0.154732495815198	0.473210567340304
0.244597872412321	0.449855690839434
0.300739470531871	0.494192596654569
0.364299531019479	0.465072001526149
0.414774757368088	0.465356148814982
0.472767805878019	0.450858967410950
0.508428151401092	0.476960765250717
0.580365381687965	0.462082760676179
0.660240376434578	0.486030409720501
0.714534912293785	0.445499445691937
0.807989341322214	0.481617645894670
0.815801150195371	0.471246684923825
0.882666407183899	0.446835483353780
0.988611141624537	0.446634539143214
0.037084336692254	0.541045302127266
0.108465523280545	0.553258391531594
0.185799073616694	0.529226724705479
0.212034758768169	0.522165308813487
0.296937447590622	0.530793464589700
0.335407083670238	0.500802836512053
0.385921953932480	0.516226680312824
0.445042934124950	0.515139086495652
0.540136808873535	0.538506524675411
0.580311930436946	0.545749527660257
0.657923793020408	0.546832354837524
0.696188581600131	0.537869185989343
0.766373878872575	0.536351022857440
0.853112290899295	0.529065711168588
0.888022718459373	0.553422141614352
0.984059181511765	0.559516656109951
0.002230062135432	0.582677093877615
0.122160939120725	0.613366214963227
0.147293981315404	0.578535335433212
0.202975811323960	0.621671659594675
0.264526685557684	0.618517202731110
0.335134248603749	0.615626975586202
0.396429178993900	0.569427347714530
0.497441711616689	0.565464902044149
0.520437107222489	0.590509032924429
0.581307703109646	0.567475382661790
0.676044933189648	0.595115831434986
0.714993288310360	0.590769921275966
0.770066280795742	0.600817031788946
0.866435828369329	0.572881193019073
0.878216233396255	0.594184872192374
0.956755670912507	0.617517332937572
0.048228682801297	0.667870255546381
0.121039560689484	0.632096531831682
0.169093221654555	0.653147137381171
0.208462265892528	0.648306675726386
0.285451189492119	0.632245162823760
0.321271537790604	0.679000267524156
0.383264815305771	0.684580623840932
0.462445619652850	0.658983950278252
0.507288558381211	0.648321049220586
0.581040264548161	0.651521039448916
0.652853587255895	0.653193535769985
0.698193506311088	0.681415563869852
0.757668011794488	0.629692676361811
0.844466364149578	0.686735618961215
0.884206706703805	0.625351399736328
0.989667416897059	0.649681779910969
0.060212912008332	0.690398623658204
0.120632443808865	0.716847154216805
0.180644532445735	0.701178627499304
0.240504519400537	0.748452394574637
0.293225140102609	0.692765102635665
0.351699028216931	0.690348129865678
0.383082582049673	0.744670522776356
0.496392689673554	0.688839010472605
0.526582894765675	0.727446065206301
0.613696191282639	0.713402171625267
0.655495389648246	0.702349440474610
0.744866478386653	0.710261140838908
0.804807925827873	0.743051504743763
0.834920454411749	0.700492189137845
0.880525170171872	0.706012972722182
0.943268107077053	0.719426371528401
0.049607712408669	0.786442419377026
0.107281370651857	0.782226423449401
0.143220308546610	0.786541247094060
0.249628165067320	0.779505167628989
0.255791859266067	0.790953337835603
0.349758481033439	0.757175299224252
0.412431921163791	0.768791720115415
0.458679618013250	0.758703293615534
0.509938835779889	0.769843856881453
0.575502414710471	0.809202742150915
0.667862936107643	0.792089469085818
0.704527979415033	0.777228014870134
0.792851087137906	0.803854401599698
0.856149036898545	0.761483872122826
0.905789727963458	0.757908309040453
0.999019778216961	0.754896642815996
0.059837717460431	0.836242048948478
0.088123372223490	0.863951378091926
0.136002252244740	0.860571882262144
0.249976924111246	0.822229232583132
0.296791210010250	0.850343750740365
0.358378621702054	0.820664557164573
0.403745707858760	0.842087757460444
0.440201480378793	0.826783430096527
0.501689607947294	0.868392086921002
0.610748050469148	0.838084933586788
0.645143012913792	0.866456002577081
0.716190386424700	0.858429804120313
0.798597323632240	0.854568791862011
0.824434092911411	0.813162173319297
0.904072614538966	0.823750825339521
0.960287932428249	0.821633540474375
0.028562320868616	0.882989804786162
0.095119119338370	0.936024614682194
0.169763701017891	0.928469234231387
0.227526546028682	0.921449976809428
0.311269517143669	0.898591212177088
0.350337750636469	0.878507419315518
0.394635973561005	0.913845434939453
0.444243991850932	0.932424313751381
0.525388975007899	0.896283279585485
0.566167180965694	0.882787838783764
0.627120740610319	0.908595612687896
0.725490109610951	0.920423135346599
0.755083669894976	0.897548548809730
0.826949965590483	0.936631007687336
0.888657352541028	0.878614509770091
0.940506063387847	0.935388388708324
0.041701486867783	0.986787421552997
0.118562591755428	0.950274398262327
0.173413418986814	0.962316615250850
0.194483584944271	0.948297458033962
0.262393669446440	0.969545018604734
0.349767328292310	0.974092130732395
0.414274270218861	0.955288720030288
0.439122823736775	0.938885306692423
0.551774357908702	0.948861691113878
0.573801191016985	0.954763318459681
0.662322277197340	0.953680963448407
0.742696802814071	0.990154130556657
0.762360790805509	0.972326936804998
0.822984362983956	0.955553058102506
0.906995132019975	0.984411545181510
0.944854608505814	0.998672053086611
#
0.057401978496905	0.028844471387296
0.084987116822737	0.012977297129803
0.176911084590110	0.031843379147314
0.199653122795199	0.052058385377065
0.259821300164289	0.028575474475761
0.362045470811321	0.027344356253707
0.385505046101288	0.054604243718112
0.455447454082418	0.003153847807705
0.548319337464245	0.032218090062313
0.614939162898212	0.005461704147272
0.649113055164137	0.024924251533212
0.690857377238771	0.007350978821598
0.782251681179565	0.014917801719838
0.826120637462270	0.008101135814353
0.884176762747619	0.044822899198584
0.964562958767536	0.005010346650381
0.011575905914436	0.081687693226661
0.097640366781885	0.078084799275520
0.131482732905769	0.081656955609018
0.217023872689932	0.082129100167572
0.271731809310553	0.114087909995948
0.362097592512052	0.085321372220135
0.435026695310959	0.086963448737390
0.478157925443528	0.107277621307242
0.526300509335427	0.063931691213262
0.566830000040780	0.121319361816002
0.677923096749099	0.080150575293845
0.713310646175712	0.066663882099479
0.774106982548048	0.092460088962680
0.869141838250016	0.069032549204778
0.923520673252298	0.123316480879629
0.990244895348499	0.086194318637414
0.044178719802685	0.164673024302971
0.095301571411617	0.129515876601687
0.172200362703810	0.141320265935226
0.219116858374122	0.151964092182336
0.269943694093950	0.151799316873494
0.347994028642539	0.139148413483437
0.400762538984595	0.178199881569180
0.495871508027397	0.186621340297074
0.551298789706500	0.155719534166441
0.575207201723290	0.149308620084615
0.639320600955822	0.179290890429819
0.704422899831418	0.125596683472534
0.805369653111643	0.153804710650887
0.871166134776121	0.182781504582446
0.918589661286350	0.144920293028099
0.941394193826452	0.150049127396790
0.060027747225256	0.247528712177307
0.109219667061516	0.240066507465105
0.151024621509953	0.214056876377798
0.242640179012702	0.211534048334354
0.276361875853353	0.224135500445644
0.364600902420841	0.212954123728665
0.385924581077049	0.193011031792967
0.496524468456401	0.231267442805988
0.520088980357416	0.239228625531944
0.577145079459796	0.228378622729419
0.687084691380636	0.188399960359884
0.749817139556356	0.239043399892758
0.782804935086822	0.223339391545937
0.871798289444251	0.202110386718905
0.876486557317895	0.204143528626683
0.983655060404831	0.225816495376247
0.044930897066936	0.255572417926875
0.083009711922614	0.256954940241285
0.130776143226720	0.307321272469084
0.197000185233657	0.255191307894464
0.288213683868692	0.259842099507768
0.323111591106423	0.254012673890454
0.412447441392566	0.288842872681875
0.496926118429849	0.266019167586001
0.502355893172174	0.283461649648021
0.600512414888482	0.276730347154483
0.634674223433173	0.256084863781832
0.698491503123308	0.278195350641197
0.780549459573941	0.270919831329007
0.833923052914073	0.288885189738680
0.920577166277933	0.309401037738286
0.973512423058509	0.272001671770006
0.011142331891144	0.358341712136949
0.111478235540324	0.334656675860671
0.163771867950277	0.313302776849201
0.238037631669556	0.363115978060666
0.311715682298927	0.366301797619393
0.326486571738843	0.347824599980452
0.389215852850283	0.339219870983325
0.484444155616091	0.352465911646715
0.518647031935665	0.363453099850671
0.585977455097245	0.328081955074585
0.674967498268226	0.328153760510765
0.734230124024146	0.337164711009167
0.811396814591460	0.339076090100938
0.822185677798625	0.318073460236907
0.929624093854712	0.345592023113997
0.980379033901933	0.319649234386661
0.047168685294378	0.386004066635739
0.103825154069072	0.435345503311918
0.163962669577790	0.428061773983776
0.206137473524697	0.411832880062711
0.256341571746474	0.389952469227708
0.341825747898390	0.393663240950243
0.375046851244417	0.412068044484376
0.492801971979277	0.391931022113872
0.524426150490629	0.418886022492402
0.620087232847020	0.407910578702672
0.674838529693042	0.378545496628165
0.696306782602055	0.412404092343036
0.811337571721835	0.396683522257764
0.856831118402032	0.416474582971766
0.893493790358420	0.417606229743712
0.999804751045258	0.396958882576311
0.039125160730706	0.473498876476893
0.092747406037000	0.442651417471387
0.185890572159758	0.464789548924260
0.235746046146552	0.486427419873985
0.265379052132573	0.463408957168788
0.362735947736710	0.451731042052091
0.390368795098706	0.469936161440549
0.478096162487775	0.463468472290195
0.501976343687153	0.446587947941522
0.568296752202044	0.440477446275292
0.675135839116442	0.442127295625309
0.740014286534864	0.454760853830902
0.795837901092213	0.498989903004023
0.867273350841080	0.446022010555845
0.936372401556320	0.469313104789893
0.956831893931802	0.478664473902007
0.019617040384239	0.557103662473872
0.087253996191373	0.512073846725881
0.129619715838255	0.553417074608364
0.213562093099128	0.549254353940895
0.311057896120138	0.562003491373501
0.339868328045674	0.524013589723970
0.387356514696115	0.559161051801443
0.494296325718587	0.509679277691683
0.537168394113464	0.549203574334202
0.598362732847073	0.513977025144030
0.676118434578790	0.558469051697983
0.748369515407451	0.543473882756306
0.801877101997234	0.513669764931819
0.844175463767996	0.543284925482186
0.920003285874846	0.518139310476403
0.943055289638707	0.501755614998228
0.055809533411127	0.607765695789192
0.091506410513308	0.577200133400550
0.140919122310220	0.570810213075790
0.205395147135806	0.609722962744935
0.300900034865690	0.616490813348557
0.363518237250046	0.574936384818269
0.413858638357804	0.582590792347349
0.459433364788870	0.593909580529763
0.543372742870909	0.589192001955628
0.602684202074931	0.589044624145386
0.670028743053560	0.616932875780489
0.712841728853607	0.575964711027561
0.765123320499580	0.608870226973405
0.847160854006573	0.588080935462630
0.931360062836055	0.604811940162865
0.970865908130274	0.586518592686979
0.011379626422161	0.669942269883454
0.118101878599404	0.630668910570831
0.180929569875223	0.625698261705273
0.230362578639845	0.655513227444145
0.277199280018033	0.646493543002637
0.336044988585879	0.666246462913986
0.376383417810170	0.681847904327290
0.490259117662851	0.648753463237955
0.536275704778097	0.626694052189517
0.601775417128060	0.646975960369333
0.651217632831241	0.628909498177564
0.736296477782609	0.667903858290614
0.780435696469605	0.650096708899969
0.830833702323338	0.646095916575542
0.927114596777157	0.684640040489528
0.976418188447463	0.683040413407851
0.032650902452914	0.741077546697594
0.109595081576168	0.747643752183100
0.164454786509032	0.718130974397210
0.220570512021792	0.711580922672660
0.304605023322419	0.701030163083000
0.341714311601644	0.695876455649472
0.404761090037590	0.710877345050889
0.463201466982882	0.694637468217322
0.527917835242212	0.718265802388374
0.563483441874497	0.747542173586563
0.658433818149714	0.701279318996537
0.693486120218524	0.694351419502485
0.752538824832891	0.719495312871178
0.833424032452382	0.694519733735248
0.899194158502900	0.716434850640696
0.974756411736541	0.693967331580694
0.059132327441273	0.804950664094638
0.064125136167073	0.787032871777665
0.187109649166723	0.790230051449088
0.190208982385860	0.751800145386788
0.284679914745428	0.755775942264771
0.320515881541771	0.759431965855051
0.395678568679881	0.770220059746113
0.481914036568351	0.757413874658503
0.533826695995831	0.776032599888517
0.601105932562753	0.792740048836041
0.654447731132258	0.757955103808887
0.719291300432941	0.792982039226448
0.763776952520427	0.773348275213700
0.858719151958059	0.807114395544542
0.887068735962284	0.768019762578309
0.966736946203568	0.767501359460294
0.038077406055661	0.829564965610524
0.062836824770862	0.856526697239379
0.127478955663386	0.863941441360265
0.192565911392464	0.857944879749661
0.282900174941844	0.865889064048740
0.313397014921274	0.871999258203897
0.425886396432385	0.821959972718488
0.494098816880514	0.870275540960202
0.556996952682849	0.814876404387731
0.597945528855302	0.869940432136632
0.661414558891304	0.823422664968162
0.714718754060385	0.863500446049380
0.797824430043186	0.841395198563439
0.829158649841943	0.815758132623918
0.899670354780315	0.846748102100507
0.982271784926944	0.816779604546442
0.036028481868219	0.875621002138504
0.076094676787289	0.920964350527144
0.127577566003911	0.936296441140887
0.243047426729591	0.890473148687271
0.304739262062879	0.919468349118128
0.324587991012863	0.933824980208609
0.400621066763560	0.925590167459587
0.456799183336389	0.881869464444897
0.548402657554462	0.931634862018198
0.606885396943983	0.886627414644842
0.661630716066954	0.881683462839383
0.719385023512734	0.890778992590676
0.773159911308475	0.884482192110615
0.820499465889996	0.883603806493013
0.877831128761249	0.891240809931476
0.976060063005090	0.884101185847912
0.054012647726110	0.954963390472104
0.092029028258875	0.942797165961889
0.133530126231730	0.952341317551872
0.217904970056937	0.985079666683469
0.291496802873210	0.990063619608424
0.339829666007969	0.965142321677446
0.419424759845581	0.944800016224571
0.460101534705051	0.938564391996144
0.526254252755026	0.947547963051486
0.601115493360235	0.958243850026802
0.671207246483235	0.949378445587209
0.691673607872025	0.944598733798391
0.765995629950425	0.968829200144701
0.842710358446979	0.946444472212797
0.881290073493447	0.962697667206567
0.989685376667112	0.973456190776419
#
0.017814091309047	0.041539114473047
0.073061035017148	0.030357568182600
0.160208222624545	0.021867751570970
0.198495936451595	0.014271513504039
0.274388918003973	0.026874153793760
0.316766434772119	0.024876355781424
0.417944590236397	0.026262163889190
0.487852344606736	0.001412733123617
0.544613533838329	0.017789523441528
0.576274005335587	0.057059604236754
0.686848612327443	0.006541131022163
0.694134461360316	0.056333746061156
0.768496620574965	0.037208357980058
0.868815767664652	0.044712278958692
0.880533805787688	0.000903440872418
0.942605358564203	0.052745171194604
0.009039128637882	0.067162055101283
0.099719226790992	0.082903815598205
0.166494819316197	0.087915078742759
0.217931721453888	0.123465516662334
0.261017789688431	0.079564170915881
0.319999391986057	0.066913941221292
0.414904903382390	0.112906278355607
0.456852895576007	0.073367590567415
0.500322788255364	0.074512823021974
0.571778064523073	0.082295766672421
0.627538549743485	0.114615303665543
0.744317229108260	0.090982559114574
0.791745662364235	0.083196206008595
0.863861986171422	0.119090716716971
0.876827861008194	0.065795444287545
0.959927739042306	0.110340936353393
0.049336649066963	0.133633463630949
0.107713954621044	0.160813055940860
0.181983496366763	0.177706785308595
0.247831893574989	0.172759974706629
0.268493734522721	0.156466036998659
0.344687238183033	0.159041286657807
0.376919776216247	0.126585690406870
0.483296234054909	0.131191483278221
0.516199585519778	0.143981179110469
0.591848901450715	0.153884030885269
0.685449242082063	0.126428864547384
0.722157765042423	0.130705835007994
0.755009764879362	0.162771336044597
0.873132797583386	0.151660904469122
0.907966141261967	0.157142188727656
0.946451363097632	0.162933189488932
0.001630737766770	0.223329283872929
0.097014408173741	0.212853446957970
0.181915658437511	0.236790490406400
0.197708276059178	0.213439080841127
0.296931581699041	0.222175091804162
0.320880604284089	0.221452293809027
0.386507740567091	0.248838145067296
0.470412674222121	0.246061522891061
0.546236152742346	0.216725427882449
0.591625750610052	0.247273929518362
0.630834505996512	0.226204347805750
0.693497707195579	0.245311406934706
0.758500215963228	0.204944389687140
0.838033073544044	0.219647879632457
0.931761764497906	0.241095860253809
0.987097799527598	0.208745741086604
0.047226008708176	0.267490007816812
0.080136436070929	0.303974133128411
0.173114704983452	0.250923324129177
0.209201491530217	0.287858937875801
0.258501207603491	0.309789413833010
0.332170380487729	0.284273769161495
0.425858807718232	0.256379740241421
0.499860955271255	0.261138457181779
0.500767115329105	0.259119114142172
0.602205720812130	0.307855463338284
0.675064373190995	0.298665732680509
0.742753036056588	0.292785436099578
0.786938651618999	0.264388436673183
0.840623039249476	0.272516425733342
0.912097095098485	0.285522602768737
0.946094424334842	0.254615928789628
0.052498420960037	0.370676088858902
0.075822960050037	0.316337811441356
0.183133053825151	0.329664435314402
0.202126071500738	0.371901307516243
0.284410833796582	0.329385491644937
0.321774967569922	0.321713911357036
0.421191534372906	0.371051133522077
0.454818112081224	0.351042432908677
0.561909935291486	0.320935899801188
0.597279751492264	0.321415325061282
0.642512664348472	0.374474283744226
0.745734846887815	0.327083790387163
0.762990035774533	0.322462757280437
0.862554632677360	0.353346954065689
0.886396581324259	0.372201186036622
0.938736353011624	0.356022737508412
0.058186410634240	0.416068854271101
0.087066394268085	0.391737814268968
0.157042966027987	0.402942170541022
0.219736318111475	0.409542826521686
0.308400345048495	0.410455906597305
0.320314744983989	0.423504653208890
0.424467050554689	0.414760312860543
0.463319808861897	0.407122064636699
0.529183668513243	0.391182717099712
0.584332128453379	0.375017477679652
0.683226314663358	0.386643106251523
0.691020628132629	0.428241588085830
0.802211825762575	0.392766389883535
0.823564905413907	0.436639162304145
0.875492070874430	0.428640514377304
0.955170806865248	0.424141037522149
0.027992677954140	0.450433354172956
0.109170991327071	0.488673503799055
0.177284521848728	0.461787049853426
0.190465537162490	0.495688043708375
0.259418187432321	0.445770467618893
0.338629036143801	0.441730087216531
0.419561686150162	0.498234218990136
0.451554710499839	0.478090782237260
0.535757191793122	0.475828538701364
0.609353388335871	0.470607969597473
0.687332991772525	0.495030799064560
0.743596048456639	0.455757897788020
0.804414668147665	0.443279908156437
0.859037772675869	0.458354561710929
0.901046168137935	0.462913034926265
0.991175278888241	0.491247389725467
0.022264905497377	0.511116465920027
0.070306199386322	0.504847968333016
0.174533938520363	0.553139250155804
0.202290701843400	0.524280219184416
0.272476397547283	0.531326911303058
0.367017865382838	0.562279659337895
0.426363495452414	0.503881429352071
0.441428794468271	0.531184416620802
0.513546271485637	0.523431497893397
0.580353348185391	0.511925361776823
0.660390811442139	0.533288227823979
0.701759560051551	0.554669205461319
0.759856972089004	0.558737050857450
0.864401894313493	0.524695656733749
0.902082266088594	0.510890074004044
0.968568432588612	0.541204924195471
0.019476339880372	0.568518325425922
0.077226909128303	0.591183453601246
0.155092346852783	0.577193086824774
0.233019114948232	0.618720456126896
0.278550383787032	0.608129129697482
0.354871326645341	0.568779187889602
0.375836186314895	0.601952330582298
0.485553357630398	0.581929840850511
0.533324976328487	0.567378305991268
0.605096622831211	0.567639190632067
0.653870804634963	0.572890995072758
0.721916496005006	0.564857996942559
0.766871011878101	0.565390189018890
0.867529856519548	0.612477040090011
0.910730711760286	0.608323946620413
0.983881977499435	0.578923933502851
0.047207276027698	0.638198992749839
0.063130177543063	0.630907235857660
0.142968630902578	0.667184652188370
0.249135500285573	0.634727076265781
0.275124305079254	0.677689296132929
0.354671977135509	0.625707636602038
0.397327452131973	0.627417148891817
0.473725931829243	0.634065032705913
0.526953954736109	0.673325362873922
0.615898169211205	0.648727316545841
0.654185240993203	0.676973768740304
0.749611346240181	0.627332136559377
0.800956206757332	0.684149773994379
0.855057295174351	0.687046703780546
0.885823151273845	0.643313049008328
0.953893105546919	0.650409843414768
0.036885128670695	0.730196738741989
0.074421513173594	0.718803258590937
0.184126293620590	0.698739184476724
0.201831234185801	0.741540962231588
0.307175124906859	0.740243713427392
0.353887981220937	0.704163488208238
0.418427483014163	0.744559045006651
0.491260113963801	0.697713868825863
0.502643748827428	0.743837612010268
0.603524907850899	0.717618221249459
0.637953805594694	0.744568087770503
0.721649686420953	0.719799340055277
0.794051368396392	0.748134194465385
0.827111246111363	0.717022350705118
0.927898993393266	0.739998018454061
0.999513031347192	0.740220042147026
0.061417966542397	0.759910731767865
0.111149107015494	0.758251543755352
0.132361604062575	0.793074435680889
0.248002531821374	0.784208536199692
0.308432768098063	0.780296506032533
0.348073778056557	0.801145931543118
0.406716754143526	0.754528515856836
0.457946672923967	0.776055119603070
0.525797402885113	0.788065961643720
0.590470647678704	0.754249957405671
0.669961921269997	0.760603542092862
0.691135141533714	0.809301547166962
0.780613231858149	0.810743173642141
0.823189907695211	0.784938128265771
0.931676475227968	0.799252046676528
0.962714261075648	0.768571863217180
0.059301917382237	0.818821888738620
0.114348748230689	0.825438860108363
0.160970200603704	0.852857257117950
0.206477749325912	0.854063488348984
0.278666660938451	0.872757102755191
0.316994635360198	0.814289894275551
0.405820684121763	0.873984565550691
0.477796338246040	0.848073908223439
0.530020750673143	0.816936297328662
0.596625124665239	0.831516616734796
0.638559525602860	0.825263051333666
0.728876543735707	0.869944643868353
0.773011102331921	0.864518693252937
0.815305126817037	0.862661168529340
0.932417321483353	0.833199725098256
0.965634975661671	0.836109106885528
0.024976681225229	0.920034760823481
0.065027673336451	0.904585029427448
0.132638426630324	0.925277593382699
0.230687917598567	0.922834615539837
0.285905371312030	0.879079724808475
0.317872936562140	0.908827321131557
0.402674194111646	0.891925694861432
0.465963156900476	0.909857524872608
0.562074689631018	0.912511504700526
0.603733948630685	0.912249652139086
0.637175700382720	0.891599528364395
0.735176229642279	0.916444184879410
0.776775329700153	0.884443866920644
0.845368196671565	0.894971767750679
0.892352612634970	0.896184005022790
0.971083179386003	0.895000156791066
0.050452011227131	0.944265894375105
0.063339252578057	0.993626042995282
0.135844854713265	0.978802547465033
0.246863947583913	0.942885505560642
0.265914410050822	0.946367551865724
0.344660880517252	0.942575280308392
0.379847972334793	0.989062010890120
0.486844081486772	0.995543887983203
0.511874342223600	0.946140191999995
0.613371942029538	0.989683161778302
0.633498059995123	0.988224947909644
0.749269283696606	0.939293127114487
0.800446965030382	0.941099642063747
0.825018489285144	0.939168359051498
0.911010040400668	0.975129304098694
0.994894864152860	0.950146752921899
#
0.037734723702361	0.016826455354301
0.122001633367502	0.054824752571253
0.153739000866478	0.021752674385033
0.213268778758535	0.004889275064899
0.285317887924104	0.040252002678521
0.340443544474650	0.048351895119029
0.428734330065487	0.037105136341323
0.448165836484559	0.044025658916572
0.507987877559612	0.022597811626642
0.572396555845020	0.014131678620850
0.675840975830411	0.022156177908684
0.744185958842092	0.009713307403660
0.779810871237379	0.046582106322535
0.823825091941125	0.029578373017623
0.885520181984878	0.021969714774627
0.993414559938459	0.052776813053707
0.016808884062178	0.097495417482568
0.068260337358401	0.100080789875956
0.148835269143184	0.114334088558525
0.234689329543544	0.110115429965108
0.302742542784019	0.084485811841322
0.315233991904006	0.107147352183738
0.423274847035244	0.077208016711452
0.494510624163554	0.108157176971589
0.528003557664459	0.070703465085990
0.603537466488438	0.068172217857366
0.659399795106589	0.073986877951884
0.691202605857095	0.078174546175444
0.788748182700073	0.105627304738883
0.843547110016469	0.104444229141098
0.904355746235083	0.071546740279078
0.974936273889019	0.084028326489271
0.021589835252168	0.142360206202688
0.093551167192299	0.186002265123185
0.180051641333278	0.180838986094654
0.196936475318958	0.159747193560993
0.256533762383399	0.137585039573625
0.356237554860124	0.177238851142986
0.421099268609215	0.162229192684691
0.492251451518329	0.164947499894176
0.555720839866139	0.145027980096645
0.622204056911218	0.153391609746239
0.640471763956121	0.167050405473460
0.717164252382276	0.146181310109953
0.759256032676030	0.143774955508712
0.849502260223264	0.154730611036585
0.932197401531669	0.155972842978307
0.992961847600053	0.173824794165284
0.029720610130979	0.207587282367187
0.114581384941023	0.229451797912352
0.161480674033864	0.209112539892460
0.201624608165381	0.234450087718887
0.276802531377017	0.197588056502884
0.324499907629681	0.245481429897012
0.432140562332850	0.230798554238467
0.482545821254036	0.226972992628457
0.540472492570517	0.219889586638866
0.587032477580833	0.242672931008314
0.634195623921509	0.214244303008715
0.740783902290460	0.248556903650415
0.806174945564981	0.243090284011697
0.871467289572225	0.229412766314208
0.906051948528283	0.215334192856176
0.989137556168516	0.189990724612142
0.042923324518586	0.295274744068220
0.122416237528649	0.255289404450517
0.167071265585737	0.289357036317665
0.207456542081772	0.272937957333736
0.293854063459754	0.293389074354407
0.317048133570246	0.266848297357058
0.378071714033273	0.277043994071322
0.496960035233516	0.258734093937379
0.502195111272669	0.311436150295529
0.590089877448066	0.252788519167292
0.663532210217331	0.270853941610165
0.727483802251514	0.263774157024751
0.765638416258301	0.262474120582914
0.838415300872506	0.311195902846217
0.935589265150621	0.269358588372557
0.997440548991421	0.269819351339787
0.024515400573615	0.333728840623221
0.071864353786075	0.364394011977570
0.162219187355302	0.367285598475087
0.248234262427602	0.319333388559016
0.311750599474006	0.356284543489172
0.326534569921562	0.367400844565104
0.411672117298975	0.356413355282022
0.465523138430557	0.360477786158556
0.530227514180059	0.369360843584724
0.587906179009682	0.328486410278940
0.676029191291549	0.372118459038813
0.725684271537625	0.321233674405663
0.757219424574803	0.317761387808193
0.861202993528848	0.359044965934950
0.876375311040058	0.344304636753934
0.938418670164752	0.368963418468824
0.001785747401716	0.392175387566019
0.090263088734998	0.405775267929019
0.159353911855573	0.420159208613369
0.246628244654073	0.410669732075923
0.267548111795343	0.390800054829055
0.332075769260893	0.432284713576032
0.394848697532399	0.382121151533122
0.489301299542841	0.436087954425273
0.523221278204751	0.406963118097503
0.597342816960845	0.388079409563350
0.682553090284940	0.424372366641036
0.691805228199066	0.402989916684569
0.801498219557455	0.425691876062935
0.858100586988870	0.427945320492248
0.902434859081971	0.411537610352165
0.985922564399876	0.432921638696669
0.031137149730031	0.468856887608151
0.065741052167895	0.457677632094751
0.186363434011318	0.447848091268178
0.216678504242254	0.451027935446712
0.270334023783294	0.471643550227546
0.315397599101508	0.470609778589711
0.411958997844942	0.452930488059747
0.453821387364022	0.440413421486251
0.528613993468139	0.459854507925886
0.563109179012969	0.491016032739663
0.639621235462749	0.444503963970231
0.739106744452521	0.485844781153334
0.811566452946646	0.474533858921387
0.814735523469219	0.482713810382461
0.883689918077129	0.442496514574740
0.943663236963019	0.486358422971996
0.013730141293777	0.524043233197658
0.106037796339611	0.503530666465762
0.141834201411538	0.525925681321166
0.244539191101105	0.552664417189119
0.293512891929949	0.528754280333816
0.319100960741425	0.561944858403747
0.397096481048408	0.507681987963194
0.464000894344994	0.551968028460855
0.517407363401122	0.536641648018649
0.602359387639994	0.514043758335534
0.628734385988497	0.561942601649077
0.742024392266065	0.509195528068043
0.811900392261893	0.553334382418737
0.870598934735311	0.545484661324412
0.887691996150578	0.501379855734152
0.942477427787957	0.516312826239460
0.000162195952763	0.574734802899122
0.087385081313524	0.567886684673230
0.149542863661084	0.597356283186785
0.235105774754799	0.583228240361956
0.281607096978488	0.603436199928619
0.335990865036377	0.602863611837468
0.409802429546207	0.616577524908138
0.445476899842144	0.608667599339077
0.516762069139341	0.569985286974694
0.598354440045276	0.567997767911409
0.678188548988707	0.566279881183589
0.734953185190669	0.618035514924683
0.758152175914881	0.567375149928237
0.861724994957150	0.622917757470956
0.916047334898856	0.594785103814743
0.995887061274468	0.567617698515560
0.025855360442273	0.643594806319707
0.118969832967611	0.686408829554894
0.146783793946794	0.683217402211907
0.231066862466062	0.632408299499636
0.276327870559489	0.681886686025394
0.327103290768481	0.653759968721136
0.400216354223135	0.644679916255916
0.499073063154140	0.675228634700814
0.515315738059072	0.668713065645707
0.593325840054505	0.628651929277962
0.672067405259485	0.644658134614503
0.704008864155391	0.679414042997387
0.779808418526619	0.682261064152643
0.843388315995896	0.626120440036436
0.931625219322537	0.682673471309285
0.950504085677793	0.684253051221430
0.031944422175164	0.723065299048453
0.088118328675190	0.706881613446023
0.138266048484544	0.742592541251819
0.249102344095964	0.732723581542429
0.307669691361992	0.708460121056638
0.357320719758240	0.714131070292585
0.416816045641740	0.718977102493280
0.489746372795139	0.743650391914684
0.500709783722579	0.726373221283167
0.589023406914557	0.746440153306220
0.628454412290816	0.711836027918462
0.716056422104257	0.725482594143362
0.777911973352407	0.727199971816083
0.847179043303984	0.706771119429444
0.916920451588095	0.710603457502579
0.947532416440088	0.714320438425481
0.040771978713053	0.776149770469323
0.073490171608513	0.796228129951336
0.176447522212739	0.766658165510548
0.192565315171393	0.807158566908249
0.272064513561098	0.808211005306386
0.349185004664279	0.778444908274907
0.375284232621264	0.783487474408114
0.461934653494841	0.764379695352255
0.559037921571065	0.759475474175293
0.572548887141759	0.755858312435066
0.635580572927855	0.803491342039428
0.734272316181863	0.781648344847874
0.756063738111654	0.774781885300712
0.812918776297108	0.797900534318853
0.897262332937043	0.766814643739330
0.958976304396399	0.802667872585046
0.040911570390084	0.848357854448459
0.075038715865239	0.820587902128018
0.141221839647326	0.818903387307400
0.221570164889928	0.842744823232117
0.254527858415858	0.836060503634173
0.336444124963354	0.863735405187177
0.432101777855331	0.822955001701008
0.440195674033648	0.870321040811907
0.503280789737655	0.864393697045020
0.606715973069476	0.820851714454091
0.685300328288064	0.860413012105951
0.714897867516824	0.859089794259423
0.761132965085244	0.816817510946844
0.864697872251202	0.824347901451832
0.884559568747543	0.853803615561059
0.938671334850642	0.838460775083737
0.044645853729370	0.902739562915577
0.083936127518871	0.903821048697299
0.126652165229118	0.887486767987136
0.188515024711032	0.911795195229769
0.294276889656735	0.894988801291326
0.367064891745002	0.913693922391672
0.391816222156472	0.877816388602442
0.461889272270349	0.887915020244060
0.532710187872339	0.926736245642355
0.600855905164116	0.921926757855557
0.671451669953869	0.905216322141983
0.690449513248273	0.929676325495163
0.753716527601638	0.879526147488976
0.853594110429658	0.887900046163215
0.924603914722592	0.915094718608329
0.991937559270751	0.901240995188998
0.028331407075941	0.970941372310846
0.110914749104626	0.960235462747569
0.143935292337890	0.960697409775038
0.225555079808821	0.986818625326692
0.281263792108806	0.989697983224107
0.355020597383268	0.953752036181104
0.426536657131868	0.940474770221737
0.453605670223736	0.995981037208340
0.516058598197661	0.946430148820842
0.583585985111675	0.969626762897155
0.671139411362503	0.941725549492805
0.703151331417763	0.954866438002178
0.806610995538442	0.958045684038788
0.855435695698353	0.991245878829212
0.914751848884568	0.937832199531918
0.965447618210560	0.984288883988463
