0.3024291098117828 0.3656021058559418
0.1154358312487602 0.7554706931114197
0.2045718133449554 0.7952325940132141
0.3035704195499420 0.2583038806915283
0.7375569343566895 0.2599485516548157
0.6352815032005310 0.9132494926452637
0.7782070040702820 0.3723922669887543
0.3749014735221863 0.4911080002784729
0.1290301680564880 0.3995715379714966
0.0074968007393181 0.3700152337551117
0.5613955259323120 0.7142817974090576
0.7553099393844604 0.7427029609680176
0.4861193597316742 0.1829093694686890
0.2273356318473816 0.3554762601852417
0.2536698877811432 0.8426058292388916
0.2056059688329697 0.8655838370323181
0.5023397207260132 0.0373342074453831
0.5938020348548889 0.8182751536369324
0.3188799917697906 0.0586048662662506
0.5397710800170898 0.4232222139835358
0.8760706782341003 0.8539791107177734
0.3731022775173187 0.3575633168220520
0.3571017980575562 0.2004825174808502
0.3585298061370850 0.2966041862964630
0.5635011792182922 0.0904854685068130
0.0866421312093735 0.2153147757053375
0.2618785500526428 0.3599449396133423
0.9693987369537354 0.1436073929071426
0.0420607067644596 0.6612101793289185
0.0061906613409519 0.6455982923507690
0.4456217885017395 0.4886813759803772
0.7769770622253418 0.0831857696175575
0.6920772790908813 0.6066435575485229
0.6979957818984985 0.2047680914402008
0.8259099125862122 0.0909430459141731
0.6633496880531311 0.0266166888177395
0.0367658808827400 0.7021824121475220
0.0047877226024866 0.0415118820965290
0.7026410102844238 0.3859944045543671
0.2384882420301437 0.7490702271461487
0.0725389048457146 0.0778510645031929
0.5732430815696716 0.4687426984310150
0.6392174959182739 0.0603357180953026
0.8536913990974426 0.7528653144836426
0.9507840871810913 0.5243942141532898
0.3246899247169495 0.2752846479415894
0.4570086598396301 0.2302613109350204
0.5684100389480591 0.7949223518371582
0.1522693634033203 0.9544315338134766
0.3190438449382782 0.5444642901420593
0.8039444684982300 0.6803604364395142
0.4796691834926605 0.4510865807533264
0.7153849005699158 0.1503804326057434
0.4085557758808136 0.9778960943222046
0.9825158119201660 0.4802553951740265
0.4279689490795135 0.8500665426254272
0.8157492876052856 0.1584113538265228
0.4730182290077209 0.0835106372833252
0.0441238246858120 0.0853604301810265
0.3561346530914307 0.0550169646739960
0.2835555672645569 0.2101428359746933
0.6315792202949524 0.1793410778045654
0.8552684187889099 0.3025494813919067
0.0002162958553527 0.4507062137126923
0.3957926630973816 0.2132592648267746
0.9305402040481567 0.7184057831764221
0.0414602495729923 0.8552400469779968
0.9490013122558594 0.9726923704147339
0.8220625519752502 0.9383093714714050
0.4517509043216705 0.6695747971534729
0.3142382204532623 0.3207776844501495
0.0819536074995995 0.6820017099380493
0.0348261855542660 0.7354869842529297
0.4412240087985992 0.4212577044963837
0.3426106572151184 0.3173999488353729
0.9115303754806519 0.2523093521595001
0.8659866452217102 0.9600416421890259
0.1141220405697823 0.2282342314720154
0.8693044185638428 0.5699813961982727
0.6493076086044312 0.2768247723579407
0.4557496011257172 0.9731293916702271
0.5373040437698364 0.2740827798843384
0.2998062372207642 0.9928652048110962
0.0695722326636314 0.7683309912681580
0.9838489890098572 0.7981006503105164
0.9722625017166138 0.7086415886878967
0.5106818079948425 0.1391595453023911
0.7138585448265076 0.6476652622222900
0.4446509778499603 0.7060953974723816
0.6080932617187500 0.6092686653137207
0.0362127237021923 0.8054364919662476
0.6496558189392090 0.0720429122447968
0.0400846004486084 0.9979544878005981
0.8787102103233337 0.3342624008655548
0.7914899587631226 0.4051511883735657
0.6107811927795410 0.8926368951797485
0.5335884690284729 0.0490336157381535
0.0915125608444214 0.2599966228008270
0.1030333936214447 0.0831155925989151
0.1644868701696396 0.0104862106963992
0.5708316564559937 0.8507090210914612
0.6585917472839355 0.5332671403884888
0.1091840565204620 0.2869650721549988
0.9501690268516541 0.9112728834152222
0.4333516359329224 0.2355434745550156
0.3402986824512482 0.8438360691070557
0.9199888110160828 0.9455999135971069
0.3071572482585907 0.2943297326564789
0.9343698024749756 0.4559310972690582
0.8548309803009033 0.1794498711824417
0.9469494223594666 0.6047305464744568
0.7589058876037598 0.8315773606300354
0.3565572798252106 0.1050568222999573
0.5057273507118225 0.0793826505541801
0.6954053640365601 0.6276079416275024
0.8411425948143005 0.5224892497062683
0.0430323109030724 0.1874117553234100
0.5036419630050659 0.2062896490097046
0.6265130639076233 0.2127040922641754
0.9868973493576050 0.8230621218681335
0.6494397521018982 0.1396379470825195
0.9954547882080078 0.1761311590671539
0.8830616474151611 0.6139683723449707
0.1469856947660446 0.7852997779846191
0.7826076745986938 0.8817496299743652
0.9591016769409180 0.3916896879673004
0.2493294626474380 0.4976452291011810
0.9614593386650085 0.4352038502693176
0.1208732873201370 0.5195609331130981
0.1343256980180740 0.6350429654121399
0.3365794420242310 0.5484055280685425
0.3116738200187683 0.2214445024728775
0.4700308144092560 0.2593255639076233
0.5784152150154114 0.1155141890048981
0.1844499856233597 0.6012874841690063
0.6617993116378784 0.2646548449993134
0.3769788146018982 0.1299930959939957
0.4381964504718781 0.0837959870696068
0.3971660137176514 0.8717399239540100
0.6703556776046753 0.4583964347839355
0.9717959165573120 0.6955909729003906
0.7112344503402710 0.0853849798440933
0.2341095954179764 0.9245493412017822
0.5567724704742432 0.2393388450145721
0.6528751850128174 0.4010361135005951
0.6012745499610901 0.6000215411186218
0.1610638648271561 0.9817571640014648
0.7785473465919495 0.6023727655410767
0.2671922743320465 0.3142901659011841
0.5666630864143372 0.5807102322578430
0.5991373062133789 0.6385901570320129
0.6832054257392883 0.9635999202728271
0.2737968266010284 0.7878611087799072
0.9735915660858154 0.4604212045669556
0.0427857674658298 0.9580367207527161
0.1631187051534653 0.7675312161445618
0.6294700503349304 0.3542180061340332
0.3519571721553802 0.7775532007217407
0.8923130035400391 0.4289887249469757
0.8507036566734314 0.9700857400894165
0.3886588811874390 0.6682864427566528
0.6185774207115173 0.3403333723545074
0.9916807413101196 0.2452675253152847
0.7119370102882385 0.2224642634391785
0.0075882733799517 0.7552489042282104
0.3256758749485016 0.6919193267822266
0.0593994669616222 0.0294939707964659
0.0714741870760918 0.5256137847900391
0.1947958916425705 0.4124163985252380
0.7363920807838440 0.6148525476455688
0.9057871699333191 0.6152936816215515
0.4819882810115814 0.5382572412490845
0.6177935600280762 0.4371127486228943
0.9459927678108215 0.1418028920888901
0.3483005762100220 0.6850165724754333
0.4819148182868958 0.8166127204895020
0.4167094528675079 0.1527413725852966
0.1874770224094391 0.1157002300024033
0.6671966910362244 0.8036419749259949
0.9487742185592651 0.6625276803970337
0.1083195880055428 0.1791407316923141
0.3212714493274689 0.2278318852186203
0.6054508090019226 0.2922597527503967
0.8019642829895020 0.1719364821910858
0.7033200263977051 0.7532569766044617
0.5401170253753662 0.5152898430824280
0.1602509915828705 0.5949281454086304
0.7171987295150757 0.9207949042320251
0.2284622490406036 0.8730709552764893
0.0220950897783041 0.6101679801940918
0.1645850539207458 0.8370663523674011
0.8692606687545776 0.5316320657730103
0.9264270067214966 0.6128523349761963
0.0315250977873802 0.2054219692945480
0.3686008751392365 0.9997102618217468
0.8309842348098755 0.7147262096405029
0.6007074117660522 0.0447005815804005
0.7116500735282898 0.2793712913990021
0.2625451683998108 0.5828922986984253
0.4544458389282227 0.8813049793243408
0.6081447005271912 0.9540442824363708
0.6912007331848145 0.0438449196517467
0.2607140541076660 0.2342166602611542
0.6546475887298584 0.2061661034822464
0.9633648395538330 0.2404354214668274
0.6456833481788635 0.8524406552314758
0.5434038043022156 0.6238278150558472
0.6275671720504761 0.0063535999506712
0.2515333592891693 0.0333044715225697
0.1349340826272964 0.2730902731418610
0.7239908576011658 0.5341310501098633
0.4050119817256927 0.1970413178205490
0.5330682992935181 0.6783656477928162
0.0216464940458536 0.6593421101570129
0.2183695584535599 0.0977254137396812
0.9718155264854431 0.6343466043472290
0.5174229741096497 0.3688393533229828
0.1650816649198532 0.1577035188674927
0.3831594884395599 0.0433178134262562
0.6050426363945007 0.4678833186626434
0.5888974070549011 0.3287869989871979
0.1057563498616219 0.5651447772979736
0.6651977896690369 0.3446040451526642
0.6439729928970337 0.8074564337730408
0.7795676589012146 0.9929721951484680
0.0799028202891350 0.1803424805402756
0.7867676615715027 0.1854800879955292
0.7121664285659790 0.4122512638568878
0.8896073102951050 0.1731249094009399
0.8169988989830017 0.2903146445751190
0.1027715280652046 0.3609156608581543
0.0684675499796867 0.2117789089679718
0.8877454400062561 0.5473681092262268
0.6137154102325439 0.8258107304573059
0.4896860420703888 0.4814871251583099
0.7321910858154297 0.3037852346897125
0.4743628501892090 0.9194674491882324
0.9128962755203247 0.5354363322257996
0.6297566294670105 0.4797767698764801
0.0001872042776085 0.3825935423374176
0.5238252282142639 0.0051584462635219
0.1970191597938538 0.0211710743606091
0.4864452183246613 0.5115270018577576
0.6827200651168823 0.8364928960800171
0.3035731613636017 0.6512481570243835
0.2242519706487656 0.8289836645126343
0.1416488736867905 0.4499492049217224
0.3488123118877411 0.1950390040874481
0.3552567958831787 0.9659845232963562
0.6157606244087219 0.7801923155784607
0.9734560847282410 0.7437676787376404
0.2823964655399323 0.1277190744876862
0.3491572439670563 0.8345691561698914
0.1649871170520782 0.3448019921779633
0.4476206898689270 0.2926584184169769
0.7211288809776306 0.9981346726417542
0.2450461983680725 0.3010860383510590
0.6893166303634644 0.2616601586341858
0.7149317860603333 0.4401237368583679
0.6370328664779663 0.7228288054466248
0.1233217790722847 0.4864996671676636
0.9041381478309631 0.8957685828208923
0.8251628279685974 0.0432296283543110
0.8690457940101624 0.2224185466766357
0.4378560185432434 0.5952611565589905
0.0027689277194440 0.5456362962722778
0.3280261456966400 0.6009553074836731
0.6438626050949097 0.4703104496002197
0.0341790542006493 0.0691677555441856
0.4052993655204773 0.0117243491113186
0.7162170410156250 0.0418149493634701
0.7068840265274048 0.1108013242483139
0.0979811549186707 0.6617690920829773
0.9853602051734924 0.1126466020941734
0.1870434582233429 0.3479067981243134
0.6238404512405396 0.1241274625062943
0.8873776793479919 0.6540680527687073
0.2998591065406799 0.8132708072662354
0.5266553163528442 0.3338940441608429
0.1347998380661011 0.0230478383600712
0.2953534722328186 0.7608491182327271
0.5095221400260925 0.8463762998580933
0.2922005653381348 0.0371654182672501
0.4557599723339081 0.0507029555737972
0.2506247162818909 0.8767866492271423
0.5216935276985168 0.9792600870132446
0.2232142388820648 0.5926840901374817
0.2018553316593170 0.1707736849784851
0.2731071412563324 0.8314309120178223
0.1565482467412949 0.0374852605164051
0.9260977506637573 0.1849396377801895
0.5264486670494080 0.5709053277969360
0.1870944052934647 0.5456481575965881
0.0775375291705132 0.4207710921764374
0.3083078265190125 0.5766559243202209
0.9636825919151306 0.6136111021041870
0.9280034899711609 0.0711954683065414
0.1759845167398453 0.3848488628864288
0.4849469959735870 0.5713192820549011
0.4314842820167542 0.2618788182735443
0.8042891621589661 0.6354938149452209
0.5682374238967896 0.4385851323604584
0.6572008132934570 0.7269721031188965
0.1420413851737976 0.6131204962730408
0.5214405059814453 0.4430649876594543
0.3337057232856750 0.4569123685359955
0.1814579218626022 0.7350124716758728
0.1525753736495972 0.3580462634563446
0.5507755279541016 0.0273975748568773
0.0182678569108248 0.8328096270561218
0.5561601519584656 0.9558091759681702
0.1464216113090515 0.7470074295997620
0.9040440320968628 0.2025980651378632
0.9106336236000061 0.0865762680768967
0.0303471162915230 0.4231769144535065
0.8237646818161011 0.0717799216508865
0.8292666673660278 0.5552718043327332
0.2753450572490692 0.0969556495547295
0.0491464063525200 0.9927248358726501
0.2380817532539368 0.1603166908025742
0.0824929326772690 0.8704127669334412
0.5234218835830688 0.0979128628969193
0.4884247481822968 0.5973722934722900
0.4481349885463715 0.8153635859489441
0.5977609753608704 0.2127164453268051
0.4446073472499847 0.6345713138580322
0.9687826633453369 0.0169593319296837
0.4083686769008636 0.4136374890804291
0.8047393560409546 0.6902242302894592
0.8971690535545349 0.9408137202262878
0.9112524986267090 0.5073232650756836
0.0808832794427872 0.3742108941078186
0.2245721668004990 0.2332465648651123
0.3935039341449738 0.6089701056480408
0.9464541077613831 0.3369687795639038
0.2092708498239517 0.8207877874374390
0.9463721513748169 0.0291167423129082
0.9737092256546021 0.2867941558361053
0.4474776387214661 0.2049580067396164
0.8703917860984802 0.1250860095024109
0.7397166490554810 0.9895969033241272
0.9769816398620605 0.5614950656890869
0.0832756087183952 0.8479650616645813
0.1686219274997711 0.5516587495803833
0.8253648877143860 0.2615186274051666
0.0428311936557293 0.5686374306678772
0.7666881084442139 0.8407917022705078
0.4572027027606964 0.7574889063835144
0.4828351438045502 0.9612104296684265
0.9619276523590088 0.2066928595304489
0.4794199764728546 0.0134357400238514
0.1302846074104309 0.8367552161216736
0.6212350130081177 0.5725030303001404
0.1573019772768021 0.2183700799942017
0.6044117212295532 0.1685473769903183
0.6647791862487793 0.0994424074888229
0.4195497334003448 0.0589353069663048
0.8587485551834106 0.3735206127166748
0.0278772190213203 0.2303609400987625
0.8832004666328430 0.0246122721582651
0.5732180476188660 0.6266185045242310
0.0915222838521004 0.1371460109949112
0.4866099655628204 0.1517063230276108
0.0952145978808403 0.5113344788551331
0.4583105146884918 0.1083599105477333
0.4451204240322113 0.1360749155282974
0.2556093335151672 0.0755574405193329
0.3030414283275604 0.9485165476799011
0.0788047015666962 0.4693389534950256
0.7106998562812805 0.2409949302673340
0.5215938091278076 0.4657607972621918
0.8491152524948120 0.4135825932025909
0.6690428853034973 0.1097738370299339
0.9136278033256531 0.9892299175262451
0.5797169804573059 0.3102821111679077
0.3841663002967834 0.8104601502418518
0.8571991324424744 0.8405328989028931
0.0566734112799168 0.8208602666854858
0.7272934913635254 0.7115854024887085
0.8808073997497559 0.4697032570838928
0.6896632909774780 0.3644889593124390
0.1950823664665222 0.2686514258384705
0.7844302058219910 0.3442833125591278
0.7871468067169189 0.0337937176227570
0.0836814492940903 0.9835478663444519
0.1189717650413513 0.3370227515697479
0.0893353894352913 0.1092885062098503
0.9010090231895447 0.0500984862446785
0.3442604839801788 0.9351079463958740
0.2779337763786316 0.2620479762554169
0.9604309797286987 0.9479767084121704
0.3968389928340912 0.7060806155204773
0.3493662476539612 0.6580451130867004
0.5306874513626099 0.8705131411552429
0.0418420583009720 0.2651158571243286
0.4545559585094452 0.7202398777008057
0.9764394760131836 0.9353274106979370
0.3183370828628540 0.1243064776062965
0.3967276811599731 0.2353779971599579
0.8666016459465027 0.6529087424278259
0.1052885353565216 0.0347563885152340
0.2158286124467850 0.5509378910064697
0.9124695062637329 0.3310268223285675
0.0570797547698021 0.6216118335723877
0.6791890859603882 0.5029729008674622
0.6944714784622192 0.7648739218711853
0.2802641987800598 0.7220696806907654
0.4104510545730591 0.3507163524627686
0.1873975694179535 0.1492098271846771
0.5649690032005310 0.2659404277801514
0.4595998823642731 0.6258466839790344
0.2840038537979126 0.8674346804618835
0.3262517452239990 0.9012945294380188
0.8062807321548462 0.9803528785705566
0.9377043843269348 0.0235409066081047
0.7478492856025696 0.9337395429611206
0.8067274093627930 0.8551481366157532
0.7743754386901855 0.3174445331096649
0.7814626097679138 0.5311906933784485
0.7495310306549072 0.7777096629142761
0.2486823648214340 0.9624580144882202
0.8611377477645874 0.8013828396797180
0.0686851069331169 0.2821865379810333
0.5877830386161804 0.3933897912502289
0.7539621591567993 0.6442934274673462
0.3647280931472778 0.5225319862365723
0.7681574225425720 0.9605737924575806
0.4983500540256500 0.4085308909416199
0.1882597208023071 0.3097980320453644
0.7158831357955933 0.3431175649166107
0.7532212734222412 0.4951514005661011
0.8196268677711487 0.7907260656356812
0.9916039705276489 0.3332196176052094
0.4048269689083099 0.3298909068107605
0.3348108530044556 0.1383944153785706
0.0742243304848671 0.3380093574523926
0.4295147061347961 0.9656522274017334
0.2800905108451843 0.9099053740501404
0.9468927383422852 0.8255484104156494
0.8988314867019653 0.4934841394424438
0.4282609522342682 0.4590861201286316
0.7555580139160156 0.3050412833690643
0.2865730822086334 0.3203849494457245
0.2340362071990967 0.5231254100799561
0.8667640686035156 0.2489607632160187
0.2570675909519196 0.0498679317533970
0.6490577459335327 0.6415786147117615
0.6185789704322815 0.6947039961814880
0.1589403897523880 0.1959068030118942
0.0867503732442856 0.0259139090776443
0.1269895136356354 0.1537246555089951
0.5206233263015747 0.4954943358898163
0.0640297010540962 0.3991606831550598
0.0820949375629425 0.7897908091545105
0.4480665624141693 0.3482418954372406
0.2013050764799118 0.2431722730398178
0.2837930619716644 0.9316605925559998
0.1137181743979454 0.3132325112819672
0.6845921874046326 0.4584601819515228
0.3831553459167480 0.5597490072250366
0.2786314487457275 0.3510348796844482
0.5108779072761536 0.8109453916549683
0.4135453104972839 0.2839139997959137
0.6803581118583679 0.3064661920070648
0.1288272440433502 0.6855989098548889
0.4036130607128143 0.4983108937740326
0.0773238912224770 0.4460062682628632
0.7692625522613525 0.7876108288764954
0.8959826827049255 0.8249419927597046
0.7447924017906189 0.8574865460395813
0.8714469671249390 0.7860035896301270
0.6420585513114929 0.7825636863708496
0.4890128970146179 0.2529439926147461
0.9256950616836548 0.1224847361445427
0.4751953184604645 0.8477681279182434
0.3223622739315033 0.7347941398620605
0.3047274649143219 0.1740477681159973
0.7426021695137024 0.5150153040885925
0.2125225216150284 0.9727846384048462
0.3779222369194031 0.4614143669605255
0.7934598326683044 0.2260016649961472
0.0220616310834885 0.7691999077796936
0.8053222894668579 0.4825189113616943
0.1388115286827087 0.7019613385200500
0.7202726006507874 0.8317613005638123
0.9001549482345581 0.0331877097487450
0.3901250660419464 0.9820374846458435
0.8947169184684753 0.3372497856616974
0.1982915401458740 0.5163976550102234
0.3211266100406647 0.4507436752319336
0.3959432840347290 0.8970872163772583
0.8144336342811584 0.4312730729579926
0.5485900044441223 0.3751257956027985
0.9704685211181641 0.2711414992809296
0.7775372862815857 0.5503122806549072
0.6856311559677124 0.6917798519134521
0.4503167867660522 0.5003406405448914
0.3213717639446259 0.4254652559757233
0.5550684928894043 0.3036284744739532
0.8113607764244080 0.3775020539760590
0.1306885629892349 0.3628463447093964
0.7962664365768433 0.3129703104496002
0.7816255092620850 0.9008565545082092
0.9154329895973206 0.3919573426246643
0.3212536275386810 0.3915116488933563
0.4254033267498016 0.9334614276885986
0.4974489212036133 0.3028497099876404
0.0263596903532743 0.7937440872192383
0.9204941987991333 0.2699052095413208
0.0253799874335527 0.3518097102642059
0.2344067245721817 0.9406399130821228
0.8680731654167175 0.8844255805015564
0.7281776070594788 0.1862497478723526
0.9270838499069214 0.8694327473640442
0.0071191745810211 0.5119562149047852
0.0168778058141470 0.2952893376350403
0.1755441278219223 0.6717711091041565
0.6973772644996643 0.9993335604667664
0.0203604679554701 0.9200642108917236
0.1475179046392441 0.1091775894165039
0.7806447744369507 0.7413193583488464
0.6483651399612427 0.9618045091629028
0.4582768678665161 0.4025769531726837
0.5196505784988403 0.1147435754537582
0.1702426671981812 0.7187521457672119
0.3281681835651398 0.3513230383396149
0.9253277778625488 0.5632917284965515
0.8313199281692505 0.4674433767795563
0.9007207751274109 0.9823669195175171
0.4072685241699219 0.5318689346313477
0.2802394628524780 0.6142646074295044
0.5419296622276306 0.3248461186885834
0.7436277270317078 0.8923771977424622
0.0573235899209976 0.1502352803945541
0.3106140494346619 0.1035799309611320
0.9673249125480652 0.3494018316268921
0.4782902896404266 0.2950775325298309
0.5106503367424011 0.9111960530281067
0.4086733758449554 0.5667603015899658
0.6365763545036316 0.2456900477409363
0.1995187997817993 0.6201795935630798
0.8331283330917358 0.8813235759735107
0.9061627388000488 0.4444182217121124
0.3295257687568665 0.7426488995552063
0.7367808818817139 0.5852745175361633
0.4692993164062500 0.3782256543636322
0.7371290922164917 0.0988194048404694
0.8654086589813232 0.0927919670939445
0.3219190239906311 0.8101660013198853
0.5699236392974854 0.9271143674850464
0.2150340676307678 0.1291538327932358
0.4059790670871735 0.6407095789909363
0.6308182477951050 0.8533642888069153
0.2104783505201340 0.7007488608360291
0.5946007966995239 0.3704238831996918
0.1385592073202133 0.9351952075958252
0.5088163614273071 0.2364238947629929
0.9178447723388672 0.5776988863945007
0.0659776851534843 0.4824343919754028
0.5082210302352905 0.5519022941589355
0.7654352784156799 0.5966067910194397
0.3007507026195526 0.0211466327309608
0.5347983241081238 0.7738682627677917
0.9994100928306580 0.9255183339118958
0.6305234432220459 0.5314292907714844
0.7502532601356506 0.5566720962524414
0.8680727481842041 0.4300986528396606
0.5944772958755493 0.7730749845504761
0.3535611927509308 0.2640662491321564
0.9657738208770752 0.4081947803497314
0.7885735630989075 0.0827953368425369
0.9191662073135376 0.3067502975463867
0.4951017796993256 0.6505517363548279
0.5251364707946777 0.2341288328170776
0.0772553756833076 0.3102042078971863
0.8505721688270569 0.3536859452724457
0.5323409438133240 0.1582997590303421
0.4839303195476532 0.8977811336517334
0.6478374004364014 0.4186902344226837
0.2171967923641205 0.6751330494880676
0.4745933115482330 0.7701996564865112
0.2328971475362778 0.6176209449768066
0.7537701129913330 0.4589218199253082
0.1663619428873062 0.4628308713436127
0.9527297019958496 0.5608320832252502
0.5651301145553589 0.7349922657012939
0.0757526382803917 0.1398928314447403
0.5364893674850464 0.8244654536247253
0.9425622224807739 0.1023711115121841
0.4274944663047791 0.7969677448272705
0.0164371021091938 0.2653045058250427
0.1227775737643242 0.2334198504686356
0.1472482979297638 0.3087028861045837
0.6898860931396484 0.0677258595824242
0.7850965857505798 0.8154247403144836
0.8167600631713867 0.7568469643592834
0.9693302512168884 0.4988411664962769
0.9591956138610840 0.5189939737319946
0.2489690184593201 0.8015226721763611
0.4558794200420380 0.9343560338020325
0.7983908057212830 0.5816758275032043
0.4894174933433533 0.0597465373575687
0.5731673836708069 0.6605049967765808
0.3752882778644562 0.9122262001037598
0.7624738216400146 0.2636109888553619
0.4642151296138763 0.4540304541587830
0.8193070292472839 0.6223981976509094
0.6930409073829651 0.8656073808670044
0.1537161618471146 0.5056106448173523
0.2658796012401581 0.4369559288024902
0.9611563682556152 0.9816375970840454
0.7283340692520142 0.8849240541458130
0.0468650870025158 0.1110660508275032
0.9359113574028015 0.2869050204753876
0.7835096120834351 0.6412123441696167
0.5053876042366028 0.3333893716335297
0.8587363362312317 0.9330301880836487
0.1024884879589081 0.9117286801338196
0.3788851201534271 0.9466585516929626
0.2455505430698395 0.9027968645095825
0.1931595355272293 0.9363951086997986
0.6015799641609192 0.2418982833623886
0.3973569571971893 0.8244757056236267
0.3625451922416687 0.4211596250534058
0.2739737629890442 0.6415975093841553
0.5814757347106934 0.9425655007362366
0.1702157258987427 0.8917870521545410
0.7474858164787292 0.3939850032329559
0.4328888654708862 0.8976228237152100
0.6605803370475769 0.6966409683227539
0.7002976536750793 0.3149505257606506
0.2441762238740921 0.1087520718574524
0.9998496174812317 0.2155760377645493
0.3446151614189148 0.9114626049995422
0.7894548177719116 0.4696708917617798
0.9020146131515503 0.8458386063575745
0.7609010338783264 0.1754635721445084
0.9938641190528870 0.9938429594039917
0.5232565999031067 0.7547306418418884
0.7164569497108459 0.5568885803222656
0.3823775053024292 0.7621479630470276
0.1159220114350319 0.4657309353351593
0.3629195094108582 0.6440159678459167
0.8263947963714600 0.8142970800399780
0.1077001914381981 0.9565469026565552
0.8688997030258179 0.7490966320037842
0.0769689381122589 0.9582048654556274
0.6253138184547424 0.6626972556114197
0.9024412035942078 0.7024071216583252
0.1598456799983978 0.5107204318046570
0.0933498367667198 0.8859817981719971
0.9075913429260254 0.1412405818700790
0.3491659462451935 0.3758380711078644
0.0647499039769173 0.9360927343368530
0.1539013683795929 0.8255054950714111
0.7458794116973877 0.0672552362084389
0.6074000597000122 0.0873381197452545
0.4173897206783295 0.7375736832618713
0.8658837080001831 0.7015339732170105
0.7854311466217041 0.7297797203063965
0.9376009106636047 0.8596847057342529
0.6007445454597473 0.5254937410354614
0.4055586457252502 0.0844108164310455
0.0869973227381706 0.5916675925254822
0.2228704690933228 0.4838586449623108
0.6579675078392029 0.6107777357101440
0.3115968406200409 0.1732291132211685
0.1394501179456711 0.0609215311706066
0.2408374994993210 0.6383912563323975
0.9852427244186401 0.5858430266380310
0.9162347912788391 0.7974364757537842
0.8477008342742920 0.6216051578521729
0.1362867206335068 0.1851682513952255
0.1110297143459320 0.4051479399204254
0.4066989719867706 0.9282214045524597
0.8115402460098267 0.5232837200164795
0.7790615558624268 0.2679862976074219
0.0148078957572579 0.6949087381362915
0.6906515359878540 0.7159565687179565
0.5687869787216187 0.2057772427797318
0.4854579269886017 0.6670724749565125
0.0110658984631300 0.3141521215438843
0.3460029363632202 0.5934035778045654
0.8806165456771851 0.2843766212463379
0.3367188274860382 0.8709577322006226
0.6501712799072266 0.5715373754501343
0.7263401150703430 0.7334731817245483
0.7343165278434753 0.1634166985750198
0.7936974763870239 0.1149140447378159
0.6201133728027344 0.3874779641628265
0.8996105790138245 0.2279430031776428
0.5583427548408508 0.9887069463729858
0.1804791986942291 0.2947236001491547
0.3460600674152374 0.0182070937007666
0.5488312244415283 0.6005966663360596
0.9544776082038879 0.0606748834252357
0.9960279464721680 0.0902283191680908
0.2564588785171509 0.3822492659091949
0.7288457751274109 0.4640828967094421
0.5741560459136963 0.9899051785469055
0.1175852417945862 0.9264540076255798
0.1905318945646286 0.4929168820381165
0.8569507002830505 0.9948507547378540
0.8961457610130310 0.7455125451087952
0.3030110895633698 0.8937496542930603
0.0754861608147621 0.6923120617866516
0.2587883770465851 0.2702693641185760
0.8871106505393982 0.9134293794631958
0.8374406099319458 0.6554853916168213
0.0055862874723971 0.6040892004966736
0.3828380405902863 0.4426849484443665
0.5497544407844543 0.0917175710201263
0.3692021071910858 0.8729984760284424
0.6262437105178833 0.9610142111778259
0.4404268264770508 0.5385893583297729
0.2069474756717682 0.7345148324966431
0.8140015006065369 0.2114145010709763
0.2993962168693542 0.7129749655723572
0.3162395060062408 0.7835429906845093
0.1301571279764175 0.6625495553016663
0.6004482507705688 0.5021873116493225
0.4483141899108887 0.9984610080718994
0.0024176579900086 0.9751977324485779
0.7074397206306458 0.8842961192131042
0.2496029287576675 0.2107726931571960
0.1774264872074127 0.0913891345262527
0.8352116346359253 0.1315066218376160
0.9757097363471985 0.8537803888320923
0.8780556321144104 0.7032402753829956
0.4081900119781494 0.7740348577499390
0.5198786854743958 0.2827014625072479
0.6730650663375854 0.9041779041290283
0.5163531899452209 0.6217350959777832
0.0320107564330101 0.4821624755859375
0.6860897541046143 0.9929149746894836
0.3535441756248474 0.0834156051278114
0.8484907746315002 0.4617724120616913
0.9989560246467590 0.4164299666881561
0.2799782156944275 0.4077952802181244
0.5007091760635376 0.8680754899978638
0.1187281832098961 0.9980452656745911
0.8698604702949524 0.5930982828140259
0.3697725534439087 0.2583522498607635
0.1547000557184219 0.2639425992965698
0.8159594535827637 0.2588218152523041
0.3886536657810211 0.7251642346382141
0.7517473101615906 0.1230857670307159
0.4963618218898773 0.6056590080261230
0.9403318762779236 0.2315710186958313
0.2219169586896896 0.4070295691490173
0.7382783293724060 0.0348639860749245
0.7616295814514160 0.4183384478092194
0.5986648797988892 0.0186294317245483
0.5648733973503113 0.0554362684488297
0.0676596239209175 0.5389849543571472
0.9719020128250122 0.7697082757949829
0.2173722237348557 0.1998818367719650
0.4473787546157837 0.5861346125602722
0.0625334903597832 0.7195805311203003
0.3726404309272766 0.1645163297653198
0.3113180100917816 0.4986437261104584
0.1520937979221344 0.8922108411788940
0.0484686717391014 0.5901511311531067
0.8345604538917542 0.9106307029724121
0.2553349137306213 0.1876584738492966
0.8688686490058899 0.4888730645179749
0.1109964251518250 0.4369139373302460
0.1167679727077484 0.7237331867218018
0.5968381166458130 0.2627142965793610
0.6819992661476135 0.1600219309329987
0.3164477348327637 0.6328913569450378
0.3623869121074677 0.7998914122581482
0.8014375567436218 0.0232945121824741
0.8838801383972168 0.1248861923813820
0.2458577156066895 0.4047559201717377
0.1179507300257683 0.9839349389076233
0.2465257495641708 0.6977192759513855
0.2530286908149719 0.5359508395195007
0.7635275125503540 0.6720916032791138
0.1852107048034668 0.8557984828948975
0.9277706742286682 0.4203082025051117
0.6987710595130920 0.5038581490516663
0.6758659482002258 0.4242359101772308
0.1781553775072098 0.7991259694099426
0.1285978704690933 0.5530248284339905
0.4821947515010834 0.7894605398178101
0.3576208651065826 0.4083727300167084
0.0494795329868793 0.5114899873733521
0.4394509494304657 0.0274621844291687
0.8119875788688660 0.4224725961685181
0.0171652976423502 0.5013443231582642
0.1153228953480721 0.6073294878005981
0.9353430867195129 0.7016955018043518
0.3982215523719788 0.1651409417390823
0.7364752292633057 0.3460505604743958
0.6639587283134460 0.7603008151054382
0.9975461363792419 0.8915085792541504
0.2894589602947235 0.5025361776351929
0.7169693708419800 0.6641707420349121
0.3034484088420868 0.0693470686674118
0.8377048969268799 0.5073823928833008
0.3628098666667938 0.5563088655471802
0.5269045829772949 0.9487419724464417
0.9315919876098633 0.6526040434837341
0.7661513686180115 0.2202679514884949
0.4655345976352692 0.3343396186828613
0.2930806577205658 0.5346662998199463
0.2120918631553650 0.0701704174280167
0.2308850437402725 0.9971595406532288
0.3935282826423645 0.0439428985118866
0.8349605798721313 0.0131476204842329
0.6418506503105164 0.6109256744384766
0.8136013746261597 0.3641261458396912
0.2395755648612976 0.7131341099739075
0.6559602618217468 0.3762469291687012
0.2024076282978058 0.4586047828197479
0.8425672054290771 0.2290498465299606
0.0875303596258163 0.5715296268463135
0.6529439687728882 0.9718385934829712
0.0509410873055458 0.3543137311935425
0.4360790848731995 0.3158495724201202
0.2384387403726578 0.6574072241783142
0.1579333394765854 0.4090649783611298
0.0894334912300110 0.6237444281578064
0.1715978235006332 0.6987199783325195
0.7671273946762085 0.4404994249343872
0.1828558743000031 0.6569743752479553
0.4174969494342804 0.4384659826755524
0.8425585031509399 0.3328740000724792
0.5904294848442078 0.1798191070556641
0.2322002202272415 0.7682757973670959
0.3585526645183563 0.7459222078323364
0.8376898765563965 0.1930842399597168
0.7184396386146545 0.8081738948822021
0.6828202605247498 0.8089447021484375
0.0223667137324810 0.1660909205675125
0.5856261849403381 0.7174447774887085
0.7723982334136963 0.1413610130548477
0.2790551185607910 0.1602668166160583
0.9917193651199341 0.0561150312423706
0.3983287513256073 0.2740931510925293
0.0673035010695457 0.6406967043876648
0.6044152975082397 0.8671966195106506
0.6847739219665527 0.5648353695869446
0.3285780251026154 0.4960152804851532
0.3572885394096375 0.7096489071846008
0.4863609075546265 0.4199953973293304
0.6465290188789368 0.0153912529349327
0.9426850676536560 0.3677793443202972
0.9415807127952576 0.7711035609245300
0.2981110811233521 0.4041577875614166
0.2675739526748657 0.7484955787658691
0.9687445759773254 0.0843451246619225
0.0180389359593391 0.1169862300157547
0.2217549234628677 0.5736916661262512
0.5963218808174133 0.9937713146209717
0.1242622360587120 0.8626332879066467
0.8092067241668701 0.9703660011291504
0.7666916847229004 0.6982469558715820
0.1354687362909317 0.8849297761917114
0.4907522201538086 0.7517890334129333
0.4988107085227966 0.7190175652503967
0.4808611869812012 0.1231965944170952
0.3325037658214569 0.0031575029715896
0.6516671776771545 0.3163029849529266
0.8088983893394470 0.7804207801818848
0.9681133031845093 0.3068895339965820
0.5498963594436646 0.9010357856750488
0.6799913644790649 0.9311810135841370
0.9382200837135315 0.8043959140777588
0.3512593209743500 0.1578916907310486
0.3857526481151581 0.3098315298557281
0.5618729591369629 0.4065914154052734
0.1422152817249298 0.1333732306957245
0.2258458435535431 0.2697049975395203
0.5288622379302979 0.9168248772621155
0.2414728999137878 0.4600602984428406
0.2234918922185898 0.3131806850433350
0.6604928970336914 0.6572136878967285
0.6505947113037109 0.5067339539527893
0.8289957046508789 0.3183072805404663
0.8709372282028198 0.2821250557899475
0.8363335132598877 0.5894595980644226
0.2470146119594574 0.1467581987380981
0.7489324808120728 0.2143618613481522
0.6460632085800171 0.9034380912780762
0.2710510492324829 0.9702712297439575
0.4016913473606110 0.6871849298477173
0.0619112960994244 0.2461398988962173
0.0290354900062084 0.5503804683685303
0.0017800509231165 0.7194998264312744
0.6788616180419922 0.6671252846717834
0.7490966320037842 0.3628769516944885
0.7674746513366699 0.9379068613052368
0.6281993985176086 0.2970956563949585
0.7556954622268677 0.0010367872891948
0.4907771646976471 0.1979164034128189
0.5405145883560181 0.1697963178157806
0.1911837607622147 0.0564041659235954
0.1209149658679962 0.7922174334526062
0.1177552416920662 0.1126396805047989
0.2728425860404968 0.9988152980804443
0.3613869547843933 0.6232430338859558
0.3018637001514435 0.8512360453605652
0.3487687408924103 0.4961640238761902
0.5882042050361633 0.8957930803298950
0.9380480647087097 0.9115159511566162
0.9013410210609436 0.7866999506950378
0.4313619732856750 0.7534690499305725
0.0410913676023483 0.3942431509494781
0.0467111021280289 0.8955560326576233
0.6974211931228638 0.1382120549678802
0.3976839780807495 0.5984852910041809
0.1806987822055817 0.6422681808471680
0.9684498310089111 0.8866141438484192
0.2074887603521347 0.3772489130496979
0.8543331027030945 0.0597370415925980
0.2800832390785217 0.5854769945144653
0.2778341174125671 0.4806991517543793
0.5476049184799194 0.2061681896448135
0.4607684314250946 0.1643169820308685
0.7245265841484070 0.7845822572708130
0.6028469204902649 0.7324215173721313
0.6116505265235901 0.9355363845825195
0.5351131558418274 0.7300046682357788
0.5989082455635071 0.0583141595125198
0.5823906660079956 0.1495113223791122
0.5606222748756409 0.8760485053062439
0.1522713750600815 0.0764736980199814
0.5643734335899353 0.1346507966518402
0.4323978722095490 0.3805186450481415
0.4360925555229187 0.1808790862560272
0.8257188796997070 0.1280202567577362
0.4476686120033264 0.5492072105407715
0.5214015841484070 0.3922199904918671
0.2206545323133469 0.3398214280605316
0.0447011739015579 0.3137126266956329
0.9353942871093750 0.1765192002058029
0.4881879687309265 0.3578873574733734
0.6012493968009949 0.4229533374309540
0.8618595600128174 0.3933595418930054
0.7140830755233765 0.4890306293964386
0.0322545655071735 0.8681139349937439
0.2235892117023468 0.4371040463447571
0.1010155305266380 0.0631639733910561
0.9810389876365662 0.6606189608573914
0.7278506159782410 0.6914523839950562
0.8443211317062378 0.6851731538772583
0.5674017071723938 0.7709046602249146
0.7811980843544006 0.5017306804656982
0.5098083019256592 0.7084812521934509
0.8289803862571716 0.8403091430664062
0.5614296197891235 0.8328895568847656
0.0876413732767105 0.8316763043403625
0.0664112269878387 0.9133487343788147
0.6431522965431213 0.1597695946693420
0.1585313826799393 0.5695361495018005
0.1970407962799072 0.9061704277992249
0.2822524309158325 0.4554471671581268
0.3234364688396454 0.9640985131263733
0.8851184844970703 0.0801965147256851
0.7227582931518555 0.9536720514297485
0.9110605716705322 0.6683433055877686
0.5767757892608643 0.5618607401847839
0.9287779927253723 0.7472460269927979
0.8643512725830078 0.1662986129522324
0.0471635311841965 0.0410471372306347
0.5450839400291443 0.5419074892997742
0.0323518067598343 0.4504169523715973
0.0190346986055374 0.9538746476173401
0.9752641320228577 0.1887421160936356
0.6077178716659546 0.6843882799148560
0.2731056809425354 0.6860874295234680
0.6209071278572083 0.7494595050811768
0.2339252233505249 0.0146620254963636
0.2720646560192108 0.5439315438270569
0.4963749945163727 0.9525199532508850
0.6852561831474304 0.5429345965385437
0.4133830070495605 0.4927911162376404
0.8278179168701172 0.7324520349502563
0.4907414615154266 0.0020133929792792
0.1901556551456451 0.9840554594993591
0.3815586566925049 0.3853201568126678
0.2087254971265793 0.0427101254463196
0.1040931791067123 0.8050857186317444
0.1776009947061539 0.9384534358978271
0.0652728080749512 0.7573108673095703
0.4405298233032227 0.8550693988800049
0.8141591548919678 0.5678280591964722
0.0096488445997238 0.0223174281418324
0.1785225123167038 0.4380173683166504
0.5248165726661682 0.7937870025634766
0.3628217875957489 0.3327660560607910
0.3954600691795349 0.8440393209457397
0.6640577316284180 0.2333967387676239
0.7669470906257629 0.0468312352895737
0.5988723039627075 0.5513408780097961
0.6774361729621887 0.1909162104129791
0.9308583140373230 0.4854947328567505
0.0953117832541466 0.7288579344749451
0.5602194070816040 0.4750831425189972
0.3960360586643219 0.1047990098595619
0.2935127019882202 0.6746965646743774
0.9847961664199829 0.1455161720514297
0.4747630953788757 0.6931800246238708
0.8663000464439392 0.0191770214587450
0.4103716313838959 0.3863262534141541
0.0298764817416668 0.1430665105581284
0.1993540674448013 0.7681921720504761
0.6693692803382874 0.8659199476242065
0.4265924692153931 0.6630436182022095
0.5694943666458130 0.5116069316864014
0.5540270805358887 0.6832922101020813
0.1937713921070099 0.2005290240049362
0.5671932697296143 0.3547596037387848
0.3527856469154358 0.2318283617496490
0.8006544113159180 0.9277685284614563
0.6131320595741272 0.1086048185825348
0.9002956748008728 0.3771026730537415
0.5288136005401611 0.6529667973518372
0.4179628491401672 0.1224131807684898
0.9992901086807251 0.8694666028022766
0.1703843176364899 0.2368789166212082
0.6993662118911743 0.5904579162597656
