0.0266274066697703 0.0209424784576708
0.0466096257226019 0.0288244253296076
0.0701995449264575 0.0047060362073966
0.0971197878246434 0.0273212689931282
0.1425592865600696 0.0120022277379394
0.1853464586467584 0.0014189234374344
0.2028323398201925 0.0032126607681023
0.2215530747491034 0.0032621344605022
0.2809570360994751 0.0250211001234454
0.3069011920081861 0.0198944334078314
0.3196448424742353 0.0170065867032498
0.3620984111146830 0.0103480086764569
0.3928471961693229 0.0173882800881723
0.4291698443057569 0.0174889936067594
0.4669555883934617 0.0075977596230355
0.4811057239227486 0.0165492661335563
0.5215120847818293 0.0210003886548599
0.5592643573465430 0.0238522587081467
0.5925816506532994 0.0271124791501549
0.6078488076608399 0.0134144131851708
0.6300894141433434 0.0070807189847150
0.6807244801891427 0.0220390808722355
0.7076641634311827 0.0018134569300956
0.7450367690566527 0.0272929723659291
0.7811590685098898 0.0250394112247952
0.8035224153857076 0.0183747684873528
0.8348114139630783 0.0029838859106732
0.8571306377673826 0.0035184753011141
0.8920485077334178 0.0251492420524516
0.9139895511908177 0.0102945153847318
0.9574851674087377 0.0120961379192240
0.9876919808656700 0.0161965626803640
0.0241795802493904 0.0458176217319477
0.0618443004736749 0.0540085177995601
0.0934510814228368 0.0391411651330072
0.1066024311505675 0.0403406686197429
0.1413784147692295 0.0565763509721178
0.1703403240578431 0.0572255564474922
0.2101313074754571 0.0534068677979743
0.2424427054405316 0.0356195784454959
0.2556029814110935 0.0382946557470197
0.2820289553892515 0.0496708847126583
0.3287052144316401 0.0612654591514539
0.3508637317759534 0.0318397753874987
0.3866514878454293 0.0427368996854283
0.4188099940474871 0.0369322561560555
0.4667980058147374 0.0429985792571677
0.4777350786188053 0.0427534190394293
0.5187813669098500 0.0372976255839385
0.5334765123089926 0.0495974971174015
0.5724107485328772 0.0493513372527958
0.5971059448890494 0.0333797909202478
0.6454565051185881 0.0461896114418255
0.6824162036172104 0.0566480343711792
0.6898249368219213 0.0514776885044233
0.7217916589600677 0.0435397511776032
0.7592113882656942 0.0560499517719692
0.8050241052768310 0.0539333380122852
0.8158372802949179 0.0384066950235242
0.8710690204681483 0.0354043602010479
0.8761126523463563 0.0509197515621364
0.9197053688852141 0.0442466280107748
0.9561211112256452 0.0595264057628899
0.9990333189630040 0.0602316419899898
0.0097067509390449 0.0882182394972586
0.0620696169901882 0.0897550499721901
0.0702507831832610 0.0694343953445068
0.1020496990043594 0.0792647148187814
0.1449664499529816 0.0826965042003614
0.1629669285067033 0.0641998116778833
0.2031189824166848 0.0786219346475223
0.2227245281949219 0.0678789765049587
0.2679859618005588 0.0776963579128943
0.2834950426938335 0.0749083447038607
0.3147892188427887 0.0823083363777912
0.3458605419592732 0.0727731482440501
0.3929269777561126 0.0840684280592821
0.4339024136963059 0.0684579578748331
0.4558172249818820 0.0745284618467805
0.4892655984193285 0.0665263748187789
0.5221758978813430 0.0681340312327634
0.5393202963187338 0.0723639119569363
0.5685444137718638 0.0925562288133693
0.6212590090258198 0.0703202245432668
0.6534125174189673 0.0752825518814686
0.6595440326019111 0.0912053854031524
0.7114453703067366 0.0760717206318887
0.7416433356616035 0.0718007901369554
0.7648489656550472 0.0632145747466908
0.7904485959904589 0.0772646476911716
0.8161231201927079 0.0660553447175875
0.8696909947168628 0.0718189374012273
0.9040126422792100 0.0744415212552157
0.9099951874314351 0.0715545540695594
0.9442573476100684 0.0812126976757651
0.9761703193409870 0.0844941825873823
0.0023765851026157 0.1139091482273763
0.0358026539064747 0.1099187728503797
0.0837088770645997 0.0987760665052344
0.1247996378717662 0.1136793224673242
0.1426936075216418 0.0963070566712676
0.1741745663768336 0.1165512223621557
0.2058296949351121 0.1166346867030178
0.2452916693891920 0.1186061418925858
0.2660679876725898 0.1160759869418339
0.2911061724241163 0.1229395836391985
0.3376543760338458 0.1039336682267254
0.3658384621923251 0.1017329126655010
0.3844695054596521 0.1200883811917750
0.4364158848947892 0.1191073570070511
0.4667327636379338 0.1227855254500837
0.4811293188802116 0.1128895472770069
0.5166398854165409 0.0962456055127155
0.5377945157598819 0.1169814758163677
0.5809822942409800 0.1037476561604476
0.6143444024915515 0.1171845359586489
0.6561191702438913 0.1169659803944292
0.6853312130667758 0.1118387555425002
0.7143188940120786 0.1098833657527466
0.7416418117088542 0.1236636764965046
0.7612824990279322 0.0982516292313452
0.7814913306929150 0.1078147607875448
0.8343765466563349 0.1025610728727192
0.8489486200637418 0.1114087629837783
0.8984393059690213 0.1197516550752086
0.9148826625135378 0.1066240605249026
0.9633799334437180 0.1126173100352611
0.9937081765084673 0.1036352062319347
0.0193016975804214 0.1406021719340423
0.0525995062614789 0.1422693582108382
0.0743605226617087 0.1427796983176264
0.1123245203233503 0.1298310136656021
0.1418382497583121 0.1508118250915556
0.1815839377994438 0.1362687885424437
0.1894358322767429 0.1274378919555190
0.2232221528667184 0.1521412797596657
0.2533287161175585 0.1312686485848682
0.2832122825230373 0.1501022447456983
0.3263606434652025 0.1271565032615747
0.3612740001571477 0.1400301965460217
0.4054745837893561 0.1504091206863141
0.4332479150712870 0.1288377054009869
0.4527808514891323 0.1293147132048763
0.4886705824486118 0.1321228394801648
0.5254484790396285 0.1419760965823873
0.5446153405524394 0.1264100105752760
0.5773112558546960 0.1413280388896527
0.6092358858352793 0.1477252501191808
0.6540280275521799 0.1358161968791634
0.6770163194456590 0.1530662691452438
0.7104075832234436 0.1315511605571455
0.7302713639298002 0.1483697406023881
0.7683234922109382 0.1419377381814429
0.7845761778231219 0.1410077730156022
0.8259748256483929 0.1366545867864336
0.8733726306238160 0.1442135645942797
0.8884483506154789 0.1448091230188776
0.9291895739716720 0.1254069878252757
0.9618788790360163 0.1472987618858229
0.9762616197459053 0.1290586217695640
0.0003913222871429 0.1607108692459319
0.0617360047392173 0.1825972427962849
0.0852686723199117 0.1840296177762062
0.1138841316885608 0.1850333037954386
0.1524449869824116 0.1595073841637382
0.1673004236870987 0.1786700901133459
0.1962893768183940 0.1693806441625970
0.2274272027582963 0.1802883481397629
0.2755028391524115 0.1633170273844445
0.2901186617002318 0.1781299227935310
0.3332463351280725 0.1773525437504259
0.3739163861737460 0.1766594868805094
0.3781402656217964 0.1594592393777605
0.4281829535910603 0.1859216352099335
0.4656111739418745 0.1807658778958486
0.4830680889695059 0.1764124734840728
0.5305850191069319 0.1787655375259045
0.5462013224449549 0.1745448645736528
0.5651931384818399 0.1707221628813458
0.6057820462381485 0.1855886155102127
0.6476181198545832 0.1582840345434029
0.6687037855427920 0.1745792917609549
0.7149428791912981 0.1740135791057131
0.7494344217658340 0.1676937133711651
0.7709457213437622 0.1668697545177857
0.7971856032594268 0.1828591130366375
0.8286751588961511 0.1702828802748245
0.8688766723142641 0.1830663643078088
0.8808488854282666 0.1763195104122485
0.9083716036242827 0.1773300740185542
0.9669507123489119 0.1757743688539700
0.9930023692645404 0.1658716254733213
0.0165406208519227 0.2043017504543796
0.0432772474702052 0.1893340965417109
0.0696569777745083 0.1876970260845075
0.1069410991044359 0.1957542408330887
0.1284070523543295 0.1946969597991847
0.1712380146049112 0.1884587328965628
0.2045543147141441 0.1998818728327909
0.2212648037487220 0.2098071809528366
0.2727101919673892 0.2004320724370331
0.3085045985269712 0.2057140267522418
0.3129460942095763 0.2171997549554446
0.3683334530687172 0.2083229857716860
0.4030884464686670 0.1913388405759183
0.4089051429824782 0.1885978876048049
0.4492449055309723 0.1982303637092011
0.4868377843976587 0.2115100280671213
0.5125699408638524 0.2087194995904837
0.5378653294729013 0.2162263601798763
0.5678855180185285 0.2107682304975695
0.6217012479799129 0.1897075414576176
0.6494015212002698 0.2167618370683083
0.6846662065248231 0.1951165227344855
0.7075022853275840 0.2128717725432179
0.7236393865345697 0.2142200195504676
0.7580931504469737 0.2070347949612350
0.8038705322823366 0.2104184140153934
0.8261299553073186 0.1969924734581161
0.8639317196422571 0.1913467918481732
0.8750918395291163 0.1983091356194043
0.9129745331755725 0.1912359367741545
0.9387186857099279 0.1943640818426156
0.9783604979563624 0.2027999317343128
0.0185360533301413 0.2406536062888718
0.0514487689843434 0.2439944493687912
0.0758299849107950 0.2281340653293460
0.0954160349312205 0.2458596328225565
0.1525531982050666 0.2482567760451220
0.1823588052604196 0.2415760558094697
0.1920966790588788 0.2277362961547515
0.2495486271230997 0.2461495350497892
0.2511056884182298 0.2200562745679610
0.2914081780903219 0.2408789941040136
0.3236589799990832 0.2348448784058174
0.3712989441110753 0.2332653661606994
0.3877718661952849 0.2370690844937534
0.4114160674046741 0.2476518306083201
0.4432830636320706 0.2330693518646829
0.4710747164853585 0.2444107502898598
0.5108362914780137 0.2360473542885809
0.5622894270977549 0.2285589279471730
0.5819710478906117 0.2295909182591531
0.6061982278797864 0.2347733843275144
0.6381206805304718 0.2229968686964329
0.6748534170129968 0.2425797902342270
0.7132305966699165 0.2424495086320120
0.7276064677093360 0.2237684059331310
0.7775572931968820 0.2206777704085755
0.7867826233374206 0.2398930445904315
0.8430850746119664 0.2226726437155831
0.8558096051303213 0.2257498840891682
0.8796562720236475 0.2420879942067261
0.9084760441666389 0.2417773321837218
0.9435807075051158 0.2295350983449170
0.9770655324946370 0.2351304168218959
0.0129228420768295 0.2623308721406215
0.0477500931461607 0.2630163729488288
0.0858081874256889 0.2700192830628863
0.1006538033057858 0.2578969544524301
0.1438868083479674 0.2622109027386949
0.1632336727768830 0.2749078416652506
0.2057427479473113 0.2743558664915426
0.2425912136109503 0.2795248449982275
0.2640706487945509 0.2532058035111114
0.2818398900185264 0.2681117193906874
0.3223864607431709 0.2627552621948184
0.3561222145729122 0.2795085539924533
0.3859142148711303 0.2719751338197669
0.4077056113466244 0.2696765891163498
0.4616350540506696 0.2681095361415904
0.4755783473105057 0.2769336213620839
0.5267252245332084 0.2551501324163821
0.5556013096641141 0.2503794041386009
0.5908232083643973 0.2670781961221236
0.6206742409333198 0.2685010512192481
0.6320110154087871 0.2670961928816852
0.6658360763180293 0.2556386484322521
0.6951502456108835 0.2720707584675419
0.7387003894065495 0.2701229928390124
0.7760044876014117 0.2807952636002853
0.7973568940810166 0.2550579973365746
0.8350491952589033 0.2597662222171163
0.8494744979918912 0.2787970359599018
0.8850569113311071 0.2593317759033221
0.9331108640487392 0.2802145572142535
0.9512196595045543 0.2513458422664804
0.9699117630074513 0.2606901639201880
0.0291426081652884 0.3008995143400929
0.0386587452745442 0.3039091524287918
0.0896306644993630 0.3007197807121758
0.1183291630197706 0.2918465341658191
0.1411158200504840 0.2929786903763197
0.1678251338482006 0.2956702243589606
0.2127146423241294 0.2924045977785740
0.2388538652429054 0.2904813044260541
0.2655650633227714 0.2897367556987804
0.3008277838412614 0.2903651246739231
0.3181475945263157 0.3111311768184755
0.3538326656804338 0.2863681955539474
0.3892269214754911 0.2930721647225729
0.4218582067494732 0.2837960069357811
0.4481200040869542 0.2865589570868487
0.4831057993148206 0.2951111374429276
0.5011117099060015 0.3107629908962041
0.5596225267562830 0.3072132404197424
0.5806906466782570 0.2871004723093873
0.6178913082446250 0.3090749185249536
0.6462137705700719 0.3103086685654314
0.6825490187115043 0.3010361073570155
0.6963109172088611 0.2818956483712347
0.7310931834547960 0.2962177802797378
0.7649120671066539 0.3122799861334519
0.7852680401858012 0.2835255075392699
0.8184296343061099 0.3051122021572360
0.8703350546361978 0.3082667149175407
0.8835271943490748 0.3111002598277136
0.9157950797119226 0.2949283716620045
0.9602957046759617 0.3122202442080801
0.9915155229093022 0.2996526211791864
0.0163903507990468 0.3327532013335628
0.0582375671314542 0.3325506706741236
0.0801892288382093 0.3289008073081514
0.1173708966465826 0.3168711162965749
0.1293350536592475 0.3168700824505536
0.1801105177941574 0.3262137931543240
0.2018518539315211 0.3322521147531218
0.2319402890609376 0.3436066362092582
0.2601713346568834 0.3193071310531619
0.3116209703384481 0.3220253986280642
0.3370491393419512 0.3209126367459421
0.3721484910053235 0.3297416721826918
0.3847317639501618 0.3409301231892627
0.4249669915119423 0.3151361994669066
0.4495952795868776 0.3305284869575789
0.4920041946874303 0.3275504241608280
0.5124211377537420 0.3363333800796682
0.5600890334940789 0.3419369236476758
0.5653742163904469 0.3349464992051711
0.6202258195537678 0.3385669591625262
0.6561360911358276 0.3221371894250274
0.6668919256856251 0.3226238366643769
0.7044483240454497 0.3387149498672691
0.7466311713190177 0.3364439597069113
0.7551032637148321 0.3148827106913957
0.7835695743907254 0.3289214989214034
0.8217253782081443 0.3184222042864225
0.8577166196870017 0.3288836284465553
0.8969375615231161 0.3134280513142438
0.9169340676604003 0.3251347905469025
0.9460631883165548 0.3294062522074850
0.9891374067903750 0.3372349946476020
0.0214002572226640 0.3582955274988839
0.0321496796307632 0.3747938201407817
0.0735499411420995 0.3713748628007900
0.1132524258609511 0.3624494396009923
0.1374351824267228 0.3453959692558075
0.1818489260501873 0.3485643225244008
0.1903769574454951 0.3700060633665105
0.2381014241276821 0.3733980079772364
0.2677544690720094 0.3744859108402288
0.2969082458662908 0.3442668472198290
0.3351492453290429 0.3609297460489878
0.3528371024127819 0.3645889863790595
0.3949715894967041 0.3527678061672281
0.4133898952864867 0.3656680002204450
0.4443893473896189 0.3629929244015578
0.4763128320919764 0.3576131111675438
0.5056564310704877 0.3565537090607510
0.5608539373480556 0.3575782174935405
0.5692125884504858 0.3555973984795958
0.6060509984210507 0.3530995810699907
0.6489881914501718 0.3605191794957677
0.6619040748610261 0.3711292124963881
0.7079593210533160 0.3509243218430609
0.7209843975500069 0.3594155302876060
0.7586869057881417 0.3664916542141043
0.7929274104407752 0.3703945276643415
0.8199156573468016 0.3547725303542579
0.8630535917113862 0.3564717976271068
0.8823252785273565 0.3656228941248718
0.9068385166678724 0.3607176455780827
0.9486223626097751 0.3593957888679891
0.9899898570707898 0.3556764273260142
0.0034326621898867 0.3764971975181397
0.0365245812190687 0.3894001613990022
0.0896489315161062 0.3836946728665093
0.1025338970306087 0.3796683976750535
0.1344545939740168 0.4010585441530298
0.1708207287627369 0.3924171227774926
0.1941702602452930 0.3988811125124279
0.2439798528144885 0.3835332190433410
0.2789170246476763 0.3836077379863233
0.3038247332087071 0.3774987294014634
0.3382946766969164 0.3765523764200121
0.3647034523782025 0.4057175459189556
0.3851753254567910 0.3787846233604612
0.4307656962717821 0.4030644573514479
0.4654370432015884 0.3949310565375708
0.4907427121195937 0.3764977479434177
0.5182002465238185 0.3869127292822649
0.5620066668809591 0.3802293890889916
0.5707690637114902 0.3981903685816114
0.5995585140810168 0.4001141948992336
0.6378679262347716 0.3792751046969002
0.6740467794723912 0.3848069314387226
0.7143414967836577 0.3920349182954603
0.7429741833000802 0.3754551835343175
0.7522000224305502 0.3852696982080942
0.7835849335121656 0.3949280490163572
0.8403165123594434 0.3960635283578197
0.8455473089048847 0.3950916459890529
0.9057570666807981 0.3967252702993971
0.9150811726767764 0.3855320216496808
0.9623349384349252 0.3846836082597292
0.9953923994180686 0.3782211569110553
0.0044523819437522 0.4176692539282721
0.0428532900136506 0.4326425605651791
0.0748752179113903 0.4201982047359934
0.0997448625251550 0.4283663735798930
0.1435904599881452 0.4332617008588180
0.1584430435719074 0.4354506479710207
0.1919570578212876 0.4269551211345974
0.2468497981675266 0.4100668735867795
0.2786251531984806 0.4099505612089092
0.2835212079225323 0.4357566584886363
0.3293725247285455 0.4119638358551735
0.3546162445280926 0.4154912116737758
0.3975671436029704 0.4254119811850934
0.4232157881695493 0.4273397724811278
0.4585107772653710 0.4348917943622796
0.4687801431033424 0.4151125900643616
0.5060517088703346 0.4231096587240126
0.5315991838142209 0.4109460797832353
0.5866406289919721 0.4128192321437639
0.6113455726460127 0.4325138194625535
0.6375383306174472 0.4199382669807816
0.6811252506713603 0.4169009301737228
0.7005242440267269 0.4292771261523366
0.7489007211504427 0.4064457248113737
0.7764796737832240 0.4239524486193265
0.8042408541669037 0.4156325299510253
0.8242658146569259 0.4364287852842763
0.8443206251807668 0.4265338560311814
0.8851834915168330 0.4156857833421382
0.9072548189898700 0.4219536416456572
0.9685397132483941 0.4090104823554353
0.9776526720962170 0.4299583140486584
0.0139631576998193 0.4410222489965658
0.0319931792626812 0.4382931790657870
0.0626163446031844 0.4641824033493628
0.0979397940741059 0.4590141684672885
0.1392845567295208 0.4420717217615479
0.1796193071238197 0.4417836439183516
0.2134494740016913 0.4450907666916828
0.2226287575013596 0.4556312268928290
0.2700571877150386 0.4426167922738561
0.3038138539638950 0.4643646122578993
0.3150795378845730 0.4385712686694428
0.3676270954502436 0.4614390044326457
0.3826097340218196 0.4460106023081503
0.4284368553613461 0.4647312468214680
0.4601878251768666 0.4615812247652143
0.4972856269456458 0.4447599006665138
0.5090929688006076 0.4616444278974824
0.5411317493244090 0.4580379577330472
0.5663108497773452 0.4668025603342323
0.6233928958427474 0.4443595060240634
0.6474780736285474 0.4519369639836601
0.6624143571464098 0.4396461951505272
0.6892714497443257 0.4408535915482252
0.7224983653032129 0.4473413446963394
0.7592888366598242 0.4632895381487436
0.8013186174878126 0.4453796984860646
0.8184392947531571 0.4499005419384183
0.8686761365751828 0.4396107390524694
0.8794772505731514 0.4596916208245685
0.9122720660968511 0.4660197805124194
0.9433691721044859 0.4582308695130251
0.9704258762542747 0.4534643743678587
0.0258952243292495 0.4902686541950976
0.0348347149083305 0.4963485320840205
0.0646374539801091 0.4888397065732065
0.0962298865400111 0.4892543704839708
0.1462182485238598 0.4827970234630627
0.1858470368190593 0.4986041252928811
0.2054647123977919 0.4953680495583832
0.2244606480711585 0.4982040345502118
0.2501713463125282 0.4751233027468850
0.3054479998992775 0.4976884226958262
0.3357996902858644 0.4923432723473560
0.3726923419081095 0.4963660514960458
0.3954442680417548 0.4787502103763488
0.4242423249411055 0.4900816676234371
0.4532068834219800 0.4762566501673414
0.4737841336200615 0.4762131453850451
0.5305012485281242 0.4904838586618557
0.5509162918391194 0.4899851164853036
0.5770573011339418 0.4919078987187498
0.6238815838575427 0.4869150597538041
0.6437355480077180 0.4719738574870188
0.6676720562643478 0.4966682077741491
0.7179927956781170 0.4807280905674543
0.7355847553679289 0.4724658733612869
0.7669518793588621 0.4792374902458403
0.7871457289838825 0.4819302792211263
0.8136835726150911 0.4775993799027524
0.8546015862807620 0.4823735923202364
0.9037183000954931 0.4980116366866519
0.9080695132066990 0.4689786332526112
0.9529198906718899 0.4703778693052640
0.9760461786528212 0.4848240741872122
0.0134888350729228 0.5230497503662835
0.0357926846682744 0.5171840537437435
0.0701445262763686 0.5010373637453940
0.0943248915160197 0.5218355246633746
0.1321352242754457 0.5173323872581334
0.1781979836233055 0.5046751644424261
0.2014808925728778 0.5084728575643309
0.2404416392744915 0.5309544262310747
0.2612232344663754 0.5133920559477625
0.2975927859847395 0.5170967371108269
0.3144819123872374 0.5165028907004721
0.3501921776881258 0.5130193082670342
0.3871046970539860 0.5110323177656526
0.4104824611448669 0.5275247660506148
0.4519789769423068 0.5243185898237439
0.4778226509773139 0.5278957372063985
0.5133411635019132 0.5291264340861348
0.5439722603762305 0.5307275779974405
0.5802257133702416 0.5167646118008454
0.6093521370152890 0.5219732509599632
0.6393648973452594 0.5108017784067517
0.6621142345659045 0.5152641828239494
0.7171956175848153 0.5252261909819379
0.7369340455216042 0.5020522189372197
0.7519833962077148 0.5236882596859302
0.7929295422198688 0.5011330361367415
0.8138543702214655 0.5047454565753602
0.8537740755570548 0.5244906834078498
0.8864410151046197 0.5227407291332542
0.9228577498344934 0.5092178208476905
0.9605514751918809 0.5086922642272954
0.9764391791271290 0.5042878846122554
0.0305495003798720 0.5389445733732732
0.0381515197525237 0.5436488438804308
0.0816290567927083 0.5577658147659470
0.1160131215096273 0.5494632374601447
0.1280284429353024 0.5456629855888455
0.1816640129756309 0.5593462391245380
0.1932417494892852 0.5371816416752928
0.2445380546331571 0.5537843528352713
0.2808297636277126 0.5392192742304237
0.3022179254526343 0.5407119570102984
0.3328437536484191 0.5331465297898115
0.3588074502501712 0.5352618227742327
0.3885002370204174 0.5507788823851196
0.4327361330485955 0.5336925422872124
0.4443888848583498 0.5523520337298953
0.4775554143411871 0.5572845141803145
0.5043016889035663 0.5506112886597292
0.5432485387395427 0.5571133313231926
0.5709209395467744 0.5448561851632305
0.5993472346470019 0.5404644024133421
0.6511964892136580 0.5613653912467477
0.6721801970728535 0.5489297446726087
0.7130721205454688 0.5325904985687496
0.7237149156581660 0.5365131373022607
0.7785918138050648 0.5499773982751383
0.8030801609766655 0.5546789508234823
0.8400643370463308 0.5479921126484825
0.8618642870934643 0.5321671202599043
0.8947480593906108 0.5480887143859209
0.9199087579119583 0.5582724835540105
0.9503941058073254 0.5486724686648163
0.9952596935854561 0.5548328220434900
0.0060465627575839 0.5911573486800146
0.0412051909811471 0.5880620259725106
0.0638045626267381 0.5726672911068594
0.1200668983996896 0.5683262416144943
0.1417274286643204 0.5864538338408052
0.1605470488199439 0.5743498213663394
0.2100321783164787 0.5719562043811768
0.2325579492167458 0.5665675651324160
0.2599170795392547 0.5630243645639172
0.3080020405628468 0.5936164341677036
0.3133872014304027 0.5680657927702008
0.3663460670469980 0.5926316421408934
0.3911839174219554 0.5834290477666068
0.4213298611007477 0.5876370111646265
0.4564058935854537 0.5841715262151225
0.4926159013278302 0.5659853696067256
0.5196515892175986 0.5777361181155486
0.5321766538231451 0.5903302238098593
0.5887526885430346 0.5792579975869171
0.6040388411077000 0.5931544699155021
0.6455074164975422 0.5709517949800820
0.6583607277549427 0.5672555038052802
0.6950911902737488 0.5641963492263938
0.7382208190925229 0.5768061969742821
0.7729133901393556 0.5899849918048881
0.7930251665487663 0.5923073201200281
0.8349401536591367 0.5733244618275627
0.8522242650629628 0.5703742827992486
0.8947845836866674 0.5748143031053100
0.9235319490653591 0.5927237713161291
0.9410020536170114 0.5647706729518189
0.9740564909708244 0.5729612513651888
0.0088156722815299 0.6154755476283742
0.0484183090719483 0.6130104721474585
0.0872115799699174 0.6136137590983334
0.1067864976061862 0.5950331827807095
0.1262993406242486 0.6166187011858612
0.1816186401764996 0.6042080418903890
0.2168147336785662 0.6183367635375101
0.2341883015572309 0.6067392511391085
0.2730196773427520 0.6113435851455106
0.2947044081908056 0.5937516487051143
0.3239925215263312 0.6050674143227335
0.3458538068560457 0.6173027407360859
0.3896116686725228 0.5977732754925069
0.4079903323867021 0.6245899442848610
0.4395006635379161 0.6027913994436577
0.4750694343729090 0.6066174140150183
0.5299359400058685 0.6246447883898644
0.5515783150472253 0.5995119377933364
0.5932267774286683 0.5961865522829207
0.6247736786465780 0.6123891947720467
0.6335253203347182 0.6111963181232509
0.6872154758817111 0.6085394325085917
0.7077139231267889 0.6015088584780983
0.7453458214327258 0.6189877698421280
0.7600213855128155 0.6078765860826889
0.8104577958657995 0.6045471625573950
0.8223114478118490 0.6145170814188337
0.8458764293865179 0.6022831711429482
0.8854841077061326 0.6048079266931000
0.9173715448444386 0.6072258702944655
0.9470140785144485 0.6126740614761167
0.9847444453249330 0.5993374025324497
0.0207026829830013 0.6342073703416379
0.0541936743194041 0.6497361979796278
0.0822326691049408 0.6388846506696509
0.1228159374483296 0.6391751050090977
0.1270425868854669 0.6300649736603273
0.1666582573320915 0.6542523334027868
0.2118537627689678 0.6276061952451002
0.2278266527608671 0.6251645481299116
0.2748615668286690 0.6264884085779591
0.2965394019873088 0.6520238562890887
0.3365321360479884 0.6268051818261117
0.3473735685210924 0.6499546728273098
0.4042858899687143 0.6536570876279424
0.4144989575250879 0.6316387759253276
0.4485201140698160 0.6314887324666387
0.4727921144946569 0.6500007734275689
0.5026363209725569 0.6363667677564157
0.5549064399105738 0.6397161982876215
0.5894432903684815 0.6558186877208648
0.6198850190019036 0.6454711195469496
0.6458969850492388 0.6412225501041676
0.6710660718504737 0.6487723231744713
0.7138330425968586 0.6491853338668925
0.7451268833292450 0.6414852623700776
0.7614529181786119 0.6338607934076969
0.8037754467600334 0.6387760650733486
0.8406778953387626 0.6299009302787056
0.8610914782627768 0.6313319710880828
0.8968012625917215 0.6361352947412214
0.9339911996872777 0.6460689252940004
0.9475433222947415 0.6271724652083500
0.9989312904511251 0.6531054265998504
0.0105677321999677 0.6684263510597861
0.0535746498423075 0.6759203735411149
0.0648984188187272 0.6842053749926560
0.1114978204189565 0.6805017335167108
0.1385463742143433 0.6842283853567863
0.1578842835123768 0.6730310310451857
0.2169423270402169 0.6614900292647679
0.2283895900222032 0.6767142112707931
0.2615837639711848 0.6581682013272102
0.2979352768168808 0.6853703122373771
0.3292508193473915 0.6571238121431962
0.3489897062017733 0.6835445014153112
0.3874797164078950 0.6629868961804412
0.4263693990342111 0.6565523264223917
0.4670078571194256 0.6777631839051191
0.4798239848897813 0.6751864587816535
0.5269936934224961 0.6563517861687297
0.5353996847125415 0.6639611277312061
0.5920214251524548 0.6652355960537500
0.6239138029435447 0.6801613266084697
0.6543106368114269 0.6852790440873683
0.6602024613249480 0.6632138910641424
0.7001141387942559 0.6590753049074172
0.7426041049793058 0.6643861420884830
0.7536854195877081 0.6738922613634091
0.8060408355303912 0.6770685750942659
0.8199139592404485 0.6717848348649323
0.8666812025214782 0.6563889914596556
0.8766572260211275 0.6579439728943064
0.9316004487858607 0.6843308436876850
0.9434099573279416 0.6660753055331127
0.9689739121419499 0.6683371909279334
0.0073516145854204 0.7099766932817633
0.0362277300726357 0.7042276054503976
0.0754518562448164 0.7096135884983323
0.1161073080676197 0.6959151291108733
0.1514613383945143 0.7106618408258442
0.1711196581268776 0.7043098118866912
0.2154920495667529 0.7157546259691095
0.2411497457844462 0.7128182389973856
0.2794810670223988 0.6900689546347814
0.2981061256847655 0.6976671967829000
0.3307136729432341 0.6912491753748203
0.3622134635264375 0.7146128967588256
0.3753065773144009 0.7182764068892546
0.4122837460474361 0.7033988145871073
0.4431437268966807 0.7123986254807368
0.4825692540882629 0.6991814297433553
0.5296914875730880 0.7083842939757959
0.5429903276847450 0.6905567791397497
0.5934291094767153 0.7098987115944451
0.6122796519331326 0.6884632575968979
0.6462202462837395 0.7089552759875969
0.6732544648774319 0.7013796681413119
0.7164760910247581 0.7160585865300884
0.7374860886175086 0.6918299529379566
0.7693029722589708 0.7137982750748270
0.7852568197818623 0.7103582127400065
0.8153346735700659 0.6900898190454859
0.8509718135212161 0.7185869906120145
0.8831507828942602 0.7148334452143595
0.9312074034370436 0.6969408699535303
0.9658089524018182 0.7112000828190191
0.9997633290818633 0.6969191473456540
0.0178551308895689 0.7346963551396943
0.0351511302432997 0.7188248921712226
0.0855619836828275 0.7491444654647724
0.1173713581604242 0.7255645676981930
0.1264562079649114 0.7494732753921871
0.1737589609705263 0.7452930834083153
0.1980051788424322 0.7393531832597935
0.2409467887525152 0.7311874689524296
0.2723328948873517 0.7468451961397106
0.3121097764253591 0.7234158093752893
0.3317659060217022 0.7481198714923050
0.3519640038620643 0.7424095968763418
0.3844791979720278 0.7454803100388344
0.4299358357624682 0.7417217925696268
0.4544295483517635 0.7388087827710379
0.4941109724067966 0.7383433449606358
0.5140833380414842 0.7498214426607033
0.5403161453888400 0.7441676183092115
0.5682794442845990 0.7322690603394801
0.6248443603479650 0.7479954494711440
0.6358517161348002 0.7402279137518892
0.6662430633565595 0.7420771708213874
0.6900826922889408 0.7340026546178546
0.7497716789125719 0.7427800686919801
0.7743771527090202 0.7280205200304840
0.7817977704693805 0.7219404590481566
0.8318007241775882 0.7319131420571472
0.8520409035672651 0.7251494118177443
0.9008346258671222 0.7224980848825533
0.9312580501555416 0.7402092735986870
0.9635200173288814 0.7385216446081928
0.9694869497987675 0.7332374581910983
0.0154118052141267 0.7640236790235841
0.0358672453534098 0.7659547452958446
0.0854143085989824 0.7693721633081826
0.1138457076955168 0.7725136820014219
0.1281273528243754 0.7704930785947621
0.1623017631524734 0.7766130098844009
0.2042235370334450 0.7752287769767424
0.2193643271091548 0.7574840101249246
0.2544874319332422 0.7539746821673224
0.2868840491326443 0.7564436859436530
0.3235951866593732 0.7518405987497994
0.3527778643343680 0.7532450246904764
0.3964525261441036 0.7752949397743399
0.4348042235406826 0.7552869832112771
0.4468484124151519 0.7661481937312549
0.4957414901442285 0.7589104400397263
0.5086285138383626 0.7572907792884530
0.5429780798948343 0.7549381605144005
0.5830809633683942 0.7583782254639384
0.5945945351263093 0.7808537242565017
0.6487847278232775 0.7589019973891168
0.6679099667100503 0.7763337163095695
0.7060429381012105 0.7550967819501921
0.7248877756168947 0.7724790574839646
0.7613755952403123 0.7680267921085092
0.7884743196144132 0.7666530419094334
0.8417251958497147 0.7558322174814583
0.8693564203443652 0.7573397251280793
0.9016461763925147 0.7791406371262976
0.9147263575826939 0.7703093482478564
0.9616030411142130 0.7803305020080250
0.9808721365687298 0.7596464630855362
0.0211313091627462 0.7889091801119108
0.0551522722454095 0.8000442358642280
0.0760654767603552 0.8056231650323761
0.1094999522147827 0.7952942631778702
0.1387796476786671 0.8008715923248187
0.1581271803344195 0.7920110405286236
0.2125239358520476 0.7908984026497493
0.2227340046188291 0.7882314775521779
0.2533588950514317 0.7828987139613726
0.3038235024137965 0.7927777789486425
0.3213357156882730 0.7824435142882458
0.3461705023866571 0.8117057152843561
0.3869918653924675 0.7961119397160497
0.4073652363483502 0.7858886676364593
0.4504643544768269 0.7837975501714365
0.4969999725248136 0.7925950081156515
0.5164771709888301 0.7948990047123839
0.5473318274824353 0.8068420974842410
0.5753342651230466 0.7879890581272818
0.5986441761395591 0.7847783438181977
0.6254656259534846 0.7855586815425577
0.6618334586416517 0.8058741671238426
0.6982166514610754 0.8094803212533963
0.7254958761918688 0.8090642717386247
0.7578150710556422 0.8101485122560537
0.8038539145011877 0.7893216961792294
0.8176096878682240 0.7983369350724168
0.8540619297144345 0.8019815424669223
0.8841503288062348 0.8035511830509452
0.9076699365523407 0.7982549915054115
0.9399137666780121 0.7975590068057207
0.9823740837517445 0.7850619087849963
0.0270432017055659 0.8129719565342458
0.0351374900484334 0.8352689813032413
0.0835383477311244 0.8389354357025118
0.1219197372683733 0.8332868055961279
0.1312346235565293 0.8148944870281014
0.1799291839717440 0.8214770619026085
0.1958727353187327 0.8137843515698746
0.2466453658527488 0.8172231572855441
0.2687743910198808 0.8265057781575664
0.3026981299138387 0.8341145470080196
0.3347020641396916 0.8286287924115522
0.3682183801632880 0.8383188372996703
0.3762574443876658 0.8237132771880250
0.4202740744174011 0.8222233932498142
0.4616639484529018 0.8402471991079683
0.4897909147052557 0.8250024427236899
0.5295441404023714 0.8267952874414084
0.5460528947001541 0.8310667103125421
0.5788206177946007 0.8220048147720942
0.6003343664586139 0.8200597227901499
0.6478491426650856 0.8142850602263154
0.6750528918904929 0.8317204826760368
0.7079139243173738 0.8385823688898757
0.7212622720664502 0.8212092311759394
0.7703717624889733 0.8379102457226516
0.8113489908475767 0.8155710333622576
0.8392786101016579 0.8432442882075269
0.8732405595089024 0.8302516941748731
0.8861838261953378 0.8256658522896876
0.9221555196546329 0.8320793676133749
0.9385683856849307 0.8264785610941660
0.9729169958363330 0.8220608594908554
0.0177578520972868 0.8724903560926666
0.0432502141846358 0.8638159817010064
0.0753818716774971 0.8538727704881389
0.0990704974540061 0.8726975403259525
0.1254179761065861 0.8454242388623000
0.1760913981117252 0.8625469604455687
0.2005959025603662 0.8502751488141740
0.2430645275445382 0.8732851482390552
0.2629064671611642 0.8617158007121313
0.2841993998291018 0.8562596405382691
0.3148435001354971 0.8548856141567712
0.3512772242278788 0.8692019154380570
0.3887159512212753 0.8575649764250890
0.4130976397694270 0.8634237304511325
0.4443624584620393 0.8677023367171411
0.4822199594346961 0.8462955118042215
0.5241075532717488 0.8557697139751316
0.5321312576575755 0.8562986024284823
0.5715789403665387 0.8749307310799512
0.6178375767270793 0.8460491898925152
0.6530063522661343 0.8740967527000472
0.6673908011739970 0.8680506209525040
0.7093258821602088 0.8506325963731508
0.7204038297943525 0.8484760888235382
0.7508135151261268 0.8657240238824796
0.8015126814269306 0.8532350833815653
0.8390440736282463 0.8732878940439338
0.8584042960696532 0.8575527352110370
0.9048476750634008 0.8659923370335143
0.9353099336925591 0.8473415506379646
0.9480944584246209 0.8610647056288491
0.9757826745288856 0.8460159297488535
0.0250635416689227 0.8936555771520082
0.0383164473940831 0.8920850825451554
0.0687844913139068 0.9027102981474137
0.1215791844251605 0.8991858534405217
0.1294674334282751 0.8832938498147760
0.1636846231463316 0.9057363790255297
0.2170278856709884 0.8882971784365766
0.2332734576839722 0.8845073859288357
0.2669674279076653 0.9035570083649821
0.2943401123040277 0.8806130611917385
0.3413358434986771 0.8776339111882063
0.3453154710085780 0.8932367277537594
0.3893528849625802 0.9051557535222098
0.4201117019340577 0.8844131598732423
0.4379757908843986 0.8887115513456222
0.4912351374344027 0.8962231186467400
0.5244798577099187 0.8965531949266561
0.5405698353128368 0.8951690594300006
0.5897916520992023 0.8907832013733371
0.6084220938594430 0.8901959690916039
0.6416531199130545 0.9000954590493644
0.6864289666026707 0.9059283359291750
0.7128315171695361 0.8907846046795440
0.7492116775690472 0.8972829630776866
0.7577023961097946 0.8802269604670353
0.7963987514971750 0.9015396182635796
0.8313749486153111 0.8857657224249839
0.8628604128196218 0.9026570434279072
0.8790800342715177 0.8861391941457080
0.9286999789363548 0.9019910991282902
0.9496181724209087 0.8964218891861544
0.9740390245760867 0.8798504202727202
0.0293227030151527 0.9280051331696874
0.0496100457337323 0.9123493075676462
0.0634843509924835 0.9272937784783523
0.1130480525163952 0.9208539805288902
0.1292729934685282 0.9284684772019238
0.1859469698635345 0.9264662055998008
0.2107509841469889 0.9173609659510654
0.2404586993811669 0.9164708820855013
0.2584523916652928 0.9077783006250036
0.3033188155559396 0.9186993077443415
0.3260780684462230 0.9086317738166796
0.3597710866010539 0.9122223788051042
0.3842111605101670 0.9102942832408334
0.4370310821089078 0.9217860702271430
0.4675195404449750 0.9236301851257788
0.4884002267199067 0.9089888730106063
0.5160985413750780 0.9297745071774166
0.5339214798188755 0.9195291270877096
0.5724053351614199 0.9247006603949557
0.6227166986969294 0.9147414341030270
0.6288497647370855 0.9228946392977238
0.6644604725275410 0.9354907776090841
0.7060342117746724 0.9344568979259642
0.7491604434331910 0.9242283049491352
0.7745411935721410 0.9246324433877766
0.8035728713737195 0.9067746062121017
0.8141471953944139 0.9140204058724974
0.8446071647559531 0.9092205767308165
0.9041760119874603 0.9265747467366868
0.9096735086705019 0.9245102587636240
0.9467610213824500 0.9282548342401534
0.9978382820640794 0.9354316593225225
0.0242778254785225 0.9494138102822305
0.0493082564397973 0.9451260083772864
0.0787649025353114 0.9519593169084262
0.1060202801852757 0.9662283133587566
0.1503322969402532 0.9668057517653277
0.1628440883801065 0.9399543442915538
0.1913501675589151 0.9678749974797978
0.2269784889259766 0.9396178055122807
0.2802333229520514 0.9523842799514991
0.2889233922201415 0.9650305288119981
0.3285759494008301 0.9663849595824295
0.3583396608899719 0.9621613270741495
0.3909948738590877 0.9433104725272529
0.4229577018937230 0.9559999087944974
0.4613094963414356 0.9406541481693664
0.4805953768677338 0.9558253376290983
0.5297158184315288 0.9663160900839102
0.5533883894551853 0.9587858912103462
0.5694893239657284 0.9406412802861006
0.6150870001290146 0.9436962663046213
0.6417215378635848 0.9384769576240495
0.6595724594578345 0.9552663211122743
0.7017234567104615 0.9540667795903610
0.7226816261269308 0.9474482557805026
0.7525989153486840 0.9379971767543999
0.8117013130381655 0.9544020050443152
0.8270660742542884 0.9425104437785913
0.8528316747750777 0.9575576654336957
0.8959417733137717 0.9598772807938807
0.9325285427822194 0.9448331532673629
0.9375083961367768 0.9543277211161891
0.9984666072760860 0.9578566634857290
0.0119934050920514 0.9974785016187127
0.0507631487490756 0.9722338039146941
0.0639560374650751 0.9888066283568688
0.1038415389354976 0.9908284658142626
0.1271820436120719 0.9774496001424918
0.1653616932041812 0.9818146876744778
0.1960106818014612 0.9917000123807610
0.2453946780578073 0.9702384210588215
0.2809051936459272 0.9694136250152724
0.2831958930186255 0.9818904138272808
0.3275446529696712 0.9853114867064174
0.3555484396419187 0.9716628314838045
0.3894101649877419 0.9818651149548369
0.4352247908440017 0.9935358244959782
0.4549741893108611 0.9764583413823900
0.4967494359464352 0.9782531326638977
0.5122852335170544 0.9875894446706028
0.5423920253165497 0.9982393172501858
0.5762175861739648 0.9886961555795457
0.6193454413431255 0.9827975170487858
0.6470196712370833 0.9993328898202779
0.6703120325688449 0.9845607546573405
0.7013984717541606 0.9941649953237860
0.7247377815040389 0.9867020812403990
0.7591223364528424 0.9842936548840322
0.7961010526452661 0.9933042656017901
0.8281018172010431 0.9785999500744391
0.8743838048863865 0.9939965695565579
0.9056658312922616 0.9833154196377818
0.9099224722115686 0.9869915215640931
0.9666494000465354 0.9839371108975705
0.9895456784377226 0.9994227705209238
