0.061249358739296	0.042975856292289
0.078553402072530	0.013782880359512
0.156462431063168	0.037131839193085
0.223089732092477	0.058417795385099
0.256862650234104	0.048247493538248
0.368397219017706	0.040375416802213
0.422123582520784	0.036935396166387
0.471759025684851	0.033847801235120
0.540824212681810	0.017213032468505
0.568547581993287	0.040687971554158
0.666436136404270	0.040410291471148
0.696757129599400	0.006567029080253
0.798769061901553	0.057102941732063
0.847740079604611	0.028350476982503
0.916784777839618	0.029978622805788
0.966356504918974	0.025527556447319
0.053388603538831	0.067114597260280
0.089047932217724	0.106917953958483
0.146352374974837	0.117299062299961
0.205147520832286	0.083832571113327
0.295128047447681	0.116885327775820
0.333201591294073	0.097216383896818
0.397505013306510	0.110504855194712
0.469352098523954	0.062701070259256
0.516580827741786	0.105576015131217
0.603884370628834	0.096994393542291
0.640015611239363	0.108723646040592
0.732718214475950	0.102976889911917
0.787050135791546	0.095802642296372
0.842549516826414	0.074826601982891
0.936675491538871	0.120730051988091
0.938417122786845	0.079003945942736
0.034510172518671	0.177699376171850
0.093369357760732	0.136955637327501
0.170354046956718	0.185496377336210
0.221471564968576	0.151766184345299
0.254140217643962	0.179928777024599
0.321422430310380	0.155994541528284
0.385235127980759	0.156684942667299
0.485543274360952	0.125658132558027
0.528573676688497	0.125362752558515
0.604672442272928	0.187202153858310
0.654649275492912	0.182883094442166
0.721872654969774	0.139939494259874
0.769587158710250	0.175259004577007
0.830100696101459	0.127393455201502
0.918867544936102	0.185064447897618
0.985073613930744	0.131852107065928
0.061091991694083	0.220835021253637
0.096876256961696	0.225502507406171
0.155178382286727	0.198875762830459
0.197206876504865	0.203628871826485
0.266327715002426	0.204890481287704
0.369591782814146	0.219357516856831
0.375837825719113	0.204838724068794
0.460385601987454	0.194571629837638
0.541440245588645	0.226449018658942
0.574058635570472	0.190314690379383
0.660276895848284	0.248610575959578
0.729657499478701	0.242091839869295
0.790863790646164	0.220591633297292
0.821321804907946	0.230389184692267
0.926309533123581	0.230181415764424
0.949402100380255	0.207818377884179
0.026444872498150	0.258115056511158
0.102866365743770	0.308510413392449
0.179110728289609	0.274545557409768
0.227486240424911	0.270698356286902
0.273863474480194	0.306517589966887
0.321890045701733	0.274072240170574
0.395189617343175	0.278473757985275
0.475221640977594	0.302414436793168
0.551113034275736	0.291336871038386
0.617561178076445	0.299949926350370
0.633504251573119	0.275970783585443
0.747328158132692	0.312020845158147
0.783272787907224	0.308147705377347
0.869713488499334	0.310638903290531
0.888056630824706	0.295883501468548
0.993212602798178	0.265941618290600
0.037689320329854	0.373278470389377
0.082283028697079	0.334475295128528
0.159401256700955	0.334125180908392
0.202265567935483	0.333285206540787
0.269886425453561	0.320965355773448
0.344466242757502	0.374258864845442
0.419465421185471	0.350252868179873
0.448263208719032	0.334991463916374
0.507151837928023	0.358872686116112
0.600558817395488	0.367386790223510
0.629143479732248	0.349692995464940
0.695614754122359	0.341030823932036
0.800798327382840	0.326612575201227
0.873056338226436	0.344453719146423
0.933047545447025	0.368255228602969
0.965362023292194	0.336396780103421
0.041952717142285	0.427556375883300
0.091219539731676	0.396881052618120
0.125450509207544	0.384910308889209
0.242035656161498	0.433763184278217
0.252655013188523	0.400865754846219
0.368454680485524	0.433985768889307
0.417303329532687	0.400985478254963
0.447786953506360	0.396265450957293
0.533547336025175	0.424679543325254
0.575482762610885	0.413221376665919
0.686393576411971	0.425024226668762
0.725579709303700	0.414222265471872
0.761168094136209	0.416020155195384
0.860228243731597	0.402137337782685
0.919384040225270	0.432366048901427
0.956994476092396	0.406204503968173
0.044382332063253	0.477999779550708
0.102938541220603	0.450162296142700
0.186413503324476	0.498200010231393
0.192444459027016	0.465295714143500
0.270041430737484	0.460846568841568
0.328407975674120	0.470767298677416
0.417046557481412	0.494774572302651
0.487314966489751	0.491085739513181
0.535096494139893	0.479148035209311
0.614610073503482	0.487703586678301
0.684721392404107	0.470240939416164
0.703716983716869	0.438514312627612
0.777878413332598	0.477321575143100
0.860881381359273	0.459068986344866
0.878317794661461	0.467443385299398
0.959112125744953	0.486941330582938
0.000179215494469	0.559535903768157
0.095575854772021	0.517275347392954
0.135077469577100	0.534314606317625
0.212881268939325	0.554016415740833
0.308562463337686	0.502396905184117
0.343741145297825	0.538868061552376
0.427361923689573	0.518747606420947
0.448707524893388	0.530011946909947
0.539954809379404	0.551632555984923
0.569063651755351	0.501875296308281
0.679598606131528	0.550245666975446
0.733664316004995	0.551750683339604
0.772889788180564	0.529249070393678
0.829128904912302	0.529761384059037
0.893978609271343	0.535489398921605
0.965675478152855	0.543978300479701
0.023248580042447	0.620210990381360
0.115948516975261	0.571824634464417
0.138767305837541	0.601905155717839
0.233656481413906	0.578208791008384
0.254614005026434	0.612640153555581
0.337576369280595	0.601326074998669
0.429971985517180	0.600332424504527
0.497216572067634	0.573049740562693
0.515978072104272	0.605711408158697
0.610052951986448	0.581985711852202
0.644344664605298	0.574563696954181
0.719477452505258	0.565498658645781
0.777715055031054	0.597960646723621
0.828178989268066	0.595299517656164
0.924669478231149	0.614810041629781
0.950339282080028	0.618865473587384
0.026076610206179	0.627538931280151
0.094847434586228	0.629558608984705
0.185588296400520	0.672846795274608
0.199870392086420	0.650208719124251
0.285420832494372	0.672021948175859
0.350011494688809	0.659512592545830
0.397273169879283	0.675669626591999
0.490478311022855	0.647220749049382
0.549968502583208	0.645807240017645
0.604250758575916	0.653792056654648
0.653857527802200	0.648860355539098
0.743301194916317	0.683228612643603
0.761370223964069	0.636366476816793
0.855308175548051	0.669634121291371
0.924523894031770	0.629804216719303
0.956739265592592	0.670112599803860
0.032456587774785	0.710405879819395
0.099096110186446	0.727612259865299
0.126584878540967	0.696224278161238
0.249318780813906	0.711115238160387
0.280074041547504	0.747231923115843
0.317258359836358	0.689103886398162
0.401434250022037	0.746280270089344
0.496032730995452	0.701110921090262
0.513994671524035	0.691196373650151
0.612090222010643	0.741498162735137
0.650561356224483	0.749894334061512
0.695355558900711	0.731534915826408
0.808274756592180	0.717901315619913
0.832678642899887	0.729389612878298
0.909970164030667	0.743862362024109
0.948366904531924	0.730881146354573
0.019902810881008	0.757074126509734
0.099384226044497	0.795573898703576
0.145245731449161	0.757103013109207
0.225143850877100	0.778862493890655
0.273768702920356	0.797299736525118
0.373624979488930	0.769264290055554
0.416876855839946	0.780687132537292
0.487806422400243	0.791376869523986
0.542940212001661	0.759843940456012
0.605613923772614	0.782349044173572
0.665472651506535	0.756472633905702
0.703218523809504	0.753217574908216
0.758911838029491	0.806588860372801
0.812961184492558	0.810322252407279
0.880534388679204	0.781835235386234
0.973894379110167	0.792526955988148
0.010366853008831	0.855442606490208
0.117470345065224	0.874269044579535
0.140402660796047	0.815718402824881
0.194257134558693	0.864295939213898
0.310594589943787	0.856159806363555
0.368023722852935	0.840142699241439
0.384927451292734	0.867284376434350
0.459055509903481	0.812764002999818
0.531119070401443	0.841795132633251
0.576643817086388	0.828093033767793
0.652548397693911	0.822663866815312
0.745551967526682	0.835932778534697
0.782527429714107	0.865773861541709
0.857564055575073	0.864035630319625
0.914318627672461	0.837771395692898
0.981225712351437	0.867161592321275
0.028179223073688	0.895275328589551
0.065802831829247	0.912100413284404
0.177007707895713	0.888543535827436
0.206212881563979	0.891441049523754
0.279273007930436	0.927284395072443
0.344813975061945	0.914553302291211
0.429557433611960	0.917386383642998
0.465714387893261	0.897457438904666
0.530124176096899	0.891180413982640
0.595871753358136	0.888853622647317
0.683919555943324	0.890632977145289
0.723684041041691	0.923650032473647
0.796515390185876	0.878459600019492
0.856024449744966	0.925664086910701
0.920958198544909	0.880529226227205
0.940753850897484	0.889273751370323
0.011576645631943	0.960526476474019
0.065417864928119	0.977473074608709
0.178996049928012	0.982157191897779
0.208915423068431	0.990710879208220
0.303456182502200	0.989013184674320
0.364925464438257	0.962362770928271
0.424760027872925	0.967984852053454
0.494762464716277	0.967929579935835
0.552417279655327	0.983447017115179
0.563174582173972	0.951343454176407
0.667434859492335	0.963693834046995
0.716157788795805	0.957563475637595
0.796294253912357	0.968804738011399
0.814715498374942	0.942044395125016
0.933645486030412	0.947662185879928
0.979176247603999	0.983488451438255
#
0.040765591892010	0.059093389601119
0.099857769944323	0.047484353079340
0.128408011559143	0.061487940183489
0.201317434668033	0.020257267028852
0.302746913277136	0.009922892978048
0.329279929010496	0.000560288754189
0.417036242094365	0.010600934360549
0.494990264282676	0.003819830905721
0.507821049266570	0.050615352939492
0.596029612767401	0.034315610603503
0.633163465712723	0.054917746076225
0.695743048711038	0.033901482173568
0.763591762344258	0.000588475988616
0.840744081018084	0.052363388237977
0.922768400367412	0.001751185235160
0.989009218025955	0.062112696716122
0.009638976788181	0.079125061416795
0.115181682774607	0.088555216795312
0.127877622988978	0.121629696178513
0.202277664506058	0.068918668957525
0.290471579845290	0.063936633582096
0.365290112820289	0.095661391249895
0.376389943703867	0.100806510099398
0.471765175120501	0.110925740952004
0.505105706776983	0.097550815576117
0.617015864974706	0.065064328010209
0.675020023653638	0.080272531752189
0.734433581932549	0.080528784183676
0.770222223033831	0.078602050187439
0.828329770334724	0.094423788927245
0.889286328270516	0.106573526263021
0.981303921503435	0.113555243279798
0.001293077526799	0.167040377021078
0.085484095854448	0.183143231551080
0.136552953833377	0.144525376225828
0.205551792667958	0.175499322399380
0.284221622737060	0.176653615720373
0.353564908853980	0.186128622808291
0.433445292422186	0.156844952704116
0.461646565299981	0.134086411070099
0.542285678816211	0.154026449097210
0.564798179301386	0.155466880903804
0.635822478597011	0.140858833769071
0.695297273488901	0.169814193515297
0.787582032085648	0.184471919942757
0.868941584920730	0.127443279984278
0.883708203504493	0.173082094461560
0.999242591555054	0.150237789703588
0.037138153603798	0.237308980355693
0.065084615752004	0.229302297719825
0.156975681129721	0.211135406038057
0.197243710516427	0.208882183103446
0.256657022489621	0.191856514241513
0.342217781005827	0.212978582616890
0.420640342006376	0.229507989754669
0.457247476389107	0.207035919015653
0.514544383174983	0.189754849140242
0.594290380024302	0.225264278729508
0.629192445981128	0.208183377083783
0.717262058875002	0.242232355461976
0.807066546373434	0.187888041327914
0.856067916243004	0.219053258879355
0.933854385787587	0.213518009716300
0.972392036660433	0.241469459417036
0.037379585186108	0.269196018726611
0.071990066850439	0.290902204690129
0.152135053262961	0.259118005198920
0.212407268705989	0.302496789341093
0.295569413017498	0.262879793709815
0.334977983778803	0.266138178256489
0.418081037040819	0.264177337452228
0.474375767278107	0.303068673527001
0.512501102205715	0.250037397374408
0.584529101591797	0.300841210159902
0.651764153319938	0.255538496219213
0.728370040097127	0.251841528356155
0.759815581683609	0.304308237156786
0.874807370972076	0.277714097034818
0.889240186737557	0.293568285003088
0.944240013662898	0.271565182416017
0.045006182753715	0.352342601889359
0.092398012427706	0.362047920800873
0.127809215716042	0.367115171682582
0.188722335340856	0.368635770033844
0.311203772172728	0.350887429923957
0.336753167857941	0.369459259715387
0.436307856783692	0.372668842697206
0.444709154982634	0.316922155471850
0.541812932899760	0.326581900084061
0.567858114781640	0.324909930178525
0.684990230263209	0.320951392730570
0.696415695509388	0.351417012812783
0.787928061408556	0.319441590736257
0.823601191953314	0.343740930060446
0.929958628357844	0.365899776310171
0.961889125587044	0.322071701843425
0.041791485675911	0.401969061457661
0.083901300536562	0.411831946135343
0.141438559530987	0.409198510948731
0.196071974804176	0.404147228756721
0.304725783991680	0.429176810064627
0.330190950441219	0.391541440844080
0.435374521198770	0.432358042874224
0.444552163376834	0.406657307517984
0.541501254449599	0.432349805762607
0.573843950772156	0.384017970647900
0.643313086246679	0.413810969703205
0.702778494629375	0.380207877141705
0.764841494677784	0.387799867591891
0.830061040895540	0.388416610879571
0.925468817263136	0.406739586666049
0.978327739629505	0.387972014711814
0.006494181043001	0.475295511854416
0.104328065247235	0.484702084515524
0.167364339237652	0.483821008321555
0.201777512152744	0.461182118646377
0.295370449875568	0.451423299953207
0.341757555222548	0.451086349381038
0.419253930576205	0.488815010740961
0.437671976193127	0.476098624576372
0.514312185554139	0.454759358345126
0.601680874615368	0.475547748233785
0.657915241354591	0.496338712385352
0.713617233594674	0.453034133610324
0.777348432376131	0.452149667504046
0.845799742347049	0.484518473702371
0.906271187639509	0.476806237313269
0.961218402260849	0.440505856095815
0.021311496942377	0.517106376912470
0.081892772145661	0.560384314099300
0.170861255693799	0.516044508713192
0.191843141584388	0.520814206790718
0.276055343411526	0.510015622962386
0.339257076243348	0.501698239896027
0.415712949043539	0.522810878877717
0.489482455913555	0.515694452074984
0.508349539219250	0.539688731800343
0.616220112553267	0.523331389680582
0.626572439054510	0.524761839411748
0.693041739360905	0.509928136964428
0.766143809498438	0.536812770858363
0.859559086904526	0.504357477185400
0.888659186693528	0.520444938510294
0.951675417836331	0.525215623556919
0.051755050747715	0.593031321673894
0.080738852677922	0.573173787883873
0.181360576067553	0.598488308977915
0.202713597627639	0.588370340329332
0.311435273586292	0.598453133244406
0.313334590028002	0.607255232225232
0.397465850551954	0.623643651211435
0.465988866001947	0.584890346499134
0.533904284217605	0.600696909279376
0.604686631016011	0.594532277791768
0.631244159232300	0.568418865588242
0.689196598192606	0.578801703919610
0.760346028214052	0.623419638926494
0.863080189691526	0.570911788063453
0.936117570250322	0.597638517248011
0.960375980464829	0.585428903233942
0.005523807123076	0.646367672442893
0.068353599753662	0.680927139850898
0.163551330371655	0.663358411978897
0.195484351208546	0.684275621678512
0.277072750911366	0.629377754886373
0.349160962775736	0.644094405627482
0.424007584730631	0.640764624495237
0.470116640827064	0.676551356981870
0.519559244513409	0.627462702629264
0.610374284861114	0.647874842214020
0.633902599178581	0.637977351117408
0.720309476142938	0.665666821524074
0.786380960439886	0.658970425248023
0.834978580407328	0.660122296082583
0.882807672753187	0.628360858246070
0.972667001909033	0.666951906396880
0.015055436426204	0.708625336444500
0.103424627154233	0.699403112786101
0.126044219127168	0.742035685847405
0.244688826189886	0.695684159380194
0.285393621649801	0.749636396678313
0.340130496820232	0.720336356091508
0.419437672080108	0.747388935632745
0.446193965197586	0.714642480007522
0.534356441109408	0.706541791213453
0.618297530787717	0.727586961025974
0.646431978156658	0.696960972260442
0.735856192605187	0.733168030808602
0.776497727542649	0.711320755441282
0.874946625321160	0.693312915785544
0.885505592583913	0.708424793954106
0.981529591469800	0.741484109761423
0.047028431490652	0.754684736007402
0.095204423262087	0.766219207380484
0.173572795520554	0.778573259703366
0.238423602580075	0.811924851499364
0.291557226747171	0.797571208557363
0.323845678230013	0.750098861492029
0.393489389539112	0.778992719212894
0.454448426320904	0.754540593073364
0.536445743179984	0.809680504330825
0.602347813061170	0.797479009092198
0.654226752339566	0.792434126192223
0.697147185669082	0.803612297529730
0.780932827554278	0.776866582927030
0.844362694282751	0.766473970947315
0.932975820482936	0.782087280189639
0.949858042516247	0.809911773772308
0.032730631508802	0.819830492140569
0.116607193134634	0.867784895306752
0.181472173352137	0.861643539694870
0.203052935950820	0.824305749326433
0.269579092525430	0.833758531638016
0.365932132901142	0.838438357814666
0.429999409794691	0.859727432118316
0.497114481796654	0.831025123411330
0.522070071126700	0.834222078735875
0.619637268943395	0.852435570248620
0.672773477748915	0.856981110754884
0.744673541032750	0.871535566882006
0.784171754676889	0.821686548343088
0.854013133207106	0.850529621378642
0.933949217505043	0.843782966498119
0.958556527946158	0.848132502586961
0.000636952245407	0.934782070150781
0.086979874037085	0.934647796078270
0.145410161033601	0.891273620338476
0.217501456725295	0.883863694851488
0.300288836541653	0.921536741454396
0.339161885297313	0.893108532811890
0.380701575327712	0.921016503398078
0.453469129879602	0.880861579412795
0.511885154878694	0.912858589852196
0.577240581947784	0.876790523383950
0.687120323869661	0.883049533587892
0.742630456208747	0.928432574318939
0.782616588964038	0.927933530210385
0.850586612528559	0.931170479698612
0.903363651515302	0.896154577484972
0.950125430524378	0.931577518799244
0.043580404842175	0.974542343066317
0.069890542001205	0.942142419561777
0.184206741890336	0.969972904662712
0.212325093414943	0.996084896468344
0.297828777922627	0.961063209519154
0.353192546239750	0.986757796196443
0.388207774161293	0.954459947086745
0.467793278010281	0.982842045424702
0.531487128457284	0.955420295901229
0.624277108494257	0.985222515690309
0.629245736724521	0.961164949423672
0.734614117969669	0.974109276817555
0.757861929554577	0.993112829861490
0.820715981901324	0.990585894496317
0.929299614477623	0.949826324972633
0.991924550062261	0.963117350946557
#
0.062413134437500	0.021779340667832
0.103398251182143	0.019554007715675
0.146052488625527	0.054288475888732
0.231507011190175	0.060053942971875
0.257805725444994	0.041279191320943
0.339566175148256	0.049870962550601
0.432218612330551	0.045857234548511
0.439739657959375	0.018786598234155
0.544497664300608	0.011840358262844
0.590145298504537	0.060184485889665
0.644607639308578	0.056444616011913
0.689915552488509	0.006481700622007
0.812406447177615	0.009691030807954
0.827984016726954	0.028011297144231
0.903463761518002	0.020008234879353
0.954565369731762	0.039918769756895
0.007300578976236	0.075329922884779
0.083466289351570	0.089363556448804
0.175395477429357	0.109589947063846
0.191135171918114	0.081222826473816
0.253427533957508	0.092197896046494
0.344697430126182	0.096552664945846
0.395163870872386	0.071964712320935
0.452582015673998	0.087976681103575
0.522737554017859	0.101443007495590
0.566063226914514	0.124912241866675
0.655774313250620	0.123736863533556
0.745526089550235	0.097240824871636
0.781494763934518	0.118051211609983
0.830486198396652	0.074002120937570
0.911430881221646	0.084299022744363
0.977336313570229	0.115002329749987
0.010782338914178	0.143990166315108
0.062524610111728	0.131971088079612
0.158887744612616	0.186266221673290
0.191443310120130	0.156663559864779
0.284900758263515	0.126941583469031
0.322732700241085	0.166974317306763
0.430727958604863	0.128011756781026
0.467120235996465	0.176815367141230
0.504075257472362	0.134433274174094
0.573067221094521	0.144741304092398
0.683489048663408	0.165700424617552
0.749653022634367	0.152962157596592
0.782839499334302	0.142560917015085
0.837354559675407	0.125215348205579
0.890393973215342	0.151255048802997
0.938841693540183	0.184290264834252
0.012705054311712	0.194075129462074
0.117584098594399	0.205984472883512
0.131654003374664	0.220464241116532
0.234950822905509	0.227650800918380
0.301065402102788	0.192760342602329
0.325662924387297	0.245977076977370
0.416250739125244	0.235564616432661
0.462393560307076	0.227986342006593
0.510977761662444	0.244192423122980
0.601142001929377	0.237516300677093
0.675428633706278	0.211555089225074
0.730255053053902	0.192407913259791
0.761386993969531	0.209036152451075
0.840129892391881	0.206502599966247
0.935799999380438	0.220149490407819
0.990507184612916	0.203545171771209
0.051002559700516	0.291148481347167
0.080295787022402	0.250000956686563
0.181997428079368	0.258071812322729
0.233538401658539	0.250102863879898
0.310169592848436	0.311265488984358
0.354579536443245	0.251745796559086
0.421996602086466	0.271917312673041
0.476523580475250	0.262235387405901
0.512505491951016	0.295688569279897
0.575439173309235	0.278125241332600
0.655477248765057	0.278797184909647
0.702727636587859	0.266304361142987
0.811119020581506	0.292828598302516
0.859202676871024	0.281066388335560
0.925020929641328	0.275261292065322
0.974112649020183	0.292127374147444
0.024044889380234	0.328657652298840
0.122388801158496	0.340256798698743
0.178377465706639	0.313432917784884
0.207942357815439	0.363247597558249
0.253933385801253	0.363004855415901
0.361657993049980	0.361402719132929
0.403100489979982	0.326158842322454
0.483534965674867	0.341057495628148
0.545586266667369	0.333613216081544
0.611561773938374	0.324560953743537
0.630171312238712	0.323970393615069
0.733577641872940	0.322357852203389
0.807810405151758	0.374945674688193
0.851179461193080	0.339537950675478
0.893669192756333	0.322017951666964
0.941978992240499	0.335600171316322
0.056977789149265	0.381714383098114
0.103185049500476	0.392036572990365
0.173728280566569	0.432368176173155
0.237729869445374	0.416622871528175
0.296736388012473	0.415256631453581
0.357790247620500	0.384862388864826
0.433273700297757	0.399069381839728
0.448697394170146	0.396615183437037
0.546293308023315	0.435429404765700
0.607738335918458	0.419971661870943
0.628423635761352	0.379902554822597
0.733019230694165	0.379029195654795
0.804375244942930	0.430285500899257
0.837070995190779	0.415633564562451
0.899552354391094	0.387171432276878
0.999702725661267	0.435704220522475
0.002135653151114	0.463987722518851
0.119130565361499	0.490266398131560
0.129104332984799	0.463849526807049
0.191207610493574	0.448246417220390
0.298872919517190	0.444832759823728
0.358826154024300	0.497450683265331
0.411930718162197	0.492252853828192
0.481393135628638	0.481910732381374
0.559553649130290	0.456100824176939
0.582062316801064	0.439322613587562
0.686736034389291	0.499052794708184
0.731727258807334	0.497097661776258
0.795728490189237	0.441937215612721
0.872055203784154	0.497918759675910
0.880077441558842	0.489224774309370
0.938491937981102	0.470086248962927
0.016189248901487	0.544416888467250
0.076962437338536	0.560633696586158
0.161713303948453	0.533387389871266
0.201697513406211	0.531239248062772
0.289241556247403	0.533550480388466
0.368707090731176	0.520294618550175
0.433303707889468	0.540871654122805
0.449611671606454	0.542938275520093
0.552801122319140	0.547949525233230
0.607494970022816	0.509937985657001
0.665897602312243	0.536794669017963
0.710908640006885	0.532052426460910
0.794445581075141	0.513714398653529
0.831745696273107	0.562439390414497
0.931160991602498	0.506848109552951
0.953376703782910	0.517826224710519
0.047961870394173	0.606798589836526
0.107048557004786	0.577286978735888
0.155664486002797	0.591800600428088
0.223404624464085	0.573012577445016
0.310416393971051	0.619662519150219
0.334268066440539	0.600076549273235
0.417345542470539	0.624894974345783
0.439994228102149	0.623035640280702
0.551896866743196	0.597345689057802
0.595148548127652	0.609171535961603
0.649351909718675	0.581988302733397
0.747042596441354	0.576464450761318
0.791344002233549	0.582088703061358
0.819738980951891	0.574789572495452
0.927768755992937	0.579405738845096
0.983296585556422	0.564981000775001
0.028617856754250	0.673686028702344
0.122712456838976	0.675719116302375
0.132686838480338	0.642694776576291
0.200938591227387	0.671728981742456
0.276639201539019	0.675622666135459
0.372061414614334	0.646163095666832
0.416609300106440	0.636536131310052
0.467872695349593	0.669364256983824
0.528398105793958	0.661111195478265
0.615054952473160	0.672500980097684
0.674811864137839	0.659060176120619
0.748385911312277	0.640534521229690
0.776242088066936	0.653294884402606
0.818422666737675	0.656057765394463
0.885406991003642	0.652602349821851
0.958206582426374	0.651602703691251
0.036883814967443	0.730309904140958
0.108261599492575	0.747031969657874
0.167192335919755	0.739669475600163
0.229450362045772	0.691685193117402
0.294580295299431	0.701432126344631
0.366386993800729	0.733178884820239
0.375553273887037	0.714583397339932
0.474171602568629	0.695032223900788
0.539603096180270	0.705888273344233
0.565496411291649	0.690366944284264
0.667725841786649	0.702963945008340
0.723589729991762	0.727263900460620
0.785498582111438	0.705464393486726
0.849514160124705	0.697001162365661
0.909325576846447	0.726401516929362
0.941339067358952	0.722172794376889
0.062270395748729	0.784089620262172
0.106707479509457	0.773627298001928
0.169072982268774	0.765645401643274
0.234014124722223	0.767876243644947
0.258423856636142	0.782603752937891
0.344217917685564	0.787023197606211
0.402810102975417	0.806592153529425
0.493291986566221	0.752847561002208
0.505040551609718	0.793074351643579
0.580576781536936	0.807695370428310
0.642502755018068	0.755806584596472
0.721067827828477	0.777551559170254
0.801669163437716	0.793721183300652
0.868102242324525	0.779218142931750
0.915223826969211	0.765806006154932
0.992565469858252	0.794326625250822
0.053155050799985	0.838970729301560
0.107468687066568	0.874947249947569
0.132203177579726	0.852398834928148
0.238268612924909	0.861955825672940
0.304810344006938	0.837126634904329
0.322076468570641	0.814824644403957
0.399192413466329	0.846451255515323
0.445869796445679	0.849402068657079
0.555295142430764	0.834182210999234
0.595998857163591	0.836120452533621
0.646375443282043	0.858436574748120
0.701220200778618	0.872650733813679
0.794817256969939	0.833836443072380
0.856900216396176	0.864007839028260
0.899046675904316	0.868113055838182
0.944692159276966	0.856810844964769
0.006296589681016	0.935295415110373
0.088760878882315	0.936186890743251
0.142954226965773	0.926832895155957
0.249178713041865	0.876320508017978
0.275903906388186	0.913885529875147
0.353190746866327	0.935145367241964
0.379583260787670	0.926168612245510
0.495530634375296	0.912063949895572
0.550975202856580	0.908301820142265
0.601670344427500	0.887792555254487
0.665025949443813	0.904438760444042
0.733498674435191	0.879186107210509
0.794552301037952	0.916398688854859
0.829056189908659	0.925846644645405
0.880551452342316	0.937300750258099
0.945380392733584	0.934242987757140
0.006935895640505	0.949419834610173
0.110291690183871	0.959686675361518
0.185139332810100	0.952446199884276
0.216826633018634	0.958897726091416
0.279223752942454	0.958371847654547
0.350228749966535	0.969124231072870
0.395448585278459	0.953264913816416
0.475521576323202	0.947613146696848
0.560814574142176	0.943682663027705
0.608063977906263	0.979481949975477
0.664504289156060	0.983113278805537
0.727962565937886	0.988536382760745
0.804909342956359	0.986898878484359
0.868101085316297	0.951283622070631
0.899846015823969	0.970874803876126
0.995352507407743	0.946492296252747
#
0.034926376721106	0.039148435558693
0.086613852740059	0.018422035271866
0.169584602637236	0.024124138834100
0.246151434227627	0.055318243829025
0.304397714395169	0.033581298390888
0.371374565466860	0.019530531620148
0.391110917178707	0.053709426237901
0.445320576794986	0.019663950578464
0.532984527781486	0.024986965311106
0.598981059412235	0.023855567842572
0.639393068533249	0.019619444651673
0.722159720717967	0.011126530024602
0.757575700541510	0.048460980888563
0.833227922024258	0.030828979484697
0.909395766598032	0.044326852711809
0.985675283515168	0.028381981922635
0.019902707096749	0.068777388676251
0.081450046102738	0.068021229920681
0.150804568873906	0.078247741988918
0.242932148872742	0.092939422400189
0.293546629992441	0.067548072301445
0.330848149086430	0.081443080450162
0.401093124141589	0.103610457047147
0.472489378394091	0.080896085787307
0.548029535213841	0.078737433930798
0.588203640107695	0.071321089477586
0.639085187157985	0.088336686638844
0.705396164241921	0.106616904256311
0.760798289093841	0.111975809119636
0.816288959803360	0.119801553154202
0.912344253528827	0.087799292034539
0.942344900425487	0.106692843629674
0.041807472962958	0.164475831590704
0.100953616676492	0.143308931834951
0.129840648894278	0.131670991818926
0.188992767391375	0.174339099260242
0.280249398557993	0.131164285268440
0.365138670412739	0.186560325731770
0.376738915176652	0.143349900875089
0.457590616938563	0.166031749884955
0.556882219504188	0.159042550302470
0.620145885927520	0.159879283580202
0.649779144170992	0.164653443100316
0.704418725425359	0.127797895519249
0.766263802321340	0.169655883244042
0.814693506065452	0.174496560820145
0.899560881158584	0.131349145159789
0.941560879918179	0.177367436347964
0.005360174052268	0.249216929499925
0.107225412804337	0.201974829851411
0.165672491867019	0.216474365522497
0.193723877645965	0.194970871512771
0.268130363915262	0.232635719799468
0.360443224341246	0.206780054567331
0.387266023887733	0.231284202974356
0.441565678790576	0.224831524430153
0.512956419133222	0.232176741231740
0.613497705938294	0.246733102786642
0.668208757381818	0.224737339487122
0.740079273089086	0.208509134744762
0.796810454175996	0.193547036019980
0.853158193824500	0.212680006347406
0.877101727907337	0.217424939146132
0.986655981014868	0.234064797605170
0.058663839342460	0.292373201979760
0.091636888747834	0.285570419518177
0.175237847751178	0.266485443837355
0.214505106769969	0.285597872550273
0.291354814277462	0.270139440069357
0.339566479341492	0.266842305853344
0.401451627555408	0.289077550691221
0.468587070405154	0.290209502122064
0.501906749661874	0.308126260452700
0.582172789717366	0.307094412316124
0.644710234472810	0.287784402645841
0.704145851345185	0.270578197193816
0.781691150034124	0.305180249879528
0.825473575928592	0.303116292632328
0.908905397351809	0.257140656876643
0.963472344642149	0.255146910437650
0.036895879538356	0.340886000215748
0.091395166461914	0.359215064552663
0.130089836501887	0.339304116357072
0.207293310614720	0.316804630930257
0.287934875168240	0.320497814436792
0.366633343304655	0.357482789327619
0.412405460193964	0.352708689586774
0.470067251859598	0.368916112156915
0.515422279688162	0.313748846529342
0.568103445826122	0.345192485802153
0.635973254890641	0.326118874570499
0.735134056183774	0.332895570541242
0.799625179669150	0.354741408688655
0.831339335742835	0.366116738701499
0.885493442724224	0.355240290863495
0.972590841681252	0.351754097786442
0.002047683622117	0.396748283140885
0.086889955642840	0.380942054254339
0.180405904173480	0.433106995928825
0.187538712169053	0.405504067391857
0.309733944958945	0.394476752077922
0.372298848334420	0.437008021719406
0.398843956229124	0.393077406017826
0.455628472981189	0.420791709951775
0.511987316817857	0.429152712427697
0.576229232177424	0.407303609718174
0.659381977130399	0.411098585792607
0.725337663339530	0.431122983920766
0.798765580574112	0.412649031940999
0.874796856980491	0.402408463130102
0.900566907678281	0.389563418273363
0.990042098184359	0.393124773345917
0.004867432902071	0.492163298737063
0.073870194409129	0.479181159355603
0.132003577063909	0.477314272031610
0.205751259480778	0.484147824939957
0.250784817122804	0.492681052519516
0.343801252900460	0.466280010171765
0.432310412447506	0.446612587419015
0.439035618488918	0.490855123991113
0.560584590202334	0.478514413984612
0.596170911413192	0.482668736567178
0.674016479137707	0.476267225132619
0.697618054912337	0.455127464014834
0.794098116555041	0.489529212366796
0.837400800772570	0.441898023725231
0.901201499908627	0.477498067697743
0.983810223591586	0.484614735785782
0.054740291465363	0.500522849266539
0.089865151973759	0.550911132447284
0.169208825983621	0.509931385563088
0.232393661844519	0.515883375064792
0.250924713255005	0.517395177801930
0.368779946495495	0.501407224772593
0.383763091073200	0.507570077230355
0.467250624722161	0.524690654003571
0.517055571126881	0.536414204421200
0.584335094934058	0.520462407793492
0.654799325165758	0.547081184846368
0.712302830148792	0.551304431047478
0.761464378493597	0.557569127223121
0.824567464808833	0.520307350617439
0.930491384670136	0.558240197568839
0.993563679874889	0.538240502015278
0.029767695108258	0.578549415298865
0.068210216618774	0.610519337915587
0.147528410239617	0.583438838036600
0.224951345744182	0.567146212271100
0.272105457848428	0.588856905282907
0.325282978260723	0.563612823127446
0.393623998873197	0.604531489220572
0.441775868225791	0.563832678439522
0.510370053600723	0.619510606584840
0.608319789021816	0.613608734883277
0.657284402368773	0.609765940560556
0.739490451754418	0.616127322847868
0.756489247579940	0.578627155224357
0.846982246025461	0.610870450368004
0.935604290003098	0.579445511528627
0.946350916159887	0.609087709042730
0.006261423653635	0.633289890147464
0.115256380243869	0.678873341746832
0.182748535821505	0.631814557434831
0.191284473433342	0.670260023612706
0.274055083666242	0.671023352708091
0.364037799064312	0.651324352357496
0.418300623637228	0.649201522630570
0.470611114033524	0.627679996455014
0.541829881559087	0.677380891456241
0.578087810692514	0.661927218499344
0.644202230881015	0.632377333547891
0.721683175980389	0.653999516892712
0.761404239167786	0.636711263435243
0.843468085287830	0.649375471088424
0.883612836160141	0.636152465903119
0.949185555439718	0.681770051988254
0.017631648432610	0.738074136938801
0.102110547561224	0.688511560583955
0.173002541134600	0.721246410300081
0.235407712429391	0.720247155281307
0.294347046186297	0.722978534403485
0.333648894874763	0.719378847316112
0.422832897526173	0.695688648253141
0.479770300352194	0.747610664402044
0.509294462436064	0.734349517555523
0.579567514873242	0.726789731730658
0.631199934084713	0.738896788808377
0.722432801289817	0.702466172751730
0.786395825497782	0.724123644607403
0.867104073824502	0.689061357756509
0.935486834903245	0.710323406898026
0.959343375483142	0.700560620144955
0.008122889123187	0.769380460512331
0.076418855347186	0.802525121789082
0.155669129126046	0.774789181965703
0.228624707417592	0.769013794885602
0.261659919636245	0.781102883563983
0.322499481657869	0.798783152695695
0.418628748036252	0.791648097433301
0.438444062732962	0.804693300493456
0.558372772152273	0.763497506344225
0.586028223775450	0.798377348034032
0.678745012539147	0.796854077761959
0.723058707627481	0.793873314523109
0.768883620800656	0.771766351060771
0.869094366031721	0.753743851791076
0.913723642597609	0.792175892561133
0.939474576007802	0.805017688047960
0.050276894716145	0.871890594803703
0.085449553929607	0.857389440013768
0.164361784403879	0.857489587793241
0.198565963512768	0.861755958813419
0.251289888736510	0.874884727381841
0.360761130560017	0.830909935587181
0.379221280179154	0.834803028619453
0.454905522016321	0.844858121527326
0.500067123852220	0.817988215306655
0.586920371735916	0.865755338408811
0.661979147605477	0.872513951951408
0.739346195388200	0.821244298555247
0.760482243308328	0.829247199715871
0.868360885635684	0.856212121473791
0.924678945576232	0.829493951813084
0.973548641611368	0.839099197188998
0.030454596468004	0.883703241126776
0.108836693845535	0.900526715332066
0.164087367122198	0.895271270482398
0.237818939579376	0.911355461468072
0.267483498017533	0.887225803136180
0.330440309383078	0.885372925668576
0.408875192654406	0.912936986971283
0.472290930724654	0.890677569015691
0.518494451670208	0.882109473111832
0.617100209199614	0.882571442927600
0.625359341647792	0.936649754963384
0.709252439706296	0.907939301913241
0.767407535957733	0.896361339303865
0.867462695036075	0.924374531180219
0.936050115254719	0.921202297755215
0.951701432979131	0.880753925799102
0.024787172564489	0.966714043890059
0.109390061956223	0.956523434830951
0.161669430200516	0.956415596378831
0.205118666843655	0.986756218681521
0.298694936846428	0.993824869407417
0.321733416991596	0.981212770911216
0.417510950802246	0.960606551865490
0.464654778573232	0.992012839122213
0.542515675416220	0.998800350105460
0.603798159946175	0.968967280692646
0.654874379957298	0.939921985162637
0.730619070930551	0.969802138723270
0.809930870876399	0.941149291466840
0.845231035033411	0.985322299599141
0.881584785225355	0.987541831852296
0.978366829115168	0.980872057868604
#
0.031202047910472	0.020009884280737
0.089511809323917	0.046020082645356
0.184032158576076	0.014964981619261
0.242240625533681	0.050149079729488
0.297300389484107	0.055868854322673
0.314229577401823	0.020716370291942
0.395939720857642	0.030807515526146
0.478769237534439	0.036928011971625
0.522643016612889	0.045172638488624
0.566802459406155	0.000237470958437
0.649787920343757	0.033374550483626
0.735765621659408	0.054479161348305
0.759313315242602	0.032494601219076
0.824624362753733	0.001683027847713
0.895635149039010	0.034291531491161
0.971680999188493	0.058061095535653
0.008429660085456	0.108922768264060
0.107801341855154	0.079610973338622
0.180442174851299	0.110087696124704
0.235627905433212	0.091338221718054
0.282398331190319	0.103794788514798
0.373005521614222	0.105934289104988
0.434118627380607	0.065544345169455
0.447941390829031	0.063075591475488
0.501814889954826	0.106973537690815
0.613208209860187	0.081925725801714
0.676605515732455	0.115035508786104
0.717047091100143	0.078603892387148
0.779059198589893	0.066818314823745
0.835729093063443	0.075244269525922
0.908523200553265	0.097918189051658
0.995314770886399	0.062529709030066
0.014348267479066	0.159152816115914
0.074648261596949	0.167809775312853
0.139599902224052	0.180998852052958
0.207776776767051	0.153815790944806
0.260673539453576	0.155439336078227
0.330739371322733	0.131746267261157
0.425831882600517	0.140295364271802
0.484073786497832	0.165028971687432
0.514224194706586	0.173801499459381
0.613156028060046	0.162394284672312
0.670254052379810	0.158927800651041
0.746118086083703	0.132899845515587
0.777445435937831	0.140721491148747
0.859417816533106	0.140864788223609
0.904365944188173	0.147385907742983
0.950573280645901	0.185564174156302
0.052675189739134	0.228601214456396
0.121419163580034	0.240008980761051
0.150458333888780	0.212588179454926
0.245209080675316	0.202256633074083
0.303490898802642	0.187694167121708
0.323090703752961	0.232161396790101
0.383135548692810	0.190357175525361
0.452668852802056	0.210275346971530
0.506997931168181	0.242141753287786
0.595507540223889	0.197114903947714
0.631332338541707	0.203885156941573
0.747870309059594	0.248405001591520
0.790970660260872	0.213580369795342
0.839397195572825	0.226458024737415
0.899272463668434	0.191910305992796
0.946837996469540	0.197016320921135
0.055236025609829	0.281071724115422
0.093698387667234	0.259216730601438
0.172201841644058	0.279916868944982
0.229872996899619	0.269312306122578
0.282636345226233	0.281458642588453
0.355748904515232	0.261545243428332
0.383227931308380	0.279116121462224
0.452083532236187	0.295075167664926
0.500415767383044	0.265361671528747
0.618727292398393	0.272792019042604
0.660053580309044	0.276929050471966
0.688470121269573	0.277659406426283
0.795075090787158	0.284740825584680
0.862793133402079	0.291414658926990
0.929007684620798	0.268242922368400
0.962360276046060	0.281886114993688
0.039074308189814	0.328762343375423
0.077103336257768	0.373659039337924
0.132716120513556	0.344723294118238
0.192047716279525	0.372509254403997
0.277942483494511	0.338431801129117
0.363826764002751	0.330523754867149
0.386603341964447	0.335501157785883
0.448450744503865	0.335129304706964
0.559876991435275	0.350576139733446
0.578733283506295	0.350663890649021
0.668201042072778	0.371383818738718
0.717140489730435	0.343639568636692
0.804210110652891	0.350554584156036
0.818630663490303	0.364434432992580
0.922200767276157	0.361851205798879
0.967177711710608	0.370057008708258
0.047321306683547	0.416825918970705
0.095989288726353	0.398290530900306
0.179397809812077	0.428027500017902
0.193423714679299	0.416182467985475
0.293068434412840	0.404477481897217
0.364657231225785	0.431242548408043
0.409552928446688	0.428419276284035
0.495054212048430	0.422336478102914
0.500544350492546	0.409566269628021
0.585468916722566	0.432370615787192
0.625255477585656	0.415661578498120
0.737389131533538	0.394020223688921
0.779028751617654	0.436321715751272
0.829216999384043	0.412186318784297
0.883900547460397	0.386981529739448
0.943322368826094	0.377578704705829
0.028959312701239	0.470673111929948
0.120538929578159	0.452453928872117
0.147256618661866	0.448719629074614
0.201235860662124	0.482997557071619
0.308449293805973	0.477454805232108
0.359687740983718	0.490786531355881
0.381208318418057	0.477539413137720
0.457496933789225	0.460791156967355
0.512060083378935	0.466508612145323
0.574268004699673	0.496557233330458
0.655295993819669	0.471620007193210
0.734264137554393	0.445683452913813
0.786296144238160	0.473525839400484
0.823379632917554	0.450769052960274
0.893721362187346	0.441723620490922
0.972315903251831	0.480795830425526
0.012003537910526	0.549452316973347
0.107216317770005	0.500678518015933
0.142223781560833	0.512007448577673
0.249551702174254	0.531687556249482
0.301217435463615	0.524838318428336
0.313621638284792	0.528143678812926
0.413780734141190	0.523543055946017
0.446114863634835	0.517047094010526
0.531192725356946	0.501342763891756
0.569331665423077	0.535640940718735
0.677077251134808	0.503192810371563
0.691368220243922	0.504929549367500
0.803891442815981	0.533099696455314
0.840633951352358	0.540996011530747
0.890494347888277	0.530603509505303
0.995790795291143	0.509349218848359
0.026574175621866	0.608165524110237
0.109382621678380	0.600174262502737
0.126347875368397	0.620096013981988
0.249931964761329	0.624890003542507
0.280516349892252	0.589893078146827
0.330400004244968	0.581476521478960
0.395206489677705	0.587835842123683
0.483112284924279	0.589721097428054
0.523828322408099	0.604989707319762
0.597088732124443	0.590415874400739
0.636841672038855	0.610759024868780
0.710189456634733	0.590785797619211
0.800764910713948	0.618715949937169
0.835652954707191	0.619184478563067
0.913895660045416	0.624039013098585
0.977515725661073	0.622010720703870
0.019189410600040	0.669598864794732
0.114502032765188	0.665288948157753
0.136624853580521	0.669418312837816
0.220104659114756	0.641015294288172
0.264432560117434	0.646522562242817
0.333368339144128	0.683133248646193
0.432598607671703	0.629579233603338
0.471244709443125	0.686913289929953
0.543441357537741	0.669128338685638
0.616640838224939	0.645464587626738
0.641458577873176	0.651330604733394
0.695670761548255	0.683852537185036
0.794281760051796	0.669779901184905
0.821722385781287	0.628670583101611
0.907960293429312	0.652642554726368
0.973883932726780	0.650470432205584
0.017781518200129	0.718074792319228
0.084050224254967	0.689026828055276
0.186260398447923	0.693758912400519
0.188270193000969	0.733955302068255
0.275130017724617	0.732728535727418
0.355379005394731	0.742515687392446
0.397209929991446	0.695838038520501
0.438072378616331	0.697804846177531
0.561261947586611	0.717341153016277
0.566202338130959	0.727103727296834
0.657006257861388	0.697495497969211
0.715805870589289	0.700745349592936
0.787912112422151	0.735389754463776
0.832971540138934	0.704543161413642
0.878553958988877	0.723853204291396
0.989078414463806	0.733958934881133
0.037014488284945	0.784774525433843
0.092766401714242	0.763389088958709
0.148535522783300	0.810347156555007
0.203320189848500	0.800475502718584
0.261266997494098	0.762748898781195
0.361871278841717	0.797260399089372
0.387864226871255	0.770504405683140
0.485261707897941	0.790032328697860
0.549859133386020	0.802857470463579
0.572494448601500	0.751469917217379
0.670440470359274	0.811575718864118
0.697474144954461	0.767683054542910
0.781133503092833	0.790537945790109
0.821161577319997	0.777688099136038
0.933161035877574	0.753682767274716
0.982198485707561	0.765052424951003
0.052918772109067	0.871979895498250
0.069289466586031	0.838300487774727
0.164848893511772	0.823999668124947
0.229718115903604	0.868040890445826
0.257416628695772	0.829046104048972
0.314697087524621	0.830598416233109
0.395001959831571	0.854801631629770
0.446608967178992	0.831650480123155
0.553000823505107	0.849382781199385
0.612970369297655	0.813833489053960
0.677506127159578	0.849393050020303
0.717317269932785	0.841569609190121
0.795682596926503	0.824907526595031
0.827949601971300	0.857123610995971
0.890845215140922	0.817769514921883
0.964601016536961	0.856042522103186
0.015490807858410	0.889542885390004
0.073513785670747	0.924113748533794
0.128009225082469	0.889601969701960
0.216837042731195	0.892897899266774
0.271029361965142	0.907191961967547
0.332093619265848	0.926642370451391
0.422893987514054	0.931160491293101
0.441242951638704	0.924148269198287
0.525853130186641	0.922531630389283
0.570854686566362	0.880002430248424
0.655786445356972	0.887198942992766
0.694339575829646	0.905495837003224
0.789217272957139	0.918307324634122
0.827411936264814	0.898816073056966
0.916003886808991	0.909219846457527
0.938148286135553	0.914652612971760
0.033420814747438	0.957354660194217
0.065420755302282	0.959062467421536
0.166252307428804	0.951446675567759
0.234922366809897	0.983870301682938
0.287735685220160	0.964904215018592
0.332981431846968	0.957479631052697
0.391899027065234	0.977886366958354
0.459902294058097	0.991370791727414
0.557367386717202	0.946396041940059
0.592346559140097	0.967615544744794
0.648922378421161	0.954527864760493
0.720084027089198	0.999908451951320
0.765463558654991	0.949193821567854
0.860167126386116	0.938632479752678
0.889806699142164	0.960850883833680
0.951716658648037	0.945832102357720
#
0.003910312691915	0.005830149182195
0.063641521425136	0.014181752648829
0.127167926548786	0.049547530242020
0.236841742426469	0.027186627389674
0.278574847564701	0.031249326602847
0.330840288811210	0.005076918839495
0.394303931000597	0.021389568797054
0.478221252846583	0.010726615410700
0.503537971177962	0.049276311849658
0.569902711258596	0.003549502115592
0.641185709817495	0.031799860175070
0.749986477341733	0.058631481805614
0.760117015003370	0.004887052449022
0.859159971088907	0.055060010954635
0.917771113173284	0.002936306381118
0.937952822787443	0.053710056132104
0.043418064694483	0.124426016685768
0.096418442940088	0.075808863784375
0.162762078217990	0.072820094270939
0.235583251557099	0.086640966901705
0.251282889949224	0.087154192433728
0.328647012651467	0.071610896297291
0.433152686352411	0.106462983570286
0.482014093762151	0.077960510916417
0.502083388375953	0.099432041280538
0.588907056363278	0.081173770628794
0.677496596921118	0.069029527528684
0.711611262528252	0.099507355925629
0.762106718469203	0.119185504327571
0.854480498858490	0.104305966184895
0.898399562725890	0.072944665024510
0.967361407492394	0.103707369062749
0.035498957740026	0.144773714685527
0.117136793282031	0.140958982436210
0.128404020099762	0.186718643861059
0.239049721623084	0.152534002357287
0.302893607918614	0.158758329759296
0.343489997794617	0.141799747118330
0.431302489420353	0.138431937902568
0.439293311021592	0.185210655370078
0.512949261861027	0.133592868938831
0.623899402242130	0.147374608835642
0.646217349106729	0.158986717339486
0.734952436552838	0.162693082785744
0.765558415241669	0.151497394463862
0.861026447263087	0.179267695608262
0.891563026543954	0.131552656939382
0.998991849890210	0.136209239661975
0.057641556892810	0.194241333114156
0.121456969266631	0.215955993661996
0.185491264127891	0.203271970738604
0.207752257823071	0.236078619386204
0.253741355264499	0.214549752118660
0.318799239017255	0.192965907904544
0.413649822798010	0.196689140170158
0.483980779881585	0.208302331991331
0.533359948204216	0.237468569143668
0.593956875753113	0.210926084842865
0.676186439025608	0.249910139973487
0.736439767596065	0.208238024895135
0.755287765162715	0.238456423013345
0.869927368824120	0.249249740285275
0.922466472093357	0.188512176362800
0.967691252960984	0.221691730469277
0.044034517453177	0.297093878292850
0.099767984845622	0.291928088389553
0.155129328086071	0.276369879363074
0.227787351230576	0.299410897187635
0.286932227574157	0.263021720663649
0.351708415904829	0.306429927381438
0.394368053141951	0.279696618839446
0.483431389522374	0.291127536688262
0.548381623386727	0.286163690683004
0.582821168737794	0.311452162524558
0.627964202737311	0.257957866926551
0.723206729170798	0.304618103413288
0.756203641025048	0.281925977506192
0.855323938648292	0.250081101345150
0.918807722420038	0.305370168816966
0.989537882543411	0.253437791908145
0.039931072979218	0.371510650481566
0.090356803112746	0.312740705194357
0.176731999189763	0.369603317884520
0.246497087980154	0.327238305620788
0.275260276545365	0.346696010012924
0.320918311890778	0.325755568180642
0.388555175002212	0.318781415132988
0.451876355964196	0.351029782826903
0.535846436273620	0.364298645811923
0.571625692350004	0.317983662288865
0.635141415349241	0.334304681111082
0.743547940217785	0.327392438517393
0.760015173642900	0.373246012167830
0.851370430560520	0.314479113193108
0.887217250218898	0.325551284116356
0.967489035530595	0.372429109177885
0.036014935475778	0.393286020324632
0.102521995528373	0.394855823212386
0.134836380415907	0.417451376498200
0.201039128416111	0.377233840525670
0.283380675224676	0.397300618865946
0.320896226827380	0.390531103523223
0.391385496335892	0.393782562624263
0.459573065517953	0.376159072300922
0.561767032107866	0.427637949438099
0.590384438131094	0.422790425709749
0.672656976163307	0.418872510064131
0.749295193250709	0.378882860823973
0.797109854607752	0.412585673222222
0.864031817834250	0.387910259788719
0.909149510779336	0.429043273090279
0.950568218747635	0.381774349925521
0.057210177574821	0.441929000663671
0.099862986442135	0.446732955113806
0.152783758610087	0.443855587903842
0.193093083945707	0.448469700367066
0.253665485463842	0.437965585428282
0.348851021344040	0.480733252067755
0.393871146636985	0.499026459306834
0.445089179427617	0.461247060482564
0.549149971626850	0.486139026991124
0.591569471252516	0.450565342852628
0.667782730360116	0.495148260596359
0.749156779653080	0.441459232432875
0.761417986900527	0.461555116029702
0.867563431411414	0.468084030049640
0.934164521065346	0.485839928467954
0.992477797013702	0.479123284045868
0.016765624972588	0.500326958310401
0.094441233355771	0.536994846444459
0.178904222046003	0.505632079367789
0.210523283230845	0.525988502477642
0.278148062781116	0.551884259254877
0.314525009351672	0.541021096180431
0.388564218741042	0.524984089998175
0.467855784714421	0.555632821486362
0.522667938455746	0.528191214128325
0.619800107144937	0.505155869673508
0.641727763392084	0.513482638666984
0.693953607669439	0.542761751562418
0.811808642916570	0.529957000114945
0.849634600040651	0.503369234182958
0.882144597418873	0.547719659003829
0.989307223132767	0.532611985800348
0.058070457306591	0.567406885283395
0.110116189895225	0.564017301847697
0.152842644957789	0.584164636403826
0.249302456097049	0.577941704079379
0.280558279111413	0.586599904947588
0.368432194153064	0.564014895615753
0.436455352726382	0.570840017639180
0.441430991429121	0.584689752349441
0.524662086091042	0.597293237901710
0.615888660655098	0.601534627765425
0.670198134171706	0.616898671445530
0.715083859183379	0.575707112820402
0.781226788538328	0.619066844314585
0.860240950202043	0.589530680160278
0.936563485301813	0.600608031012376
0.957786072967059	0.600873920376965
0.054097069250792	0.650202167691943
0.070526418117929	0.678498435472371
0.143460814539800	0.675802812428633
0.228612945657483	0.671680111070555
0.302879278007401	0.667422935361956
0.316888061032954	0.664671900444006
0.395670164410414	0.628325588565396
0.476091503582101	0.664352356159792
0.520211329935750	0.675674500275793
0.607154487613508	0.631421962710778
0.683154922501569	0.627048852562916
0.708211350070362	0.679916595136145
0.750101949088299	0.638734604511698
0.836924667330325	0.625078495824728
0.891949656728993	0.658892499945684
0.972193412534472	0.634176819514641
0.010160543841813	0.696687253514348
0.073511082201384	0.688723526604293
0.151389469122256	0.705630405970297
0.231734002586858	0.731975421829143
0.299494648611172	0.705267518879326
0.374529498701922	0.698707980411991
0.414623964106926	0.704836706096501
0.466030972667162	0.702431606146840
0.536540893162377	0.729886637603023
0.578231065101160	0.735773124888836
0.682054376985076	0.729387483307367
0.731693788762017	0.713676683494397
0.797899462584848	0.727749807347485
0.817283655474261	0.732493208266095
0.886751763903711	0.703149103315815
0.943655798707892	0.713762807738679
0.036377712845308	0.798956806666441
0.103060776610058	0.794598443356715
0.174165957633328	0.777557339816717
0.223084299542379	0.763959712890550
0.257494673207401	0.770060255036820
0.340162956933529	0.775308027418286
0.416542181463806	0.801367291857923
0.495589095938040	0.755706449157024
0.529995944663532	0.793314035046104
0.607171207560383	0.775387684820543
0.638880954956724	0.782313515046801
0.747064004535103	0.772358815234587
0.766592329750208	0.773111289023215
0.814391976106421	0.762893006048490
0.933260829070527	0.798317359495167
0.998107765233286	0.799524777318473
0.020160139252003	0.844578681492032
0.116412109285922	0.844373900960054
0.169173967787454	0.848289859576800
0.229752189053048	0.858094775812490
0.281020411224691	0.830847004083532
0.354220583360694	0.837204795569346
0.391497623935923	0.842462988344478
0.490166525747084	0.870800020521460
0.557781358423010	0.843476624613622
0.613130362963567	0.815694680598261
0.679275044994842	0.821303726859927
0.712713631152342	0.853765409129268
0.763690239709381	0.824019025344522
0.838835510489609	0.868200336668687
0.934625927882066	0.851641719704294
0.982438500704579	0.832417170754615
0.007103056459362	0.926143581990885
0.082144578035722	0.921257306148474
0.165626903074008	0.912180956432638
0.203705261741696	0.921902979851445
0.283531111687429	0.906018417917895
0.320148191765800	0.889442339790273
0.381370492732122	0.912982357805707
0.499882641714039	0.931838820949043
0.500469521925079	0.879394273492949
0.624234559974688	0.896478236817983
0.633017635513218	0.903467900184558
0.725867873939771	0.893240586480415
0.778703041672405	0.926959889123556
0.821131850420179	0.890145513101631
0.889069170112272	0.891399338379595
0.944554296789471	0.888624648217490
0.027192107073425	0.939990215207797
0.121545585235359	0.954935368314603
0.187497799503034	0.950415701870321
0.193295207880040	0.967133606674530
0.287860810867362	0.985756928359800
0.369440111563178	0.957453055093636
0.420003188289703	0.943698849399504
0.498711892898127	0.994209654540571
0.559762352014604	0.962398021735111
0.594572066074952	0.941316319092018
0.643737207287629	0.995257902001673
0.716875415243994	0.999639188070348
0.800159270610348	0.989812477678599
0.832419344141362	0.957297206540778
0.895927139388147	0.939140211776630
0.980926835497591	0.980494568352703
#
0.030505871450996	0.014756101114269
0.071594513139942	0.027223788251803
0.135359615933932	0.034861031418517
0.245541587791066	0.053545243977812
0.268369225192785	0.062106815166680
0.364597146658832	0.007585614004658
0.407635362768228	0.026884436875555
0.461226412202517	0.044294160233530
0.507852055628982	0.002430792752986
0.610644431126570	0.055700245413627
0.631663164620209	0.003824482483632
0.721709616999540	0.058805804567832
0.766738007605713	0.034891872136479
0.854403254454817	0.037093953529162
0.913805265788991	0.003812345444181
0.961465876467751	0.034720743170409
0.047276215420518	0.069472524368198
0.123772672813798	0.091012043302998
0.142313541572032	0.111996353135211
0.208515215364405	0.087631891545637
0.264660264543411	0.107986182959980
0.339089514315498	0.093006240458462
0.389561383275329	0.064859783422984
0.446897452801209	0.074938744120286
0.553520708124507	0.117622569259867
0.606983306667996	0.114455296801044
0.686530384962454	0.124932663020429
0.698269178627704	0.084831406644041
0.795038133608186	0.122982847256466
0.822978142040194	0.100393885318864
0.917922296382120	0.063427955290752
0.970351629912702	0.114834356264871
0.010905977646682	0.169157234729304
0.096277184268408	0.161993803494143
0.157255740479975	0.170905612492563
0.232933374176019	0.173935626397476
0.302171767308533	0.147878542882478
0.366644444393260	0.176465215930125
0.381541264419570	0.147082861503489
0.499940470865099	0.131854796871043
0.509830719808194	0.141171817715203
0.594066669953537	0.152022998626233
0.638018204484372	0.144179502506549
0.712259873797246	0.136718901502718
0.806858366470402	0.175193388739762
0.826676844258717	0.151990329154532
0.885402972768737	0.159770621722511
0.989811534932771	0.146627044863214
0.002800372197013	0.244459007632560
0.110221876351913	0.199419878003984
0.129570964986824	0.249499239362078
0.214791474841137	0.244020050157332
0.270368086833709	0.249738429323709
0.340532635607066	0.196843688858637
0.411145075494690	0.191649893314263
0.482987056656970	0.211271491722151
0.500251412915590	0.222349930038874
0.576120930508739	0.229469019609263
0.642889650717352	0.224047430566640
0.740981919732523	0.236380536877290
0.787303231330543	0.248998282346059
0.844328014813207	0.194543344785237
0.929267648430953	0.245948962371552
0.975965337531167	0.187730095698552
0.043866243471011	0.263961273379731
0.117638497204203	0.272457404140140
0.169492495649492	0.255422028248529
0.211432435599024	0.286469108986545
0.305125286830036	0.275862000786784
0.370036611681580	0.290181281418233
0.400375385803724	0.260811798524417
0.476491838513522	0.279932776283806
0.516378359480034	0.300384424274760
0.605676745045506	0.300169819803017
0.676193761141899	0.279751456917089
0.709570187862164	0.262746729410777
0.756316853528567	0.307700354619348
0.818193073633172	0.285582762816474
0.900868384682892	0.287138968481947
0.938360231579482	0.259232058744932
0.037495611637131	0.313895296582229
0.104021350484463	0.340675732011016
0.130502235873254	0.342556373805286
0.189902026948962	0.355290583432138
0.298058328317259	0.332832892575612
0.328218098573437	0.356951993070997
0.384345230968749	0.339723916279553
0.488763379949090	0.315454738273508
0.536599666092452	0.346682627867950
0.621671714047941	0.368072654730192
0.667535284674967	0.371594362236581
0.729334050886527	0.368740142132444
0.788018245709948	0.323783607050144
0.830751072736050	0.322743002022091
0.914163124654829	0.366638580699018
0.965036309461583	0.344538158147954
0.019094388368911	0.432896829150942
0.067255889415917	0.407904880827503
0.152288174001101	0.418460439260458
0.202723580954532	0.415533109271907
0.274294868335546	0.402520923561538
0.366693271685902	0.437446265656023
0.376416930478047	0.426859280121131
0.477470815816771	0.427082561201435
0.531932449965256	0.429026630777872
0.603548559049621	0.382734355838675
0.655741345537417	0.385510275783136
0.714126129684533	0.396299666715506
0.805734824984273	0.423819255560827
0.821844282693193	0.400101787110931
0.934968573229846	0.392185812368916
0.963548186604993	0.382535553742790
0.005307080967540	0.480433621715739
0.065915203333929	0.446115162516622
0.146283714585887	0.499943893475561
0.236754902751826	0.453649801307742
0.261974045674893	0.494395296684675
0.345645163492450	0.443112637514275
0.378710054502289	0.483601592157176
0.445819888731539	0.460661382550761
0.500118742900695	0.492006405283931
0.604015411760545	0.497293934370925
0.680348457373993	0.456516325361798
0.741894977805646	0.478946689700579
0.752929151277158	0.488173941584112
0.820429025539879	0.489541244254108
0.884388699023842	0.456933256388743
0.963344764406989	0.465680752014318
0.051570151740818	0.514676071706851
0.085998828615644	0.502612690412815
0.133531827001374	0.503525048233225
0.216647492524736	0.505533536009731
0.274498164150165	0.547007703669837
0.314238321051057	0.525821823196211
0.421413147003370	0.532877324243979
0.484123607380694	0.520387354588110
0.537476633916953	0.537481849570754
0.609779856600747	0.534716629926049
0.650428695872060	0.526517509387112
0.746783018722614	0.559059243662995
0.789988329730692	0.552945696484634
0.862605328639644	0.552982217688226
0.927785268851506	0.511951242809173
0.939383687699303	0.504624760070496
0.050754279142887	0.600421178789209
0.073737488727490	0.569492303244069
0.164228924661113	0.582866645699336
0.205065337159337	0.586327719449491
0.275221560869301	0.607956077201049
0.353129382021872	0.607213248741979
0.407792543810860	0.624176292388974
0.475287369679494	0.583159049744871
0.556819492193013	0.576583406614741
0.587785546528242	0.590187948829305
0.645052202923701	0.599969802738626
0.746519630162865	0.572683021035670
0.755201420602436	0.613911935198450
0.862765879571150	0.580408878104740
0.905621485602605	0.598835297490315
0.994568109758447	0.587318619951796
0.049275550493453	0.664907891632735
0.102537487875679	0.663077638202365
0.184776058099763	0.665820017160922
0.189988845668847	0.635690449724950
0.270402122672042	0.675391419744210
0.345311027944626	0.650861796201407
0.426996454885112	0.666698230512952
0.475117193907527	0.647423498003027
0.524756039527654	0.649588885562748
0.592299604286044	0.639671923232305
0.664431231149223	0.674494408853816
0.696976075664157	0.656634136823503
0.753163801565106	0.663064100089964
0.815504871716957	0.675276590115455
0.907329568646925	0.639801580884331
0.958754889264529	0.666557169660008
0.007322175168042	0.749674503400380
0.069366863901230	0.704730567249872
0.187209855590414	0.741728928447521
0.211881883157040	0.740593672043899
0.309996231807744	0.731710105649943
0.368523497249355	0.739699115450424
0.382183981333436	0.717772772251692
0.458155595818687	0.695124163221364
0.515933955601285	0.721961186290011
0.614951505046909	0.708885108736899
0.627353801829124	0.718289390373577
0.707438364833346	0.701644037547904
0.774862914584778	0.695265598436879
0.871153921033524	0.725758608454084
0.907981843942656	0.723106270868007
0.995127912857017	0.735917990718367
0.017734647790840	0.788706988178009
0.072575582019071	0.807404920617678
0.183159378225254	0.798712370011772
0.236137647818806	0.775536632345881
0.251060816706987	0.750683998136242
0.346466565890928	0.776920220398908
0.393899483887106	0.774161629820979
0.466691441695250	0.764046969826810
0.535025796511915	0.759448636980250
0.581182303537191	0.771013508512060
0.627374890173640	0.788625591443532
0.746644495287129	0.764082812867496
0.763526295009308	0.777549511803093
0.873543769018968	0.812381663359674
0.885098528395779	0.778312723973839
0.954667504808090	0.752489320687016
0.054394968172278	0.848560700914487
0.108897651236364	0.837811832249354
0.134630109680498	0.817829481385492
0.231019957787013	0.822541917647478
0.291847860130213	0.860190937306660
0.314817729639429	0.817662481991030
0.419868399064841	0.863674197299679
0.478661344745467	0.827753674344335
0.511005696042791	0.848336453339629
0.577535725915231	0.821170643803470
0.655943272467922	0.853639289367976
0.740297701003798	0.819293862253962
0.797542557349671	0.823579358798121
0.819465500435202	0.874026285134961
0.928360121264323	0.848479035930005
0.992516811717073	0.849365930954662
0.032685148435455	0.932185501688436
0.092818840588517	0.932979729331094
0.173892836665360	0.883647061959176
0.230015731208263	0.892292813198243
0.296569645342899	0.919815683267618
0.369037645547427	0.918896181970228
0.428309948094145	0.878382479277994
0.490700780470087	0.932548134295514
0.558051562343154	0.898454157233577
0.589662500445187	0.883032925370623
0.639200239431043	0.908935713720609
0.734473950211418	0.901514654883420
0.767256443378226	0.886956899647940
0.841416534828934	0.905380142917945
0.926483559128592	0.930003310872126
0.979718254728876	0.875452826891084
0.002609492396612	0.991661149235247
0.109539047578475	0.954283449744522
0.139046136424073	0.961318106366978
0.223978889459739	0.944575189032377
0.260189918774457	0.956394859928730
0.341534575948965	0.982579549479433
0.424087949647007	0.969570702502288
0.462442938244190	0.937590785441010
0.522927128060355	0.954686689732989
0.581004954544130	0.958307137644921
0.684468045800917	0.952222549505467
0.747534389621586	0.977877706735250
0.785379691785290	0.973288076632490
0.819945086261128	0.996007812892438
0.902949199028767	0.937522157808422
0.976805685009879	0.998464959891505
#
0.035759197687325	0.000855107777369
0.064798813968617	0.048430512088451
0.137748154377972	0.056005614298863
0.207890775277720	0.010403609720618
0.282448629317793	0.034653008938104
0.351592593806352	0.059031190815505
0.390896342785772	0.053969992031686
0.482530510063523	0.037146783951821
0.518372789960907	0.052960688362471
0.569090103280984	0.015254296147673
0.665615249085383	0.058176575984265
0.697341161971526	0.046878532633856
0.756072069126780	0.024111346216316
0.859398743614298	0.060222647850803
0.880060853103073	0.055572018054796
0.954162143509407	0.031165326836325
0.052189443549069	0.113965118286774
0.072359055355740	0.063814852387019
0.154904826245598	0.064722830444743
0.237592403075563	0.074950882091059
0.302516785186021	0.077685321524666
0.334796587927220	0.106696173224295
0.433053921645171	0.114590137350510
0.477955562232052	0.107270561387360
0.525923662737693	0.087476387291093
0.610883334473680	0.098796297178789
0.661794737135478	0.116820389941409
0.693945927066716	0.110250583104266
0.806484401137332	0.064528839095619
0.850470587969285	0.076085544485502
0.879698003090382	0.077243943702137
0.990200803860254	0.076252800648509
0.032797447195113	0.182511769030246
0.100907857582417	0.166055779258850
0.175580902895443	0.158995234459055
0.248291951792965	0.172743690473201
0.295949276430986	0.180589609879672
0.363524324767297	0.133608793143325
0.431999243110651	0.182409923478824
0.463117470941650	0.151116020328742
0.540798949392815	0.139464550975120
0.602342216554643	0.155444334370071
0.682499675501022	0.171332232490259
0.740847241466014	0.174550923224783
0.754447972257493	0.186920009611505
0.852529011239537	0.149934485575053
0.918016310150972	0.184943599771346
0.988994038253788	0.166501842914499
0.030236622704015	0.201687142721887
0.070263935545870	0.190684140136741
0.180309594592617	0.205760962828822
0.236423223960195	0.248801353474567
0.297131217154006	0.219613818939452
0.323826426831965	0.247711266550517
0.403902535682754	0.196542149702795
0.473750656013435	0.203196060105273
0.547748902197985	0.215360123103103
0.563291330196264	0.215644594244809
0.659690765482884	0.211306384275389
0.707635946343685	0.243330957293704
0.775092296060778	0.222984988439825
0.831582097821306	0.239691021980762
0.895492929169674	0.213800917778583
0.990443069514689	0.212480253604003
0.054771663939411	0.293106403401030
0.089817303995909	0.265941161738811
0.130732305916779	0.300191416867937
0.232152592401172	0.261927750008048
0.288582941104212	0.288656173690375
0.321915451614050	0.250852970915929
0.431860119219488	0.262923518373380
0.441994964757351	0.269830296199031
0.520490864660356	0.258724271787499
0.586366601599466	0.271533556782299
0.679218849514546	0.297180796897081
0.743368075475066	0.280598580378713
0.764215887061836	0.255906694613725
0.861222022297145	0.251362911396744
0.908224970430188	0.282355328170782
0.998297825586236	0.285737229403047
0.032763639472603	0.321741938665915
0.109271165532822	0.321007638327663
0.175299068560777	0.346183214344476
0.245334133359216	0.316870336407300
0.270762272940660	0.339807771036240
0.322284040465551	0.365951620171185
0.405109440361874	0.314500690220040
0.479382949425346	0.373882900501225
0.544426973861276	0.363077544138785
0.619883778460180	0.372068106850974
0.681684574591155	0.316615234537543
0.721487965791949	0.362293766430182
0.786047517752402	0.372766567160787
0.864911244132070	0.336973454401473
0.936200756157329	0.366715821406505
0.947320593887083	0.314082969620727
0.006564157317990	0.378907670718945
0.113380832725875	0.383806157262601
0.161199521223595	0.424725711400906
0.235311998807665	0.393076781173138
0.297090494303170	0.409841421010169
0.354194967740726	0.385901215328696
0.431013602892871	0.415692197735932
0.475153027169326	0.404728969202197
0.541832813304344	0.388309366363871
0.573220349123171	0.397726940854971
0.667956657659485	0.434835721170491
0.719770349336851	0.412221374901063
0.782995696623809	0.434187666774189
0.844429212702538	0.414655661015924
0.920305050861860	0.400320075283600
0.973699832925620	0.424766338150894
0.044355503846741	0.451284589016294
0.110882124525584	0.496914315720651
0.171612429588943	0.473220687426096
0.198364207596370	0.465623173971107
0.269113816689144	0.472825005964335
0.337077399983438	0.480625755862129
0.385274244402017	0.489960827018358
0.472552735293878	0.479908333417240
0.502306028109697	0.481333560611548
0.600714962792866	0.489342339057904
0.635983155417136	0.489412897715092
0.700582641485516	0.455270783004880
0.754089512295693	0.474889732571293
0.837767080540715	0.443313553799715
0.928846962369594	0.476004687205074
0.984730210908393	0.469894034635484
0.060443265188472	0.537915460861501
0.097272641353722	0.519665886419747
0.141905830391195	0.560383959527333
0.243168079540056	0.560032930311871
0.270311053963451	0.503702133967588
0.323353525224573	0.511285063856930
0.392044206939648	0.510886491788176
0.459517019383962	0.518139639684381
0.553042294426249	0.557233393845901
0.612091809624595	0.534150974018069
0.667518079945589	0.549728656170128
0.708088859469418	0.528789817886145
0.770209346989917	0.512776251492388
0.833114191705388	0.518311809810882
0.881643299116786	0.546682200070746
0.978965551602064	0.527074464923254
0.061985608292042	0.585633416898347
0.066069579247518	0.585842817226854
0.130259660990620	0.619849504203268
0.246863668827425	0.575406167644636
0.306305977412571	0.590694833771720
0.369556741307503	0.589824743895401
0.424786001164416	0.618981955571562
0.478466338807709	0.563661867243625
0.530845549197599	0.601566483479474
0.609393453833040	0.585980402762299
0.662366962898492	0.593595045538641
0.695671305527950	0.577203454642371
0.773576164201618	0.618712841691732
0.852279850160070	0.596486447226835
0.937195953229022	0.578496594291296
0.983332319268568	0.579280267662667
0.030136111985225	0.681325704512728
0.097436919088926	0.681650110868306
0.136956317091118	0.661986514716290
0.232667696294414	0.641211932892611
0.272740861391705	0.666701227101544
0.322936505678328	0.668454587149540
0.399093253834660	0.644534533586012
0.444922487456916	0.664587404326207
0.551358899390059	0.631998224156443
0.581088018564295	0.632914286559777
0.638737813514596	0.681955514896418
0.749450449438754	0.663177565607633
0.778420140856975	0.631951893695968
0.842799213561881	0.653657580717969
0.918604645335256	0.651376987740835
0.965776408025012	0.680753503982735
0.023699192102928	0.712436852167579
0.109108730040982	0.749693953461175
0.128975336368074	0.692391823192568
0.209511989412599	0.704873395316506
0.308375027189817	0.736672219467972
0.322639763052026	0.746229793409870
0.386141226032898	0.725085524516200
0.462419646303151	0.749951206904359
0.542266499173657	0.718296326965978
0.619889862150277	0.701121241439511
0.660720618158980	0.697654874386535
0.694540691316254	0.739203721515183
0.776489361952173	0.739750285848801
0.859825951203780	0.728067512822586
0.921722727955022	0.732755116299436
0.976255479801622	0.723953163507151
0.040020075155776	0.805074890026025
0.084013223085556	0.772213584719508
0.171225505426113	0.787702014038270
0.192374654013518	0.766542184708883
0.250826159041218	0.768325200279552
0.334899040526338	0.791742092415630
0.384404395941972	0.783521304671541
0.482813776568583	0.784332618503676
0.525833658399837	0.791673132490058
0.612182718756884	0.756495223775039
0.685220882106857	0.783248151398322
0.745814155815359	0.804276886612474
0.781396099097071	0.781589522266665
0.828188071089258	0.784665338586705
0.905616612297161	0.762253929616360
0.982684914222379	0.810270852496096
0.045926825576096	0.848815308208302
0.100315086348638	0.863228689090635
0.134506004879253	0.842238004166223
0.246655213849539	0.838832890169889
0.306121411499014	0.820808255406634
0.365585108809309	0.849462383348020
0.386127081644052	0.851374148880451
0.486340356565509	0.827676548684290
0.502179656440201	0.847568209233011
0.570931086726121	0.840097265833779
0.669663954929487	0.827129348155490
0.748485022849866	0.855534283192371
0.796425967662694	0.836375538541790
0.832297522986726	0.822112971438820
0.918574900463823	0.836985528969552
0.939797605228330	0.869358892274755
0.059146762912079	0.905936084622153
0.074434133496702	0.876032570304473
0.174536952192904	0.875695128430541
0.195943584187409	0.875885427071104
0.258635062668155	0.925462489741147
0.335246172942628	0.912727353841236
0.377402969025402	0.913070647287665
0.457533068843194	0.897539443967407
0.531411818672533	0.892795912881916
0.603241223051036	0.911788474340408
0.628704547635560	0.902398991826898
0.689218680694867	0.935096923115802
0.774408010014893	0.903224685978080
0.871955301539147	0.894854922652560
0.885187080336080	0.905458787710629
0.978622876743000	0.879498156443471
0.000054489501066	0.964496446867007
0.068886362396038	0.956585079537841
0.176140547931111	0.996095417066500
0.222016396620198	0.998870334602280
0.251911790561725	0.943316076505188
0.362834280965113	0.996151976315573
0.422250393221562	0.960629600178364
0.441487242104832	0.960697974956873
0.542646779557724	0.938973110882559
0.597446164124400	0.997627831587481
0.629696671502827	0.963514102134158
0.714907552063793	0.941757331996168
0.776852292378748	0.943268469376086
0.841732300359111	0.966913103322013
0.885315596012006	0.972266058227342
0.973800552056939	0.939224900503579
#
0.030986964229608	0.004213997760488
0.065673024467116	0.003672967170988
0.173919171455530	0.004138210643814
0.195653919801850	0.052204614764709
0.285854371083750	0.035387381963173
0.337587070991888	0.018078737678141
0.399496760443318	0.035217617137292
0.471473024540225	0.007792956168482
0.511870014018349	0.012882488913690
0.605761450856403	0.031631838508563
0.670120281687151	0.033169981099938
0.697245652163924	0.026044877383054
0.799136449929009	0.049715024779950
0.839529138297548	0.024901104456489
0.916756344081195	0.040475239142653
0.960088940648150	0.044023568082839
0.024212677837748	0.097255103269069
0.087756415281970	0.065638697488615
0.168994637783965	0.094990626741781
0.219975856824307	0.088532651329537
0.301048711186985	0.082137919966978
0.358414185215001	0.089111886357216
0.432072313355648	0.078234614007695
0.478215925215794	0.114080046519307
0.519878598502227	0.108323991658591
0.607259303778354	0.102450610482472
0.639745155978539	0.095959333390570
0.705274907818012	0.106124772409355
0.795986080727537	0.114236177393872
0.847908677978071	0.067266829603996
0.929236215581008	0.092958299901327
0.976263814556590	0.068994027316569
0.004279505942664	0.168803613250215
0.097790784516323	0.163963500535806
0.150327713845840	0.146878802048014
0.237798163679032	0.128934685796600
0.275752947409813	0.167092987098636
0.353219571474641	0.185969826342997
0.405310083056756	0.168732159533825
0.444184472596781	0.177807436671645
0.505891903348591	0.144360742696296
0.599550341497420	0.141504161733087
0.685761494634385	0.180180433466490
0.738497977971797	0.139335574963907
0.753384489697843	0.144555230062002
0.829910595934468	0.182762111667023
0.899069236858997	0.180686678692160
0.982620856676977	0.170101455583377
0.008118482279386	0.196573652401933
0.089107627622808	0.194717251726477
0.137231336691121	0.216063485312872
0.234401328223618	0.199491818423730
0.272414254888407	0.238532132859349
0.346893041984735	0.212944741585046
0.390071511868753	0.242768452472000
0.495185021018885	0.234979618075299
0.514587913526825	0.211547205419407
0.567709483673146	0.241503104347271
0.653969865153537	0.215015592758431
0.737104658747465	0.237247531211993
0.758264810037977	0.206785981038535
0.838431369068201	0.240158594429413
0.931949480639177	0.199096439481735
0.999050941172533	0.190654081802502
0.030761222522301	0.260013856665467
0.117227608569019	0.254248203652503
0.139925019440689	0.293865710608979
0.227143449819913	0.292843112440976
0.267925996774092	0.252584773596629
0.355002285806113	0.293438417978105
0.415213321374080	0.303180973072462
0.471229767449254	0.302020936008664
0.502656996134356	0.254174446353380
0.619200462212134	0.258874568799249
0.686128680230148	0.284972525486367
0.742672143895219	0.287266191962353
0.772061299756067	0.296401307565137
0.830788522380937	0.264788293937987
0.897958141436791	0.281894927429826
0.955467335025423	0.268296064755017
0.048349473854957	0.365579289527512
0.121214215962965	0.328363053387930
0.160828396482586	0.370047377173916
0.234966177897287	0.364646503175526
0.296562898594784	0.360458227176675
0.342018294155020	0.317325062934501
0.388917955456748	0.314604011131940
0.495495771275134	0.333579968258524
0.507110673601183	0.372041257228595
0.616191372884482	0.344137701678937
0.683469631082488	0.355309863133661
0.739979473595153	0.371097257811017
0.796446598145749	0.339721538773091
0.849862292373986	0.374569864870764
0.890421007938083	0.353722463589796
0.994273882343381	0.315257799273882
0.015130873118208	0.381309452177097
0.117249069195182	0.407924654624757
0.177122414910030	0.421672155276563
0.214639458069494	0.431231228575048
0.265849038001813	0.423647985397523
0.330774405684386	0.429770982284046
0.429480482458482	0.420729948058312
0.444628879022116	0.412718126821033
0.517274894886598	0.423076078234142
0.571896510390075	0.400452339256404
0.663195551483821	0.375929987989583
0.747038613305669	0.389997493333648
0.789976742971916	0.385934991255271
0.826162051441768	0.384704660611973
0.907298120270087	0.379626520983206
0.964754069055723	0.423740914466614
0.022621731802966	0.438448450659273
0.068975188974635	0.472348308096954
0.153527651818243	0.477200082090497
0.241160151648489	0.442724308698723
0.275179967042683	0.483334839412904
0.343532595645178	0.496369383631709
0.383926452154160	0.445382828564123
0.479982462168551	0.440674371479702
0.558603364449484	0.493478582268227
0.594164942442245	0.468300245593023
0.684270221244490	0.480291514783816
0.710202664927976	0.464840559644471
0.809396934360125	0.480622705358691
0.856227416831820	0.442721052227477
0.927906769558416	0.470845085110829
0.995087340254706	0.441953252056137
0.041215811138092	0.504350852149504
0.084872241966629	0.532046052241825
0.134676949894563	0.529351061129559
0.193347510533837	0.539991064224739
0.251822685052017	0.526199840524630
0.315325144809979	0.516598766207834
0.426190798211887	0.519295702169020
0.455078540039267	0.544137652871813
0.519514257529404	0.557529593060033
0.617461913743746	0.547136168967033
0.635828824090615	0.509279996682722
0.742224242027086	0.557645203762838
0.796434894709716	0.553181114138728
0.848612631315741	0.552993180577292
0.919017078845416	0.537235428063952
0.985734822297989	0.542635106054981
0.027803106196295	0.594005332233851
0.113300222042203	0.617894968569254
0.171629676446116	0.623179631292745
0.205539385137507	0.592855227230549
0.289641067045657	0.614842047315869
0.357283929562495	0.599875618959748
0.419288127460584	0.621343378180485
0.488730798152678	0.616279694045959
0.503760905253296	0.593418754673544
0.573257473896550	0.614393528897640
0.642635673899817	0.624847285886027
0.706457423370787	0.613522408425580
0.807836249134931	0.614585690488942
0.815288529309977	0.598391045329834
0.921751161204127	0.601090320831535
0.945848485136719	0.601294290341622
0.005003648185521	0.649351606907871
0.105949699495907	0.654582453491069
0.169360719689718	0.679484485282908
0.202723176906054	0.640942733491175
0.306301359100337	0.647745653439254
0.320479589254358	0.645168589112621
0.399240579534494	0.672087714974672
0.473368513842781	0.655225428555912
0.535490765433756	0.651503381340067
0.577113892318940	0.662966358717057
0.630264243024929	0.641167473037184
0.722620686276960	0.649771161441405
0.801116503306808	0.685994922459590
0.848159554160819	0.632751073384483
0.907143715165356	0.680340035845954
0.999870260740833	0.641441993404632
0.060015140057079	0.745658770639137
0.105372508095548	0.711302413014067
0.163121916653617	0.704680799656124
0.226770962888671	0.692825214007247
0.257618088058689	0.707930154957676
0.332936592710422	0.704198278345097
0.388246770150901	0.710550737005088
0.440135272773363	0.723032007089474
0.538656003942284	0.738090428069837
0.598391586457354	0.721899754303019
0.658481929910132	0.714884681633530
0.738201238910714	0.743386963017026
0.755469347977305	0.729516907066460
0.835588297113564	0.693453953719221
0.900398555392259	0.711272880920738
0.967072688864910	0.746827312729863
0.046346270082599	0.785343715871066
0.069095653847115	0.762133479863320
0.144106168348018	0.761914246863898
0.192113342594149	0.786441896701334
0.284813645725910	0.756189293840711
0.321931519504155	0.794254393225246
0.387048559760919	0.774817436138940
0.453608394618753	0.786992366987279
0.540968647527268	0.778900638098456
0.574700067171873	0.790259702591635
0.667216073615061	0.771418189052823
0.716736136258518	0.777871287565299
0.758242645986784	0.765228832376941
0.855193047313996	0.764775895124133
0.916813751677823	0.780879774050759
0.995187250328643	0.787745286282791
0.010273353461007	0.834151022723329
0.111525960176141	0.828255306729291
0.165982956323652	0.819128407006880
0.226346301229518	0.856069352822627
0.276155678110350	0.857479037902080
0.345930568998081	0.874925986761792
0.407383484409629	0.829194035355862
0.462145125528249	0.856160111022452
0.524183146268288	0.817686296578656
0.576017054499480	0.819859588767835
0.662742566136933	0.856217070201812
0.741818182372213	0.841191346312685
0.796720701411651	0.863769083484954
0.823785990013575	0.862918635420017
0.935328448641889	0.874151855663315
0.963890191086426	0.821498350402456
0.009695624803937	0.916879949824507
0.119904274046981	0.883063243936762
0.178404603064038	0.902763781668098
0.248258075458174	0.915545256628665
0.295275461841439	0.882828836927733
0.361966753346372	0.901820624006055
0.380761909649186	0.897132833013226
0.498700377865741	0.879174928880337
0.501094566687498	0.936125100735488
0.594646807869348	0.896276890363376
0.683825342027430	0.905660190539355
0.742077755070542	0.912554925287272
0.770815670466008	0.916756776389493
0.815953074256762	0.917665241237885
0.926480897801574	0.911692630551800
0.945817440691944	0.891391511966682
0.051752701268241	0.954544804048386
0.124050793630665	0.997597772860340
0.127702866958036	0.982355409239502
0.204065196991215	0.950502279886976
0.257144874007126	0.974884584583897
0.339498668726184	0.981889174941319
0.391313826829152	0.960581579760318
0.478766592083561	0.974845709971815
0.542873136127105	0.941886993009687
0.602668349320341	0.949174903961638
0.678201549684327	0.968241421833108
0.734697331001446	0.967130556825928
0.803380760755013	0.986124254716240
0.833034469256069	0.951748017239558
0.916668298591200	0.962404584576121
0.976218071324103	0.991077949101706
#
0.048755329783018	0.056064970120454
0.112792654003783	0.031540425108755
0.130543808512283	0.030435288113760
0.193373477015033	0.015981201479091
0.276983816881427	0.008178282501916
0.342476175741171	0.045716443677250
0.387966623896609	0.037426825170388
0.464994779008556	0.007942343816497
0.512720839065202	0.044514441582028
0.585640178242032	0.059545626121002
0.644434808496021	0.044872885463963
0.735867649211634	0.008257120675002
0.771572920469701	0.029100548104406
0.838650065262022	0.017598709808686
0.876955019557955	0.054895503313722
0.995355844714878	0.011884205730023
0.002191070569607	0.095587379554191
0.067847999701707	0.108353211147677
0.165143779182724	0.105497564562945
0.196504120251398	0.085803912463203
0.296107347643377	0.080774802398699
0.370211192885812	0.076222988867369
0.406419292623508	0.116673816037172
0.486187738683351	0.063473656802898
0.539044134604406	0.117460219173217
0.569442337846137	0.101933775638913
0.630099101196998	0.103106091026707
0.741061858350542	0.089665712154742
0.758908418009269	0.118116555399172
0.843125449195068	0.063541756593865
0.929392182746528	0.118968392895527
0.942127698320460	0.108622152310825
0.016695565911754	0.137594557952274
0.066445170175039	0.160835820738770
0.160277452881047	0.171644764555768
0.247129431823182	0.139183959155736
0.275176530942595	0.158415872960681
0.350019481638451	0.144889272171978
0.431129469520210	0.186116870492375
0.490039910100177	0.147690152259937
0.532301412087935	0.151211655733923
0.597571826708171	0.139775948456902
0.680867714558464	0.184524488329078
0.730249271825363	0.179454466457119
0.767710007847685	0.143286197988965
0.817564125930673	0.150375239848014
0.883063353265301	0.154973881733598
0.999347498931304	0.129966481066068
0.016481549570216	0.247330479570625
0.101098325112508	0.210711112804294
0.138186332685451	0.235643140211618
0.222644837232107	0.210276384304808
0.263949980482331	0.205060703523937
0.323169082245596	0.194838684592358
0.387650310472271	0.189404194782117
0.482002233747510	0.228440424014917
0.512385924611563	0.246165294446672
0.571675806483062	0.201841157951704
0.651568453736037	0.227305628688728
0.737079751005415	0.225860821572333
0.791888604939889	0.204082064916515
0.820168853739199	0.189459158384581
0.930385750498480	0.242403411755781
0.973463575305874	0.243838070395598
0.040932126280021	0.296614365575745
0.072175215582753	0.265664196431326
0.160933608008417	0.306376934166503
0.200706238919684	0.286652303833201
0.304680684972480	0.279521437223191
0.369124870484025	0.278621588578360
0.380941133074449	0.257349138833780
0.471048391621105	0.256398883606051
0.532676106893964	0.311095434182462
0.624834500922550	0.252163190453351
0.628921460797759	0.275274358943052
0.696151433616446	0.275954229501298
0.774496588759822	0.309216718741627
0.838772413821722	0.306162595165349
0.934428967578437	0.287276348762628
0.940534974783784	0.259281385430200
0.010331393032761	0.353864166123994
0.079927446135536	0.344948232079611
0.168369019326840	0.337286765518316
0.206720774008245	0.346376932728774
0.296979756149109	0.316852472083260
0.370701746388385	0.369915411893724
0.423861469881111	0.341901538070967
0.481989306786444	0.322946668313920
0.501182006148431	0.343026327165548
0.576960890644570	0.344251471069700
0.634150766304031	0.354302647227725
0.729813528431652	0.326763955239268
0.774423572444223	0.372195703296968
0.851226572116424	0.371867624387231
0.936248792436963	0.369619531351984
0.957226532938012	0.334649127724033
0.021353189038079	0.381558995084269
0.088117016165195	0.422049824086612
0.145129610643519	0.377047232061636
0.246480726577919	0.433867142171102
0.300404043152324	0.434102019498032
0.316908373527557	0.425127055813239
0.384821857109741	0.417110352859509
0.497613792016081	0.401761019695960
0.531556519672521	0.390454691489100
0.600356600372553	0.419649236802279
0.657569099603586	0.383903609125154
0.715908725708935	0.417370192745554
0.761601883920748	0.434430105509104
0.867013512846784	0.383677784151788
0.909344186170340	0.388505754879095
0.979142228180226	0.413662308414039
0.004856010740007	0.473164780801317
0.092104669216113	0.441873818957101
0.154364112509499	0.470852732302354
0.187716282744127	0.487690154256460
0.269064855053221	0.443856751620503
0.366539142223550	0.491002889813623
0.397151507136796	0.445930786636525
0.488080450709229	0.497145243337645
0.557884273278267	0.490267208425856
0.607790364879833	0.482139102441058
0.672123333552066	0.466955012066629
0.709509190715502	0.454595354084064
0.806906271448104	0.485869206717673
0.843818936198675	0.498139694565474
0.936371594230615	0.471269613707268
0.979252205254569	0.497301656955923
0.048353096772533	0.535412809848882
0.078573040842561	0.539955156937348
0.165300146496808	0.559737649119864
0.218577473460715	0.559882935805335
0.294966911179937	0.538439125704681
0.368538759720055	0.537107029909293
0.395865522984733	0.548663150355840
0.469060808340218	0.533088943535832
0.546066501523267	0.537233093922197
0.606999141261796	0.544912886641666
0.648222578680311	0.513509648491398
0.696208898431204	0.509666323445776
0.795827988327557	0.556247261875250
0.825114639973644	0.538055310456677
0.935245037689513	0.508058154608137
0.987987403580450	0.539171250051393
0.027839962079385	0.572013627361626
0.069874987007905	0.592555923088816
0.170728450258781	0.565133368000419
0.196666483638498	0.586699233628856
0.253413026818520	0.611774645247910
0.355007105298575	0.613987279660415
0.407880241873879	0.581757615746874
0.489712883250255	0.606096635568211
0.507016826888317	0.604228823018896
0.569654257809663	0.611931939402579
0.656424133812875	0.590527637329774
0.687850854286889	0.564381101125474
0.752753212044540	0.577168573177692
0.827994174691381	0.566488257624788
0.911923656379670	0.563626902760269
0.945886448944427	0.588081636093692
0.031496432806364	0.672870612859929
0.081205465049414	0.648520707594818
0.137877298216423	0.651916533860359
0.242201797545935	0.664502371722949
0.281865618446461	0.645326606846723
0.345312397439920	0.683203237552243
0.400817731692413	0.669537437333385
0.469097716915793	0.633758532700305
0.560182228436503	0.660364039963545
0.621719929403444	0.641019889564724
0.643108576700466	0.644882583616973
0.703667700672794	0.649181800245233
0.766403618796357	0.636499078990658
0.835403404509510	0.629089571099982
0.898149964288610	0.676908882114084
0.945253476254934	0.669159814172694
0.014681634132793	0.734203774187296
0.121611887049887	0.725053620809935
0.157299331731582	0.709055124306831
0.195125329426403	0.748759903813773
0.277680150952698	0.711062429507394
0.366973789465142	0.706166665088657
0.423471727128716	0.711484309713469
0.451417197360172	0.723593594281956
0.509649160407635	0.734151199849241
0.592456859281509	0.693899454899691
0.626834765644589	0.735751501092047
0.740608426376271	0.711384311003816
0.804055612794253	0.719024597398011
0.863596699809096	0.688987314526804
0.937085051016669	0.734282421279182
0.964280938110147	0.710098576839105
0.006745303371396	0.751838072072560
0.065773276132712	0.800922780818870
0.180292809700545	0.756204160193727
0.197581754475851	0.770608616517416
0.301518413730436	0.782442151634591
0.365112147044300	0.789488055490537
0.435675350483082	0.757381014440297
0.439582060702863	0.783915864340709
0.512724275325361	0.792522789774817
0.605598171033337	0.754636507395105
0.684406558021881	0.787842495332086
0.730552806106990	0.783845252030610
0.781555233792531	0.760663902636888
0.854240323208328	0.790771950860688
0.876378290166351	0.777055157209294
0.964940103010144	0.773519864864303
0.057354188100983	0.831268298196669
0.114989092367466	0.868998830627301
0.146417654735599	0.820158816642980
0.230527512550011	0.838393878212290
0.265672756755532	0.820493762572411
0.332146514444530	0.863385672751089
0.385931972838806	0.842022799093282
0.446323004058521	0.862028085827368
0.552324774250697	0.838179017102970
0.568189391576613	0.845135902891666
0.651065968754367	0.849900602168031
0.728008746775568	0.829778660674877
0.756221269840892	0.829650833944825
0.825048989953950	0.840773762108473
0.909852484569385	0.816779945686990
0.941243829744925	0.873237099760034
0.006575311157288	0.924072306498203
0.086583037109599	0.888938809937434
0.161066725509257	0.892505806307310
0.217346930315799	0.907208284501617
0.294853882699938	0.916957784977732
0.321268569389071	0.877143322097753
0.407989471998413	0.924304239303294
0.452678688805359	0.896817644582902
0.559835359948300	0.908046566277753
0.601551474372170	0.922422108440642
0.626973265971633	0.895670809977029
0.692349228223285	0.914691097985415
0.800613458774894	0.906569673832639
0.872379594671046	0.922771378184033
0.908519976125336	0.875170502331497
0.976198861559084	0.894050113730261
0.004976938901813	0.998344382707343
0.073068570842866	0.986419064498953
0.155830324110768	0.957077680494887
0.238867138771775	0.947626051859145
0.274344175535800	0.954153973714950
0.338615812047179	0.953674387918127
0.407874391349120	0.961549381600122
0.466310534603850	0.970020650369702
0.538338176973243	0.999986270850055
0.581480222860463	0.980952038512554
0.656436897457795	0.955743712144495
0.722859791619205	0.941811952362608
0.767322950316552	0.956785674211403
0.825105953979098	0.969850700574427
0.912653711240309	0.960627698243043
0.978597857940732	0.984098322191066
