0.034517119588451	0.016819037064402
0.081525392805698	0.002031675540384
0.137370976302161	0.013532764441574
0.249832087341890	0.035282107311134
0.283926462660643	0.003057513299412
0.341714000467144	0.015152166601073
0.382545755246548	0.004653297642282
0.446797137674712	0.055165753174263
0.556429039816472	0.036501672345680
0.597705112792948	0.060863018603032
0.636866275718637	0.025262303961851
0.741929436755467	0.028710913487294
0.783907451849409	0.037817186830290
0.817300594558427	0.047269980012153
0.919283356484208	0.044016262599387
0.944745828966784	0.036169041305820
0.022459116202071	0.097617736880229
0.075863670022428	0.083211248337922
0.141897839148738	0.109977757423762
0.233353705374374	0.097499630131060
0.253770599317218	0.080643189725965
0.327611938893705	0.088044941023818
0.408205276784884	0.073839071689602
0.480499190884991	0.101764448345468
0.518750467400241	0.110836321703004
0.582721959236712	0.066996182490721
0.664366159553608	0.092046425102639
0.696045074934034	0.071913642330774
0.778477436040057	0.080171385827747
0.845952159907541	0.068214220709217
0.913804995632685	0.088471115805668
0.944001961850212	0.118297157603851
0.044666584315050	0.134837196065308
0.100292136581333	0.130374573667155
0.172790253138586	0.137606977604471
0.230217993007442	0.152781477029850
0.258048154386470	0.135909244930001
0.355711600447705	0.135405876530662
0.391616203345851	0.173762028407949
0.455191262827183	0.133927067816590
0.518690844871148	0.168184178760435
0.576342630407038	0.178853043687728
0.636606981922315	0.166464678909156
0.748504544607947	0.169679513371591
0.765141799933077	0.130043049707902
0.855879223042489	0.128992484868852
0.924597727306443	0.147663728921363
0.989998442584183	0.147351244498825
0.027034187943101	0.198204051778466
0.108327671954368	0.248378524396307
0.146806450376591	0.243545832649350
0.223689513114791	0.190767694469138
0.293274837235984	0.245609530945218
0.347926935422101	0.198519562490056
0.379132126808197	0.213005927237218
0.454461322664740	0.249428887967819
0.531431475050382	0.224280420102710
0.566227391290299	0.243054712276919
0.644732449644881	0.194796167650445
0.688121667088271	0.227164536039849
0.790052516467998	0.233571704080345
0.874949081597139	0.195504812336412
0.914181660171408	0.211559183057179
0.988858919137008	0.228946634621580
0.016536426894375	0.271649737381760
0.110263660357512	0.281768600580229
0.165506645420801	0.268803773132107
0.222418199825314	0.293810081649295
0.311012214107558	0.295309863864167
0.367388765311308	0.311915776284741
0.400704878039124	0.276733256649862
0.460264909261084	0.253882568810690
0.549980050459267	0.263684792563711
0.607049739842664	0.263219606949300
0.672534347100890	0.282341623337088
0.707825507173041	0.310401321577467
0.772380457352237	0.255094011228088
0.837279967823946	0.272609603218178
0.902093379793710	0.287121657960145
0.977085853965158	0.272853050851927
0.041005357832998	0.324980790875266
0.106350303128443	0.341057706150705
0.143384633415468	0.356728863199644
0.214856058962144	0.346256662837406
0.283716188198588	0.331844803532433
0.326167534719842	0.345625659080252
0.392973559607163	0.316153326843901
0.485024361940456	0.332705234895159
0.532072129084745	0.347580001319312
0.592814623676314	0.363008590455984
0.676216237797336	0.365438897422384
0.694808835223622	0.314791341050829
0.793013606477881	0.371524261033401
0.871027862652211	0.330449091856822
0.934800664544408	0.355322794547613
0.943959965604930	0.338707745983547
0.010444397021887	0.401629194565264
0.068653587602580	0.418819560286663
0.150389336521129	0.428902436045791
0.222467876513248	0.393249698729662
0.311676775294281	0.381796435032575
0.313707522684407	0.392391657300734
0.380074309331848	0.376012802473505
0.453652039610583	0.386469168052769
0.535531186172280	0.388092584721882
0.608530287627021	0.430543787426558
0.686186539358154	0.401011941887790
0.709165770143542	0.405954377398233
0.810957746259742	0.411436780902775
0.827802947391244	0.381272547355916
0.927342371779923	0.398601485159854
0.971629033484293	0.418105729138038
0.011701642523799	0.440274389708711
0.122513768699140	0.483837611693036
0.140795542207383	0.494471497352228
0.200086409083471	0.440269844097847
0.300739364506616	0.464141307157497
0.350420277079782	0.470604319220433
0.381418011007229	0.461321260814746
0.459160523552369	0.450928272769886
0.514019440469919	0.492312350206732
0.603291313406264	0.478112824401612
0.650547051458980	0.491026512374176
0.714930116889284	0.497845061792258
0.776838751559690	0.481993437129304
0.860759842206202	0.476662600785881
0.906326668766287	0.448947448649897
0.961719368764716	0.451693065074899
0.020243857977387	0.531595325090246
0.097932512909275	0.521075927453599
0.148519970074650	0.512605610699417
0.247522063654620	0.526995332583202
0.298122354474180	0.527616132362773
0.333248237996769	0.536951940573508
0.419442230438451	0.521850893817458
0.476638464469961	0.529618171996465
0.536365529254280	0.508047742319886
0.584420266580866	0.523201530717360
0.656946011579001	0.557553886143736
0.709616475161658	0.533608872975132
0.770096066194260	0.557433046428471
0.858340280257594	0.539095676513178
0.937068447528772	0.519604660342355
0.955703190211952	0.513748429093102
0.004039284745008	0.603841514932886
0.093867763011103	0.618643182924982
0.166974509261077	0.580231466698514
0.225691258814347	0.597831865533449
0.260387162520291	0.608663274131520
0.332979011281389	0.569435418192166
0.384925768683880	0.609561785193407
0.459590141652057	0.610348467260564
0.527294501115637	0.594761545253513
0.576122362329886	0.597958510691640
0.635128951633845	0.568186411518996
0.698416030953735	0.599571643405843
0.785727351999545	0.575008792034352
0.846867472392476	0.585904050827586
0.893301735709142	0.567561852586819
0.981290939754409	0.610560111610815
0.044232328519978	0.673573860298743
0.069217785015753	0.638691773364831
0.171101548137633	0.677855861734798
0.246297931981692	0.663986964291308
0.271197441155370	0.641365164007029
0.374202730177600	0.673023414008907
0.414074022390198	0.635162153632884
0.491532282465261	0.626237680160845
0.559989942775571	0.637144103649106
0.610719507498601	0.636009566823139
0.670304292881699	0.668064278866063
0.723664837926897	0.672586374330587
0.779169307912041	0.632306721339656
0.855509402240396	0.629305304494758
0.918957023047599	0.632920524063618
0.974578551592906	0.653878899501608
0.041120697346311	0.707963288053396
0.092272607354627	0.703624197212892
0.180047740270395	0.738543426018684
0.225835729908626	0.725924211723247
0.288271116771100	0.699006191879512
0.340177622732049	0.688551876679657
0.396389464416166	0.710410230463699
0.440029877020286	0.738089330971844
0.506447241919569	0.698895284443022
0.575485569078705	0.696268859961715
0.647321200236287	0.698484610157549
0.693512789295291	0.703834247459037
0.791728098449932	0.694783689033888
0.867510254202064	0.734522808703366
0.900810456578808	0.729770827946433
0.990289753955507	0.726478278704215
0.023919756573490	0.765119365449091
0.067820443089078	0.778948892613162
0.183402363166307	0.756804104925088
0.221055944661739	0.754656236503426
0.301708970274592	0.770017980166017
0.344653361921002	0.798016797078428
0.399064607254477	0.810745267546327
0.471384599361658	0.762740063964212
0.560845875035353	0.765673198668094
0.620183739024257	0.788348380717996
0.648581268533268	0.775031609568403
0.710269043125508	0.774788827379185
0.783814191738799	0.804199111995217
0.847897059830813	0.790205156323548
0.893946422268391	0.768942228493733
0.940216957024582	0.765643999173339
0.023645001148955	0.856433641743249
0.071442751085023	0.858317972011473
0.182928153792845	0.850886651425596
0.236004403556232	0.817830562359963
0.289305180887879	0.821767321105992
0.334353947624181	0.851737225713846
0.388057712715947	0.837820448496570
0.472846355006412	0.862435421554240
0.515676230530528	0.816971961395343
0.604118809346487	0.853096440065558
0.674860253374176	0.837391044906664
0.733204685467809	0.844406425538335
0.750063017723747	0.852526394746971
0.815168755318776	0.867306877187757
0.924867569218592	0.816119511889089
0.952202005533549	0.839348193133331
0.010078146401229	0.875245411967683
0.064121479125256	0.882665887214864
0.141824131253367	0.896328448221048
0.200826444287860	0.920406101151115
0.307439011957017	0.904731507667394
0.344541685401239	0.893433578433104
0.375900762068550	0.877523009724105
0.437950024541456	0.878059071605806
0.548191705497026	0.917307118254785
0.567644414565909	0.924774340380047
0.673094625683291	0.931521164164651
0.703699213965726	0.917039036396784
0.797509764623248	0.904526313861023
0.834338462974839	0.893021006446919
0.909789395701324	0.917134972371774
0.985351740088163	0.905628807646136
0.055216117280120	0.964260949264691
0.120203034878406	0.995347691320429
0.171013048540571	0.975241466070349
0.187780877720863	0.972602921677195
0.274353948252824	0.969749770556751
0.332424030381936	0.980646548584487
0.402419228607886	0.965889369420681
0.499201313796034	0.971695596811291
0.552949297501577	0.979381506180945
0.593793911197291	0.982655042254518
0.674435281511847	0.998841032050862
0.687709000965745	0.954866971344423
0.800500690512243	0.953749198586738
0.825456743437205	0.992718314022692
0.936391549533906	0.992784098938639
0.987948194841842	0.969753266436107
#
0.048664162790790	0.049680271561300
0.064953469599121	0.012437479675267
0.165256119007886	0.047716657467586
0.239708062520881	0.005086842052426
0.283283199686157	0.035902601907938
0.325827761876473	0.027314064201157
0.395310690296537	0.015218010292206
0.478095120861683	0.059757656737291
0.553671903818886	0.000580913431030
0.609214062871578	0.000983426900577
0.634774399952678	0.062309314889673
0.703938005321295	0.032860815270771
0.759247930271492	0.041575201462040
0.832406096907194	0.017119862521561
0.891078414864856	0.033646663469529
0.984904734676216	0.028568404529609
0.056806222476136	0.119819990750942
0.095147952896112	0.105988851089144
0.171546747642347	0.115554909045006
0.217129095071491	0.122174325092853
0.255243370005103	0.066282775865119
0.343024711699231	0.077107993350855
0.382643968727240	0.106146554458222
0.485891995715418	0.121964041026534
0.547006290198654	0.077891556476916
0.592511085829467	0.090475375523203
0.636482718316019	0.074670013421488
0.705819554689415	0.075546162016817
0.767356292188600	0.086127593478567
0.812815476267206	0.064153785002803
0.900816425905404	0.085278441989277
0.954268662452062	0.096749209093803
0.025813121310974	0.165036031898352
0.118670633279525	0.133517610231302
0.174112914970986	0.176339056820455
0.235042132724785	0.150105658909913
0.250695927112409	0.126727589639306
0.330000664140680	0.152104938874744
0.391008444134148	0.168093927607544
0.490950777906331	0.142920738032069
0.531948981130135	0.177919061270174
0.602001028726693	0.155157951426845
0.626184993234623	0.127605016620388
0.721443985174746	0.143783616255686
0.795716281205117	0.159365661755871
0.815689636962649	0.140955130922598
0.897954672522134	0.161147459505859
0.939417581743774	0.175517841952508
0.048016539218490	0.197676145765040
0.084930737493544	0.224385345654303
0.164333571718152	0.208922723880718
0.243591602322667	0.200082127633524
0.292381632253500	0.200299231425812
0.327457979586897	0.198404633733655
0.378383004703997	0.198603931729706
0.479521913740207	0.222694562959996
0.551700673994888	0.223062993763146
0.590636679996535	0.218471846725087
0.672618601438617	0.226843207559861
0.739956743023348	0.212357790797217
0.759205934346352	0.239334462295364
0.821064425197794	0.219975651002018
0.884097655669692	0.246936025097253
0.946672826265374	0.212335545226195
0.041536308558201	0.307378351221531
0.103783683700902	0.261635116260530
0.153866855216065	0.269853606038926
0.206632055928729	0.301574356123822
0.277248477904300	0.250203877338256
0.322663592395294	0.300777463094163
0.401892956090600	0.265374835409544
0.498660953118503	0.293329571893166
0.502975741081865	0.284471237603452
0.572738388875788	0.258329171441921
0.652290933364371	0.266207712735331
0.725713996705765	0.287881106088842
0.776307167695208	0.302807429541207
0.821157609070921	0.261717242424310
0.885371000784885	0.292496649631065
0.999679411586765	0.296142547212924
0.038111755065762	0.321255486591546
0.063651849603316	0.312663436750919
0.172645918701344	0.351507812849364
0.214893106552165	0.327141021541818
0.274225809340534	0.344289926935870
0.367025124867685	0.345289811848847
0.388292420905966	0.324066663643826
0.485762697233763	0.329407830362769
0.512793308403411	0.346347350445890
0.594667332268941	0.341426153470279
0.657230203367591	0.354726025335194
0.696140243368256	0.345209851621233
0.788899845569138	0.360387617718751
0.859072414514160	0.339750795893429
0.919530986687641	0.352035551108312
0.967786711574948	0.326054584587355
0.008963104485060	0.419981345952251
0.066159777809787	0.377622493499686
0.141601516898163	0.435455365717168
0.241827615840437	0.421017407785057
0.258797696560807	0.419190241790887
0.373520674110861	0.399473503747017
0.381423349115398	0.381964952424626
0.472013646628362	0.405240970103243
0.534853040365235	0.399277011098288
0.624823826772586	0.395909622694810
0.670022670844924	0.403304828788574
0.717180656872732	0.387219540734012
0.806924797680561	0.410160404871022
0.844486053443860	0.426347777142969
0.884353038449621	0.401773381591605
0.959696841111220	0.385899097181018
0.049781177495555	0.484320870291400
0.116964747909099	0.469184149224121
0.170041709886874	0.491952885362425
0.188065819573371	0.442751260402787
0.290321363232872	0.467969267476110
0.331318453380679	0.438772831519896
0.432472190614783	0.467606630488906
0.453720814363035	0.471296204902184
0.550983466743721	0.498141002899069
0.587433403523740	0.463452161310346
0.667405832132186	0.496523566470487
0.706752308314143	0.473544431334837
0.753712803359077	0.482610673959742
0.816269177929794	0.447155052070658
0.903980049442379	0.467601555566676
0.983586495883899	0.462235990990241
0.009666192915096	0.541924728759780
0.097808016545095	0.502446372382680
0.135756161430212	0.526174198609352
0.249311111343398	0.501923618518497
0.273254045960087	0.562489022777297
0.360978029985209	0.555688400023661
0.425238043474438	0.514029667221249
0.448803699912690	0.525190406979572
0.535957127119405	0.536276464271656
0.562838888523481	0.503765158749014
0.637837156627289	0.537256887336787
0.736033475605313	0.540050000252679
0.776530991256361	0.515475830357865
0.841836467915991	0.503378665686673
0.915193212693602	0.554549965001538
0.987836040830085	0.546081903270348
0.027075316661404	0.599564060402816
0.115226425199124	0.588531440450119
0.146134685642583	0.598926069121558
0.213905887073233	0.608880357827614
0.255290681948604	0.606440526603591
0.327539996262067	0.573107703314886
0.382256814964292	0.602223800067958
0.451229137648183	0.588056592785999
0.555910104636780	0.564422514741175
0.574126258480625	0.614964427205842
0.641287455048013	0.597185308121770
0.713883546594620	0.572933106118099
0.799466856606763	0.597556928777498
0.851562676858521	0.577572833284520
0.927699704928719	0.564588758207296
0.964853089178180	0.617926582939789
0.055670589221565	0.673119157796753
0.096748672826623	0.686111208895131
0.170257288100025	0.663964811925302
0.235990866491569	0.685949845777580
0.268297411985881	0.681952880592307
0.345405731503364	0.670882478847257
0.408467923109645	0.674692186596732
0.480803130190075	0.671686875557454
0.515280547118811	0.661590027500431
0.610238473538831	0.676330780636945
0.667261480640099	0.635723593530879
0.726226371023507	0.668730868764392
0.800104136808683	0.629806423124347
0.863436378739643	0.669493936332756
0.932584654960685	0.681777883683512
0.972528431019752	0.678235456767314
0.021131947816147	0.732340346100936
0.068071753675600	0.692476183599205
0.162092513107833	0.720260498310733
0.232999081544811	0.746687395875735
0.290904209740321	0.709163712255346
0.317949291654618	0.688503221536172
0.410192656397166	0.735884796446395
0.483488222289246	0.714105225567265
0.545723136568727	0.727112873044590
0.590952695528616	0.715630458106899
0.660041228265046	0.745152534406551
0.727254794847047	0.716060759026106
0.754769819105805	0.723841679116325
0.873006501758473	0.748576200785133
0.936704279680085	0.739958371411766
0.993714751994404	0.736712581605933
0.012284284256698	0.791679953787634
0.077866007184579	0.796131320875983
0.168246671858534	0.769771978307346
0.217077748798667	0.761231802188263
0.287116189859718	0.764973027300433
0.324461870465768	0.795805262441469
0.397035835839816	0.751846630883367
0.493000928296359	0.812064181198265
0.505722619390749	0.782694842994142
0.611096792836580	0.786935504185254
0.685025972619193	0.808474742486369
0.730141485803794	0.805951005312021
0.770419148354656	0.765479076686427
0.855113563778022	0.792599193761730
0.901203841209925	0.797302865579795
0.985025722442667	0.766967934007283
0.011584236565764	0.833078399756476
0.074433154676676	0.840036881439164
0.148013468225955	0.820767720813925
0.190924509079993	0.863779713266129
0.296761148270862	0.828025542305090
0.328740005690777	0.872399898507260
0.437267826695407	0.872704357781379
0.486961484621736	0.863763932339792
0.530542806569264	0.847962033259208
0.585922047981509	0.871216846847375
0.665663363756184	0.817222582570329
0.736662135791071	0.834498030225979
0.811483576326045	0.844353502798326
0.865072416983329	0.848995783651247
0.885919022973026	0.814833524375533
0.940670870929181	0.845918042272892
0.013829962601031	0.913528574173927
0.077815082757225	0.898850406409206
0.149760771286618	0.882020118313264
0.216462041316312	0.885545709842245
0.265450330236449	0.877096334429131
0.314158822133708	0.925669641784199
0.389984415483774	0.895100905637397
0.451577085946705	0.892949772391689
0.558924072945124	0.929076934144035
0.617397562089585	0.885698698958312
0.631716210323902	0.909255519168045
0.701826200721978	0.906173934759845
0.802933457276186	0.922602536764485
0.819473863333574	0.910881316312212
0.916413477195057	0.902764218269210
0.977674540956545	0.933034700063997
0.031204389430048	0.983951580183104
0.107257649516630	0.990231107248746
0.147075874488702	0.966430703141128
0.232945775129005	0.963221165488526
0.306684320631131	0.978742910049330
0.324170094786484	0.992984987240747
0.415723627631837	0.963106526315237
0.489077666509915	0.956695838210102
0.533945295327330	0.972387667826234
0.574284954857846	0.974687683593875
0.653807196219872	0.960739330946989
0.743390901667506	0.990214662871490
0.783648347344400	0.942608471830051
0.835119567976827	0.971217838618606
0.885354775108363	0.940361695961412
0.955465337353052	0.975650122936501
#
0.045045560614682	0.048831606135082
0.077824466341484	0.040753365169105
0.148790861703756	0.033888177590302
0.230326538173325	0.031532915083583
0.267550958557416	0.046877478042007
0.350805034506089	0.048637503783949
0.382889007292778	0.018345397057325
0.442834057890073	0.035970001766335
0.518946604865824	0.009814909647059
0.599398850093572	0.036532699473676
0.674398287909431	0.029897320294962
0.689015836542592	0.011423350168956
0.799997081060428	0.045164281221843
0.869414767947610	0.035012025146864
0.929735528055983	0.000550741533644
0.938927289026074	0.017136115293749
0.005125631259318	0.106526319515315
0.108693941128718	0.093970226407743
0.181464411535176	0.066616271885372
0.206868008132877	0.120588793316411
0.278456423292741	0.075847193660063
0.314284005435599	0.094728585500207
0.377014352984148	0.063228704137315
0.485531733266085	0.111812412750281
0.560878692019819	0.079646856702666
0.605778399835871	0.118207529025550
0.686319692962295	0.124416136837545
0.702893890764190	0.123666420374919
0.803862829530580	0.080719664915400
0.871445022828166	0.101596202870504
0.875265755414210	0.093883942718125
0.950148147039033	0.064150008460658
0.035846274063421	0.129023411690496
0.091671890891546	0.125838558306181
0.154281334449021	0.177818310066433
0.223412794855170	0.141110227767171
0.274564847195769	0.147671794844249
0.340467543595114	0.127402776008798
0.407578764723749	0.131511863147959
0.450167355392516	0.148352040652733
0.503754279620772	0.154526065896388
0.624542803634434	0.134591238007902
0.667343121497506	0.144006536244766
0.706429081624124	0.168452948836715
0.761067445116017	0.183164470551574
0.871089487233802	0.135169683186726
0.886466174840221	0.150995882132206
0.996325359635247	0.173575415592891
0.035724560156400	0.204040736327656
0.117713748941364	0.194144672919448
0.131015234468159	0.206124897846865
0.189224183021398	0.207390543660123
0.283076628919359	0.198297155834338
0.363977130237961	0.217986858602494
0.418370544760458	0.202505913653878
0.493498739275615	0.206956217753924
0.536348675880895	0.189172158134559
0.609785201810250	0.215601480237814
0.684799545982340	0.220258264984646
0.722809660765997	0.213677626429400
0.789640348850433	0.221344609243410
0.874288906459531	0.243552305515868
0.888749362918606	0.197615769665017
0.965982923494532	0.234529097138911
0.013584612842785	0.306791017718332
0.076762098633163	0.267154773206486
0.174671928686363	0.261582052876261
0.237079619557965	0.278236036704792
0.260290321125134	0.275845032977137
0.352086622189867	0.300666838008484
0.391889881026440	0.259959138029944
0.438272656829393	0.294902324847039
0.522578524401779	0.264010064932869
0.591246560470026	0.271819502338609
0.686160766795781	0.288121829429437
0.711076665937104	0.256018555826395
0.805162706439771	0.289714011154653
0.865292354746557	0.293773812295700
0.904157113392525	0.276511630864467
0.993105848172704	0.292270900429522
0.059618572078091	0.321833763433814
0.102411717316697	0.343643283144022
0.159822681039181	0.352487045567829
0.239926725390816	0.320277698150668
0.255395765141094	0.366206164382446
0.321620283199386	0.318855263556204
0.380505252165139	0.329095931654818
0.494274103721668	0.352733808753601
0.522384813962827	0.362649274201284
0.602465625934411	0.335104623349059
0.625999411480967	0.369035007794512
0.728991041187893	0.365545398931844
0.797795182236073	0.316725493817177
0.836433906026402	0.372704338718370
0.907826819799451	0.363097573191183
0.973581824911195	0.354030514000107
0.045460663018855	0.380907296015277
0.123284186119746	0.387834362135696
0.137130598031131	0.433427970739065
0.214393672525043	0.388717272249334
0.253533294672620	0.415257507464326
0.373919807228707	0.405645177372067
0.412305013256219	0.396133411375022
0.485545980275037	0.391324647938908
0.539545305198884	0.404378495215061
0.569985774201920	0.390635209612813
0.680714038621102	0.420781234741044
0.707819960928829	0.424074964449176
0.787614334849085	0.390298862319393
0.844725519004214	0.401605782847410
0.910016691494970	0.414431666047762
0.941708285027814	0.422208287822364
0.018251370570099	0.494029676161946
0.114979340648856	0.445300525419950
0.175468474987538	0.448978797113285
0.222548673723370	0.498268347364098
0.312454671264266	0.462894863629573
0.323214843711633	0.499373995684291
0.404862616974828	0.467294150984915
0.491866646914712	0.497068673691728
0.536814821688881	0.487315833318237
0.618739698822899	0.463366766946476
0.681007328063368	0.487658352326289
0.710415809551584	0.465484533378152
0.811178084724508	0.443508883459379
0.812817041092859	0.467899886563630
0.932248531388410	0.446300764933997
0.968338666476388	0.477515119617459
0.009201960247406	0.541307098212723
0.121234425255385	0.550605403955119
0.168509227626726	0.547921184228715
0.244437411382547	0.534882280401625
0.260640607203390	0.529624646187207
0.350699853160931	0.516774243082449
0.402955842414628	0.562302535559820
0.465180614445750	0.506598521782225
0.510100411486370	0.553967671961632
0.566759417460244	0.556035720130553
0.663955752106606	0.515732733449138
0.730319034143542	0.536734675458687
0.775282231660160	0.525032270661912
0.817486309636730	0.545547965808201
0.913018643806693	0.542657917535435
0.973845473717396	0.544052202148375
0.061704990715767	0.592287328406770
0.083445951740361	0.594764124522280
0.154787139799396	0.624928026809340
0.212793304416186	0.608467135501785
0.263346016104530	0.594171626253326
0.341442714684862	0.584468668128124
0.410775757112022	0.598812907025873
0.496494346064630	0.606556431560674
0.508767039124218	0.598101633856562
0.588176189185627	0.593797783505590
0.687423277777253	0.605200394110335
0.715186393680676	0.615120522821117
0.754973024625791	0.591808256860079
0.861541855087630	0.569925630248600
0.895924771340430	0.602066214613050
0.957323421161231	0.608665500196201
0.021377309914417	0.680796757920947
0.073240465123262	0.626350136459537
0.129040339846173	0.662445042858586
0.214466786498545	0.627381737388177
0.309637051453380	0.647797746749198
0.331263538308852	0.640440010294653
0.403247887609933	0.632591707007981
0.488259230228318	0.649396508253854
0.530831792922884	0.684315799356395
0.590969615986331	0.681361069275616
0.649676004736027	0.645188951811332
0.690694676349101	0.653411247439429
0.786315753627875	0.631850154664565
0.869900209711609	0.655353915535462
0.881380400112569	0.686835631800777
0.986271500584267	0.637385056269678
0.051086418546291	0.736031334261883
0.099454896489497	0.745294773833662
0.144097715984471	0.703206666661591
0.225501186063164	0.703452101854131
0.281422276741108	0.744853723443778
0.363350641197956	0.739083617632064
0.417053544263368	0.719221987259626
0.444466673334121	0.732671707427984
0.527492337852016	0.735361336465078
0.581920981775485	0.749273195484251
0.625922567618760	0.710256664014947
0.742986858034969	0.713520052950718
0.753709300203763	0.712354465815554
0.867874300571362	0.713564983458739
0.902291037265046	0.701839767778139
0.949816974232047	0.708838383744899
0.022154609503260	0.789313214723792
0.077689912217364	0.765187173037601
0.147198777301749	0.790305217984786
0.195130274953002	0.804497388873598
0.259486711309754	0.785733606805614
0.329818632705095	0.794667210367547
0.417099661698355	0.768543515576991
0.449490155430858	0.803555969918043
0.502685685715448	0.770959940729304
0.619909044106586	0.799726484675130
0.661585032802910	0.751737660859767
0.706202251215280	0.798792453406796
0.778425781819603	0.801945423966843
0.869708217286320	0.797744743799033
0.924908893936642	0.755389982166325
0.981321024252991	0.782109026746384
0.022537742019058	0.827908484021413
0.064436118671889	0.862533216725577
0.172889331323185	0.855569466813018
0.194857940734331	0.837206625298063
0.305112189204109	0.838290827005587
0.355237654376598	0.852298884137952
0.402847403928835	0.846567868393978
0.470598714492074	0.853998117071227
0.511706556516398	0.823219051819928
0.584756897651185	0.828021690645959
0.662626845494408	0.833235296658411
0.737869846398912	0.831026426156989
0.800703543264699	0.838133775140306
0.827038513296176	0.862406871467807
0.885303266014160	0.851415768624031
0.991159521128554	0.867864357858865
0.057450333099684	0.929864903182575
0.070790253334164	0.910882934921743
0.161766132479363	0.904758180192965
0.213115299664930	0.933999494037474
0.259830076104223	0.883405207134412
0.341032254516271	0.887059210569612
0.410698046319466	0.892918496716981
0.447633619466246	0.936995870622805
0.512605394108711	0.900746184712799
0.572870481747172	0.930724876683840
0.675742514355980	0.879611910423756
0.706424691558682	0.893140842298311
0.776180065548671	0.909589999654468
0.841705959791831	0.895921903536288
0.911447726620582	0.891827077666956
0.967871286593231	0.931002548064804
0.050652067610797	0.953728951677617
0.097694000615784	0.956914964413018
0.155575231990794	0.952560792069431
0.189266115427428	0.971452342848981
0.275996616872958	0.951050438368355
0.348507363779588	0.985461265340089
0.380926565530460	0.950389182721937
0.480302925944632	0.967359525260366
0.540499789926223	0.941340229227520
0.622127044814319	0.947841381641999
0.638775098708289	0.964689424180470
0.728404216215923	0.967063893003404
0.790611493046887	0.984672282425960
0.868330809620868	0.981239541691318
0.912105364733633	0.943415748946349
0.975798197201406	0.953226203553664
#
0.033036487388433	0.039292183524648
0.065851880572935	0.002251334037807
0.143545420917460	0.061451287110441
0.201353150277597	0.007497013882966
0.269115519903511	0.037501315042028
0.369038240225995	0.060690794372510
0.408364817493331	0.030649616171874
0.469698142267810	0.059879335836130
0.549561179836644	0.020940845880760
0.581348749376798	0.054948977091105
0.647687113267064	0.014536140271704
0.710113570899729	0.057537515253652
0.797362463385184	0.049255099901174
0.825671140063943	0.026454354438804
0.917559554155464	0.030468196455149
0.940989628434994	0.038320830566418
0.020141724851015	0.109279791224231
0.123813535115638	0.068588692274315
0.151081003574906	0.118000930246315
0.224381127316011	0.101664591094983
0.298950210457889	0.108479353129743
0.326740729160197	0.094825763975928
0.382621151280501	0.069594417729437
0.459488836442351	0.112372447253408
0.560892643566684	0.109319336097529
0.566462313029674	0.120210622276112
0.681928737422435	0.095062508619172
0.734769646511360	0.106065187918969
0.761699126323033	0.071217542516235
0.815146165915100	0.089670781983801
0.930831867006685	0.092421590706781
0.940303887939733	0.088869408928759
0.000631360948466	0.173453673949920
0.096232729913605	0.155186758092648
0.170094299082433	0.133639164067255
0.231641547400887	0.126921490490069
0.306585096141576	0.156739003265216
0.335199791026581	0.161014109130719
0.385915964917144	0.153385194156059
0.439495548999285	0.181080940469071
0.510041369622350	0.136936758938696
0.613286148754015	0.125256944113122
0.625586809939842	0.168918315928061
0.700922253952227	0.172057008338058
0.776262759717359	0.164460576410513
0.817781011677063	0.145783054327076
0.917242577236551	0.172812207613097
0.960842198479418	0.146268285801347
0.038322186557535	0.222703678032314
0.117166287423965	0.217124061971466
0.159051188202936	0.198131455780387
0.222304310337595	0.247556731773670
0.310766142836252	0.219432484904405
0.319881385499584	0.187827614732745
0.416366422311139	0.195255884582353
0.477884568370735	0.189062327990905
0.506804940146814	0.242416703897160
0.600290970201672	0.202750576910970
0.626731924320159	0.213211055836457
0.716736127993031	0.192653699691909
0.783844986909266	0.225478493602825
0.829618328895215	0.208094549617519
0.887819565573665	0.211234229360412
0.959445945036003	0.215087613781236
0.015325887103175	0.300461717616525
0.076962958151582	0.306105613052171
0.163416065619308	0.257096369592379
0.239927494081186	0.280553279509897
0.277781126896218	0.266363697363148
0.345859421483092	0.298702667042078
0.415241411809167	0.300265057024142
0.494190364623603	0.286208730286734
0.504851323626319	0.257156612367755
0.563681949585137	0.251985781884749
0.683362238370083	0.279791727145154
0.736739029027927	0.270962414205648
0.765859550916557	0.290830209700700
0.813287199766093	0.269894816291610
0.880410305196515	0.277280458095432
0.957515937731954	0.278373091400921
0.035569890585162	0.359896987338410
0.108646119518938	0.319975544190960
0.177759536219588	0.362174305683508
0.218936223893295	0.350963949409422
0.297602426242689	0.333070504178309
0.366816165404002	0.333493306830291
0.410843473270848	0.359176403897390
0.470652204480290	0.330566318855404
0.550020905528804	0.334294991441838
0.563965841065851	0.318873244382877
0.686779527269951	0.314652381654515
0.732784512972642	0.366931457361656
0.810714027916713	0.316817308049490
0.859127491636115	0.345519669288890
0.922278451642436	0.312875330404582
0.990051071142673	0.362684577264051
0.007417370727034	0.409661594378916
0.100750110819528	0.380168351171345
0.184174705819850	0.434360904487400
0.216370659959822	0.422770161396538
0.275381855992689	0.399693724297614
0.333631355276711	0.433535346469384
0.405986002566290	0.412386725709049
0.456321232097997	0.395954613345897
0.551515088923395	0.417904559081747
0.575807476361121	0.435353869237088
0.654811574123989	0.411282787486278
0.730835526056666	0.424755335127645
0.811391715178357	0.417493832001927
0.820666106288709	0.417534110029818
0.930897883385396	0.429414323078099
0.973181928428980	0.413411034367376
0.034810126665353	0.444430688601437
0.104623569549207	0.446452008867974
0.163582739065421	0.499312603365819
0.216560005377177	0.457602717452706
0.252656379846194	0.491185299613556
0.355823673376190	0.438808096602165
0.422647321797010	0.464441898896345
0.466223091912391	0.466958457101592
0.539578741658381	0.462137769898897
0.602684834166473	0.477968036657657
0.660959531968916	0.492814069684901
0.711696339762233	0.456681765838685
0.776470580726506	0.456974901598174
0.827369361871939	0.453812052252193
0.886564744449934	0.479616892446558
0.989296682511176	0.463856851833723
0.045533647291137	0.561024567490333
0.107376025097881	0.513213875793902
0.125677644522669	0.544210681105431
0.232269590498127	0.505287057095623
0.253237469195327	0.553781224470884
0.350816146246697	0.537237432648483
0.421684023003719	0.512243543259623
0.448411417487290	0.555707482561285
0.536311843164454	0.526312901659127
0.587560793856406	0.529363817498522
0.661302555812011	0.556270889936427
0.746396169560355	0.519600572447432
0.804178078918876	0.504392072064661
0.862597797150397	0.532920250225677
0.907687355175192	0.508836184106496
0.942447590599174	0.536787466343792
0.004027849719051	0.621884447827326
0.117418619132931	0.573470229314633
0.138976421821624	0.570087646281483
0.199644466602976	0.611806098747022
0.292278951596766	0.575058352161445
0.362391740444557	0.618899129460659
0.412916379814948	0.575588588343954
0.456299223330291	0.613226047612430
0.544957875386453	0.572816850678138
0.595740508310436	0.564129039456399
0.653226769928757	0.575000871572411
0.694510153016194	0.590247928724333
0.759841474590320	0.590993410084861
0.860424406444753	0.621564839863932
0.876902765201964	0.612151156860555
0.986717874166606	0.623570144307117
0.020930344010920	0.664911682013751
0.120747627980483	0.638408215486772
0.143491782266878	0.629624571972439
0.202122267950238	0.665857843613103
0.271642814206226	0.629229675426434
0.317888377934086	0.647884278432556
0.422864522985268	0.654155073155802
0.476357417044662	0.642928296849813
0.546081793156006	0.676544326660583
0.580351507615496	0.641109563021131
0.661392228599031	0.659186934143465
0.690140686580595	0.673795145860360
0.750703178273561	0.655797331353719
0.852919933002656	0.663507418366733
0.907314405827740	0.631468539054964
0.999822480196558	0.668304309157143
0.037507943774110	0.728110535021548
0.085478430852056	0.738133593023087
0.185356263056248	0.721587133412619
0.215991741664124	0.715708111186560
0.277201846582978	0.732193376122670
0.371302416881966	0.727715900002563
0.403024193007854	0.737385180863176
0.457322318999172	0.706090961616391
0.554721867794805	0.694529416288605
0.594248848625400	0.737677722962731
0.646740622459734	0.701779661092274
0.731063862807016	0.703174887155922
0.751348091915447	0.703880730409031
0.865583380914895	0.740225115788687
0.920724120030814	0.725852074401535
0.959661681326609	0.716781862581680
0.032917694531013	0.763953933888454
0.113354866739445	0.763384223525851
0.156003503674526	0.769578279815516
0.245546264121785	0.786118040248081
0.306634850347562	0.783462070067404
0.373158282920057	0.781471160145935
0.408340214904943	0.794681786715445
0.442483615975358	0.796473255537328
0.537359671821436	0.793268707139829
0.617691275792939	0.775478995411070
0.645368766640981	0.757366394101960
0.743422034937172	0.750563131339863
0.789451331316831	0.789623638013057
0.855263645450530	0.790793509755934
0.883590338986504	0.765975239646732
0.949076215812023	0.765527262588853
0.046225475405512	0.829920789289153
0.070476255425130	0.840445011846126
0.138421952029090	0.853142787639085
0.214899694728060	0.872656683233254
0.296903826612840	0.866053730290978
0.314926337043854	0.812632480432543
0.406045133415271	0.828517440040833
0.481456586024481	0.868186981561172
0.503658387665324	0.839704749049783
0.594825718937750	0.833062314447728
0.660069508005998	0.853280347912405
0.698893616298771	0.842428703100870
0.765453229749215	0.835686205964462
0.832316323639200	0.831279610579084
0.894626451427961	0.852381144761429
0.995762467543423	0.838307149641520
0.056404602246802	0.890628896846466
0.076890470899965	0.877098307275935
0.148369261432874	0.915266706966857
0.203811639370702	0.894720281275157
0.251894975401669	0.898241089065732
0.350080307014305	0.877413704206099
0.422550079452933	0.877927132431750
0.467296705879224	0.887966388373861
0.551882147437283	0.879624581984157
0.570901907996950	0.880097692557051
0.677911092481322	0.908147827511571
0.731186764892467	0.888298414898058
0.800371158326830	0.929341762732212
0.862351862652542	0.896811517018781
0.892525273015496	0.879550356389850
0.967362313989401	0.904816203422918
0.039301976483386	0.978780081228768
0.066761912662597	0.958476660123206
0.177401437771018	0.950024754845077
0.199584967823370	0.942215959688117
0.255304018662498	0.951004092250020
0.339799798172852	0.991694107053148
0.405204229747808	0.967725916598045
0.491823599584592	0.938849312733824
0.535557562653687	0.981057707768878
0.603295143412146	0.960705695213565
0.682117075294283	0.995814110005930
0.717610852334209	0.989784275950464
0.788871377279021	0.939585632077555
0.820619169551790	0.998795961407897
0.886961846353244	0.986247252378670
0.949865434394420	0.952211685438457
#
0.052074805481726	0.022521735057822
0.081146095170673	0.025321410363615
0.153437804466448	0.000306159316168
0.195074986537237	0.000674326933379
0.253406073578728	0.047008849036533
0.366267301547636	0.012987391866159
0.412039621377955	0.034073487237695
0.484579005566095	0.024658444023146
0.555931096371131	0.019035159323606
0.575746365476690	0.000983049103753
0.629249262551719	0.038103132852261
0.716146292157040	0.039161774338959
0.793663230196378	0.047208086976830
0.847467909327817	0.004641066772081
0.926645808355917	0.008099861634104
0.990005918863464	0.042229464229250
0.026882679353441	0.122546675585338
0.082061852187515	0.104345409936934
0.164741012582612	0.081875648193964
0.236154747177766	0.109986526364225
0.300960110934326	0.123328099303373
0.331926380172238	0.122578225767375
0.424277842318238	0.078992672806837
0.454441024954883	0.092434886573449
0.509006730413881	0.112551867915329
0.599523855629266	0.063059360080063
0.634788374185979	0.124431875388704
0.743018778927046	0.106068782882315
0.777451023916935	0.104932086042811
0.817841214245497	0.078930707492151
0.928300443990924	0.091094529495713
0.966729568135163	0.116687665807942
0.015946648975007	0.155487868854657
0.068181580486866	0.138797094844933
0.125583769841023	0.144401684917254
0.235578015123163	0.127897529907151
0.259916993500646	0.164715090790348
0.369811279014058	0.146506554204739
0.409361794846333	0.170682852137993
0.455998455236782	0.129540019131275
0.545493911249329	0.179914970938679
0.565949756099947	0.147761829348226
0.664661903918526	0.134603234359436
0.748042324863035	0.140013272513755
0.792601169591677	0.125654642324814
0.867680800625864	0.158797002172516
0.909561890170924	0.169515243086967
0.944303507438000	0.161818894086014
0.046628587991960	0.199684286347400
0.108339450609251	0.209678318953299
0.187185481670821	0.219728139265726
0.201390054167456	0.193792315943584
0.303482824075847	0.249271165332005
0.318274593142158	0.245837305176732
0.396949827050429	0.215126217625832
0.447137627229010	0.208721858308702
0.512574039009650	0.235153923986399
0.562873372488044	0.246928569598107
0.672508837142379	0.240103655798036
0.746076323454868	0.216847464681917
0.803327900166234	0.212798621525941
0.830800344473287	0.244716637024474
0.884743406890715	0.219098630470480
0.950818325425107	0.209001844782965
0.008407974661306	0.272487876563679
0.064996883491985	0.272775899726030
0.148546517933963	0.292645447155262
0.191960143348426	0.267294262045132
0.276866587016118	0.255204730988528
0.360717612970205	0.278680505790673
0.383029526654405	0.305208203759442
0.457342915459849	0.287050929453003
0.535116288586314	0.303520224040495
0.595591460522402	0.275235959552865
0.627553834813310	0.262627536695829
0.720388120047955	0.259255613493560
0.750834916078214	0.264781960362401
0.867663000199283	0.298088767940781
0.879621310160640	0.258050108490407
0.955944728154210	0.302695530420797
0.026996210791286	0.336819055219372
0.070841723167301	0.367968349715920
0.164081373275626	0.323306236636896
0.240737197845764	0.362411012870122
0.287635093971071	0.370756410963544
0.363810280480844	0.348479885412608
0.433645273135892	0.314944065947771
0.469521072220411	0.335401831418369
0.526549625929689	0.336857485546930
0.567847872095962	0.360294518043006
0.634691299916522	0.366267756556922
0.744570196735922	0.368605680223812
0.778558836645344	0.317847684318048
0.848717535126772	0.340944781818764
0.891726730657212	0.353674412234378
0.990465915570493	0.321565987195137
0.012428637975228	0.419609752770539
0.107372416295664	0.430244934146815
0.146822854299523	0.414996753921732
0.218709352375290	0.383176180230378
0.310651792620344	0.435436647457638
0.313136289958641	0.393523107039748
0.396625486353092	0.408533836897354
0.441884962842889	0.425668186403501
0.538796101080090	0.376912564927342
0.566170431368791	0.390310858205266
0.666870980300445	0.431251589643944
0.698395173693633	0.406232043584164
0.810033385539435	0.379199581178068
0.850754976354249	0.376769315364484
0.911059454368325	0.417234429910252
0.973823751302278	0.378336922659268
0.017837296884469	0.472553918859352
0.072970283496652	0.473528248280875
0.183617772184340	0.443374847077852
0.237435854721101	0.461506453843090
0.277523325238732	0.495061538122842
0.354995237935217	0.446483887894192
0.398042848571912	0.455105327292137
0.444156804720209	0.464037938166069
0.502152101210005	0.490769424240750
0.608612807638387	0.447929922872090
0.668942034705878	0.476373034698510
0.732587140762500	0.460750221949595
0.798998541646637	0.494158430751217
0.854937819075407	0.460514884243723
0.910558690572637	0.452297377301682
0.951421407549391	0.490291874402387
0.041786027790929	0.551000452437671
0.114491496480068	0.553330922293437
0.171226119546040	0.515525796410634
0.239664335296178	0.533499758145423
0.277156689094183	0.559369532914569
0.327512275445627	0.508842371129743
0.390051349520812	0.553564502244365
0.466415197144126	0.512723001421598
0.536136673640841	0.540573594737349
0.588390816300151	0.524833660622205
0.681433276883078	0.517280847172900
0.702484514567765	0.544743780246294
0.811465139325933	0.516388252308566
0.852158043018928	0.503992509155998
0.911010182412809	0.542789672525900
0.950962205726179	0.538737823555418
0.029361274522231	0.575659588899151
0.122749705376394	0.615057934451629
0.172995375407742	0.619693167288134
0.195476824987092	0.618987235108271
0.271986697980200	0.588149609894177
0.362286310028817	0.569575428455038
0.385917895505186	0.574591213461731
0.487228046313913	0.563667385446296
0.548474502164399	0.585440730288495
0.624727720321908	0.600239558779923
0.656015175009034	0.605592130940778
0.733620035545579	0.615173810435849
0.806947663934424	0.602730376524322
0.825753884029285	0.591572681230393
0.892066100165147	0.565066615702251
0.999936936990693	0.587763260415584
0.014274030301434	0.650049571419379
0.098233167687020	0.637060252443086
0.145900495180604	0.661701231723232
0.208647073280566	0.687334595029786
0.284847832191118	0.667905487202901
0.336970408889342	0.648396168055105
0.393155299902581	0.680663421952204
0.470118165591293	0.677742027369733
0.528412994047607	0.673336854812418
0.617535299765304	0.673584284708738
0.662407121047705	0.640362069785563
0.724349842735531	0.683709986361491
0.766969782842665	0.650706935170620
0.842290792475639	0.661869405806500
0.915067402175061	0.654404520747928
0.982633330389539	0.642732088545508
0.052882738772985	0.739189504541384
0.104305515410217	0.698152441432037
0.155953608606000	0.733320522118202
0.216033072188388	0.700927741392150
0.266496738306362	0.731559580944376
0.319282726677317	0.689369242551473
0.383652829014150	0.738371786353148
0.465780576552097	0.707724068609584
0.538161402475243	0.735262466241900
0.591414547284696	0.699240836084760
0.626459674182455	0.718390539601303
0.708882109412547	0.689777054635290
0.775154028035503	0.724437237492981
0.869377633831901	0.720323091205867
0.891207199387417	0.709758530827183
0.971763365022317	0.702463564117198
0.024800297926366	0.793767643942560
0.123742000679775	0.779210398722605
0.167272226807492	0.787831581250143
0.203138937071347	0.797743839965026
0.303848187160643	0.776394455146835
0.340974359401379	0.810686303535054
0.431300104434206	0.806289710830615
0.471067571089037	0.803670533057575
0.518539482790171	0.771109931510550
0.599001341638854	0.753573900147708
0.628351676918881	0.809504312171369
0.742828527885798	0.755058874348192
0.762724295945425	0.789852734431590
0.824413461584345	0.805301700644265
0.928744554546719	0.795189267908034
0.952251806567598	0.771575289012183
0.026856130868396	0.843354376302067
0.068830233970967	0.857204235984176
0.134899334591441	0.821603294449533
0.233461605672134	0.825945781896227
0.253138959277570	0.844877524614538
0.372776028437721	0.839201492205426
0.409850839824614	0.834692700116358
0.474694505444424	0.869650627223228
0.520610715849467	0.856544329649546
0.577923774548206	0.820507717946430
0.665982847722709	0.828889293614516
0.716780620532059	0.837326287181309
0.775200380221987	0.820001316229464
0.863934444741214	0.865602763935016
0.907380868921145	0.830253260490776
0.962202848261153	0.830029558394460
0.047953685174685	0.920988919136810
0.106129283444870	0.917673729399143
0.183993061392450	0.902374319796770
0.245429965942849	0.928506734938944
0.299757441226337	0.878806186986343
0.349839217154621	0.876118760498035
0.427600503969612	0.909394901021010
0.470370235962414	0.893366206514385
0.542244893377587	0.923135483415829
0.614265164736254	0.917195419165002
0.658917273329901	0.890978068757331
0.687749955177482	0.930399190589180
0.783741836516709	0.904846591343485
0.848681552358596	0.903675762884942
0.935969608762760	0.897407782836796
0.996953772030993	0.913718842400987
0.044127348486014	0.997009304453272
0.067829141787446	0.953162216454084
0.158566393882750	0.957868174669069
0.201823328464949	0.945154776172748
0.298347414729848	0.953149753262557
0.352227725810890	0.961722331505553
0.424814908805959	0.970257896937606
0.460257964374092	0.957912751012578
0.550098079865006	0.975555381368160
0.614450700782344	0.951199471895513
0.661672399795305	0.993720439377641
0.703301838515513	0.973798189378879
0.750159841627502	0.956733380507034
0.822281897317684	0.967430819182175
0.899511004425471	0.987536807163278
0.961492504057007	0.942638820111202
#
0.036905389942556	0.000376281575969
0.106284496515590	0.059082787323064
0.129394539225473	0.031828633837129
0.249351623176912	0.039175944266416
0.265951382334682	0.002693649352922
0.346066369420981	0.023432560576110
0.380456084794238	0.025791850063436
0.467475028715556	0.018449989762960
0.528923826197028	0.005843900669330
0.569131364756411	0.023947864063421
0.639760313064270	0.015793557835462
0.730842768006456	0.023764699499301
0.776371031350892	0.044224154127115
0.874180558763137	0.048914677664036
0.886237657966264	0.010601837146818
0.960661277835179	0.000263824826168
0.029675949793816	0.094234324053217
0.067055056076393	0.071734286483083
0.171484852598860	0.100358872406734
0.188535510911847	0.087777610786789
0.297349749173119	0.073001507293783
0.349079524728372	0.075106471823553
0.386767611477819	0.085377497210954
0.488099595136149	0.113595536325266
0.547848098151234	0.113159646059074
0.574185358537753	0.122497977470047
0.647767715961735	0.083390667137199
0.741230557030353	0.069953065556463
0.788823098113370	0.091984682781502
0.815991200987713	0.089777290289006
0.887413173305665	0.068953410825681
0.990307722398501	0.075493227635276
0.000806820069744	0.129534960841885
0.065144534005119	0.153570731162576
0.137179396321806	0.159841412468194
0.206770456124044	0.168352797564783
0.299981999295410	0.167989148739257
0.318120549594313	0.177798287576949
0.401355042957900	0.140157595498640
0.480156304994052	0.146421267816080
0.530948873965756	0.153874424292910
0.582525496332097	0.146099628056073
0.630662027878724	0.149443160369863
0.730454019368150	0.156916523199625
0.807380803990499	0.166588002374416
0.835997410997166	0.165927430580702
0.928579301993265	0.146873552575562
0.978659818016728	0.128168242547700
0.058182226944059	0.242831821260702
0.070802484204365	0.202170348904252
0.161954348842719	0.219105938704243
0.236524934280670	0.223839337407574
0.279148369015695	0.192608164988367
0.318659645739514	0.201269992135644
0.427679590500235	0.243129808090308
0.468269482713255	0.242124909751496
0.533192878509451	0.213607786811448
0.579821062613004	0.245432574839316
0.658654186271283	0.243648787231336
0.727842677772358	0.244528661204276
0.809046280744147	0.211222625168441
0.858070367564929	0.207680491473335
0.921623970290908	0.224821052653673
0.998152121755563	0.196457175234439
0.033071115838962	0.307576181715139
0.113276698580193	0.272207756430075
0.165660955021312	0.297902235263121
0.226650121703662	0.271426614844572
0.252417499462007	0.274895635497499
0.373096064678532	0.253729801247532
0.435245748288637	0.310870763874466
0.454045498543779	0.281662801069711
0.500874651348771	0.303630521256973
0.605682742500953	0.262213330835154
0.643590997879764	0.301079735273630
0.703977256827982	0.307824814632843
0.799060726797106	0.284325547669857
0.821059910262367	0.269564057632132
0.908853126930504	0.260697391614247
0.957787636381175	0.254379087987328
0.046029309781974	0.358499293153523
0.077069031339970	0.348630807007111
0.167785735272403	0.319998044202220
0.231148724454373	0.359820043795584
0.253805100889598	0.327775564965041
0.316493312072473	0.330888074681486
0.416707893624950	0.362328445492272
0.493933980424524	0.374142279309836
0.503625486498029	0.317006237936906
0.620528703699943	0.372657627390618
0.685835996744185	0.370869810531933
0.699272660497639	0.328708399512970
0.799923073424707	0.361996617237920
0.832182379400400	0.342917423498681
0.934645824803073	0.365225597908191
0.973793098187608	0.320654482116959
0.006371802404493	0.409363912877595
0.084147498715121	0.435619376424728
0.161708562730744	0.401731561133459
0.231449156122154	0.389599584701261
0.310676348249702	0.380138524416284
0.348396593203860	0.383685998984423
0.421582966471692	0.385838798046075
0.440858843518854	0.388527087492060
0.500207963326878	0.425197514600632
0.598238824191093	0.435871333814778
0.645926556045522	0.426582932411479
0.709018637824109	0.403503092914704
0.761724254119146	0.388976276433439
0.833956798747288	0.408738123653745
0.936101638376969	0.399233309746891
0.990941774127060	0.394171364086021
0.059652414215881	0.460176281185163
0.071490542965240	0.488691014133205
0.147868833931947	0.473508932563362
0.230614316965364	0.485966956501586
0.307443921933287	0.462175309882074
0.313628299176606	0.496840183083979
0.407634377836397	0.464408902675940
0.447644563423270	0.451097314714826
0.516525812407263	0.444068680533457
0.620050430456770	0.465347352546022
0.632178375906585	0.443161112897950
0.693006599265036	0.491240603046897
0.780145842894596	0.458607186073462
0.828951242529194	0.493710850771449
0.917511774513408	0.475090626897893
0.956823931895039	0.448700072784838
0.055416714893169	0.556425850851560
0.093059452170404	0.521628337873641
0.158953395607288	0.557453486819857
0.243105692758250	0.543380727157551
0.270396590019319	0.514887914297843
0.329606650954137	0.505247729671595
0.402427837870183	0.545804617194995
0.452828480821994	0.502967243694693
0.516532141850105	0.506291225102914
0.583800015786849	0.529727360924526
0.673451228107664	0.533175332333933
0.710789579597951	0.536446212653873
0.784477351779811	0.528072233914997
0.844384988195236	0.500102155114315
0.922953462544934	0.561490960186112
0.978124356299668	0.520749291308049
0.017382075999603	0.605238214494367
0.123948154883447	0.607494684557895
0.150555813079829	0.608066542783186
0.221263136606143	0.581178275567055
0.290228922322329	0.593702883132199
0.348394158115469	0.607191361279039
0.379446770589437	0.593536629523392
0.471648906714783	0.609542045724122
0.533166226167387	0.589677136135795
0.606717120517096	0.614106058970002
0.668956726232184	0.622186132007555
0.741202497328912	0.607699934461899
0.800943007588140	0.599597895410168
0.834837352411085	0.606613742445273
0.935357510882979	0.571356485905442
0.959277210587584	0.583078939530668
0.004828565595050	0.633096120307594
0.094517977348184	0.640184102219689
0.178463478570563	0.629922526089340
0.240403604560509	0.672609654339056
0.309035389435951	0.657967820683952
0.366780779031520	0.681961914654114
0.402610839380094	0.684188400452651
0.492852144771105	0.669327217732050
0.549128547162197	0.632235589438871
0.579433306764563	0.638400865008799
0.642086604817791	0.668134341579428
0.714881450933726	0.645100651386334
0.791867054193715	0.671671156287582
0.822139180296715	0.656350620607578
0.923100094249379	0.640781581172669
0.972373502016969	0.652020088694296
0.020065801834004	0.727742815559670
0.063716350632886	0.712408182828200
0.150115185859640	0.723020727186934
0.236899108753865	0.718893988851084
0.282891479852351	0.701455569058064
0.370144407962250	0.721830107643462
0.404621427550940	0.721385198405801
0.490894546337285	0.747393961413157
0.556696104320976	0.721240423860434
0.583762152692946	0.720169008455162
0.679309814220599	0.731791257432031
0.738988786744068	0.699189432855740
0.807414868830800	0.687664406956212
0.874084935261422	0.727373357565928
0.887486916183840	0.745357523845825
0.952462863093233	0.740832432476648
0.013116073288400	0.800630994051027
0.090275998321077	0.777710166999071
0.181700414932962	0.775148911713075
0.242660220783474	0.786683406602052
0.262204971749383	0.801634744811252
0.334407947307780	0.755004771928071
0.417007084247192	0.770750444081670
0.474322872841573	0.772171623995451
0.545922072134778	0.809069193680554
0.590036628221287	0.758783743500543
0.628615202717743	0.750319889717577
0.732994302593985	0.757199052664731
0.796519483072106	0.751134663078383
0.861316713646826	0.810822889615857
0.900651374444866	0.762368799670336
0.969238395184334	0.780925234888779
0.041636793782035	0.848443284071619
0.088806542675897	0.834715686350762
0.185232012459364	0.831350058801786
0.240808089945537	0.823125254481711
0.307414394729402	0.847205672202913
0.333454244658573	0.839349895343615
0.421455836763828	0.844819421567330
0.467518379060207	0.845310380078808
0.536807532780060	0.855630072600471
0.569664403448618	0.848217187894210
0.682714656634539	0.848782202644805
0.705662152283048	0.852075240409368
0.782792953796520	0.849891284416637
0.865252260742186	0.818438966818140
0.899583313387023	0.813722508479544
0.994442896174021	0.866486557713707
0.041851830271038	0.902490722458458
0.084552533085703	0.935578097559763
0.152822997005499	0.927795283697847
0.193301366963610	0.905999754722812
0.286267355223831	0.930756233078022
0.318189025421322	0.909413601891001
0.429659097511824	0.886785514335331
0.446303773396952	0.883303964236007
0.533245606006413	0.895411205977530
0.593085350781466	0.885862021171106
0.677411876529202	0.931470759036944
0.723707148930106	0.918346923334954
0.775969530127121	0.879176286195679
0.860430276410871	0.895796109606930
0.915385798764272	0.893183732598714
0.966281902939380	0.892174390861689
0.001442514607669	0.975833843034537
0.103582973921691	0.964411093874232
0.135965411190052	0.965500632467563
0.247394470366392	0.982585889326894
0.251016412861882	0.938287797791601
0.324591834915823	0.941084450213491
0.435871330918947	0.980679665207439
0.465469616384471	0.978062237302205
0.560726151335571	0.978139609806388
0.621632071371221	0.997401907748403
0.684052481664473	0.988722464372689
0.696947618317080	0.981322931339690
0.772083738183622	0.997901090143807
0.821651611115469	0.976489168804602
0.905661112519601	0.957759643196538
0.992878740113317	0.998928801461921
#
0.007709357656471	0.022993841635877
0.098645975166849	0.026379797395524
0.185129616117950	0.034397209856984
0.190347586089710	0.013099226303305
0.288543052878474	0.039112443128045
0.359779269198137	0.018494726497679
0.424115117359700	0.053540204111147
0.472546352532819	0.052626113841572
0.548293483382043	0.003309139618838
0.610565030914863	0.010082003735607
0.686610497359445	0.059390601584895
0.701985122100912	0.040485700805552
0.780472077378182	0.034305582820509
0.833363394781683	0.037393996573494
0.875338367317533	0.023283947744822
0.978178245126777	0.011177883267793
0.039961240147231	0.117271072171226
0.090586265439188	0.063757756768902
0.185237518511186	0.116730195380917
0.243235986139797	0.115933468083021
0.295889513563223	0.070439346107407
0.323280701125222	0.100889399292853
0.407005672932604	0.115582964089835
0.483220793273817	0.109240011090119
0.561397793600661	0.065979436346325
0.609371699127222	0.114590813214213
0.665697298982576	0.091971996698289
0.691237651336411	0.104111739138400
0.797158101482703	0.068453299566976
0.865156300814742	0.086259206980760
0.886687295717813	0.086750734472124
0.980851338036789	0.121385661971612
0.047207357649390	0.159393034606914
0.082510362645846	0.165253722452967
0.145975660479389	0.129096284131309
0.223297174562653	0.138018600878543
0.273851088341058	0.179805731588231
0.319955304848835	0.185985210627780
0.396591049056521	0.148438116104444
0.440885438992033	0.158638455636366
0.509471635292743	0.186072644660848
0.583875600239000	0.179861376278536
0.649369927667284	0.139074496986362
0.722573038984573	0.134860558830518
0.756224091966572	0.179439725294230
0.814602881801455	0.151643145209910
0.894984194780696	0.142987506410104
0.953595358518324	0.165334567844480
0.034850626071531	0.249734715762254
0.117219185425718	0.195841085516927
0.148003675238114	0.218443776749993
0.197904282251933	0.231530183645438
0.297582994546411	0.199455451383129
0.323928422515497	0.213020635454571
0.433726742717257	0.207075299990730
0.477797570793260	0.205793814999818
0.512647004771896	0.200162295778902
0.621557165067423	0.225027316011262
0.669670535654801	0.211488162260267
0.734547463693201	0.238288955978534
0.774966784438576	0.218603027555184
0.840276914393244	0.204564830175849
0.910711096680772	0.214602998173121
0.959845433889969	0.199095036095030
0.031033346116551	0.290275348287023
0.083730123883865	0.296373138302326
0.149226278945391	0.252777240327042
0.237478488660412	0.257028429945239
0.252271739519148	0.311720276775123
0.329814434855900	0.278264677769799
0.381327433760471	0.309023511507903
0.489369471089302	0.261928283175670
0.528570943795161	0.306077512081498
0.623732133724548	0.271367667262412
0.670072939315595	0.307012979842143
0.724751333307301	0.251043651558818
0.808686932460681	0.279380554995006
0.825707383471473	0.292243513404914
0.929275694941584	0.277754892121361
0.974110467586226	0.261222562085889
0.011215201756269	0.351248677174153
0.079791315835270	0.346230191404752
0.167637245899564	0.355853174648563
0.228233388940160	0.317678931024899
0.258652350459865	0.319394064966914
0.353331078450040	0.342021355877985
0.389124716999155	0.321001722479356
0.451422873174637	0.340992381584596
0.534226778087725	0.369962812341974
0.604477855954198	0.331960225889799
0.668402672216972	0.345908543015460
0.701878061448661	0.351612724882228
0.790198144934303	0.358809903114757
0.841300889114221	0.314142246192587
0.931483803781211	0.351206957910025
0.979432674178256	0.369802753978247
0.045287740951238	0.407430342959107
0.109729473795679	0.411210214218290
0.166764497286469	0.396557956938995
0.228198134553548	0.425067922534088
0.255720231887121	0.395426299675118
0.315043276889493	0.390023351301212
0.436631693329926	0.377915780933787
0.492537367068589	0.395923294321034
0.544894271904462	0.406081299610338
0.624694748446856	0.384083063023650
0.661960472739758	0.377663111998738
0.692196454446459	0.436659575279723
0.754223870754760	0.398993867455049
0.850883623899632	0.431938229331150
0.882813397622158	0.429382904663655
0.968977274045809	0.413462510181349
0.034759908456998	0.447450753813016
0.083700857086503	0.481180562516949
0.165167594075940	0.495002778507770
0.197703841799568	0.487441606089110
0.259075064025022	0.462620729324436
0.361913183977458	0.458831441870153
0.394561733880444	0.456407071750473
0.438676973572275	0.480409954655429
0.530979475959549	0.452412419271984
0.585308494619166	0.448708564554972
0.641261264831121	0.456333177779762
0.744533372357728	0.495958460683110
0.769471986369340	0.483758869577143
0.855971889260335	0.454873829720280
0.925438551374930	0.469583189748131
0.954548947342450	0.438064489717494
0.014121762611117	0.537583671839112
0.109928057874769	0.545006031151862
0.176492666604811	0.520029883472605
0.231421074316353	0.546337817762708
0.277188744169471	0.559769794839031
0.342819279008619	0.520460167613453
0.384400495635788	0.503636331443823
0.458858387404205	0.538569694059219
0.558819315671879	0.537155155406719
0.602576326588186	0.560825155640097
0.626539182791379	0.530145198055577
0.696705779979635	0.561057045691660
0.768835725252595	0.556903217801452
0.861362500214917	0.551474203091109
0.928848182329407	0.552514323918734
0.971761758156182	0.541681173310890
0.040370208191539	0.566800004847301
0.091504723407911	0.587259481550371
0.151083647716111	0.571926379360241
0.229579463538150	0.587503533452401
0.255311402289735	0.567786070592186
0.370312628757165	0.614697044945717
0.405754392711854	0.589981234013099
0.450138949515563	0.616444515571684
0.500003291133908	0.568803526855494
0.572582135736030	0.596150968624547
0.660882830628167	0.585439531137920
0.693970593232422	0.584406707382739
0.754487450322948	0.575390294793851
0.841857380036814	0.592267451567405
0.929726843065519	0.585025406782521
0.989021044396567	0.605103559467267
0.001380738118636	0.662332334258787
0.107734762128148	0.673652637703031
0.177215777611643	0.655729857906287
0.197252142798331	0.678884787133752
0.256650614742923	0.650198898633290
0.321334424343387	0.655954859241251
0.429017662112372	0.655686452235255
0.450174288899911	0.651093188402847
0.509346798544714	0.670011554113010
0.612372332511556	0.642545319646607
0.656813377449129	0.625694195696431
0.725217206587018	0.641148338971228
0.757968893669422	0.661140824239967
0.854147724060260	0.675409451560795
0.892925026379625	0.636284419818265
0.991270230280648	0.667783924766766
0.004970282535644	0.749489722162133
0.084759165421654	0.712060788186398
0.170499695490114	0.743010598145893
0.192426022463461	0.716892584437596
0.311561750567998	0.694165119349879
0.348729751139467	0.735886083883440
0.404186768638712	0.699067371026978
0.470484570418597	0.731769672488856
0.500874486039014	0.738850247345131
0.588023305687360	0.706858485927074
0.646575667434739	0.737824839667958
0.720555302316336	0.727681760903839
0.780926949017082	0.688089276707752
0.854035716411666	0.730437646644525
0.884115982584566	0.704025826959178
0.970279569294136	0.699872215965267
0.048890343587587	0.775387374035289
0.087373076827469	0.795209249404773
0.170192177272447	0.780398057838995
0.248291040755760	0.797063518079129
0.265636390908187	0.794988961027700
0.344371971943619	0.757712241642343
0.376201952822437	0.787593302558547
0.468577592204343	0.776163241672018
0.525936214710454	0.780505166279735
0.564996304092928	0.812371102700096
0.625903802167369	0.800661705547981
0.694842060462069	0.796492179459075
0.773411184016362	0.759302694308991
0.837020537530659	0.752321631313493
0.933528532214935	0.787074414337886
0.969449432123091	0.763305730524195
0.059791580453117	0.825862603308834
0.073299671845930	0.864062864621883
0.165390681688532	0.838250378210971
0.238514317604367	0.819515493991090
0.289357776238899	0.830189387914769
0.337952827429504	0.873449828970118
0.412488267576552	0.843478058559349
0.483847204562940	0.860777754042246
0.547559165406870	0.838579588081008
0.616671803128946	0.841687230429190
0.627711861409529	0.837336701870625
0.697269655358924	0.846224884102988
0.802353812699405	0.850811678081125
0.816091727888233	0.864339767516204
0.921360961230556	0.847830524501701
0.963407121779375	0.873398850526055
0.022268817517853	0.908708863928613
0.115520711636758	0.906883706899100
0.163330201475958	0.898173904473817
0.199171593269955	0.912191260862092
0.309015320496754	0.892933817657277
0.349502065474983	0.903068395236174
0.392836970994327	0.879230615567470
0.458224326522491	0.904646624745137
0.531451985523792	0.929215080321118
0.563020147194159	0.894954953027180
0.656691553267695	0.919868566571937
0.716777693065064	0.915558321527335
0.808968306081711	0.896265064560288
0.856151941082476	0.880489973279878
0.916879040388013	0.913307306336543
0.968727043313260	0.916108793559509
0.031077163825062	0.938045229631952
0.072766776897541	0.995736799303730
0.141319295395240	0.938805837009872
0.224269630104948	0.974463343628907
0.288372858189017	0.948436731606125
0.373947674379206	0.958427024704504
0.428725788920705	0.965356295629255
0.471303919891083	0.982669496162601
0.526334674394767	0.960056004614466
0.591464010743416	0.970865516276300
0.662501962340321	0.962926471597265
0.745549191355950	0.956615135529222
0.795056368307573	0.940369008880893
0.866639499594257	0.963116851233788
0.925617989237215	0.968498811118421
0.986525240569381	0.986618275445448
#
0.016717304974263	0.062298352131573
0.082552105353110	0.045679842903786
0.164192327074519	0.041074816016148
0.211940574407214	0.026008334031447
0.285477059799707	0.059004564259435
0.357453725616786	0.032186538657915
0.415077117412020	0.008991148572297
0.465356961539448	0.036739057913478
0.515585159042521	0.017679140397855
0.586883675356368	0.023733839209013
0.634513781131714	0.056506621751819
0.734789561476742	0.015464614527408
0.797332452606604	0.028295827381265
0.867040717259408	0.002446573373733
0.887464000977335	0.041825713905116
0.982349676527048	0.033167531168593
0.058591633088326	0.092128154042789
0.089397014299616	0.079912739649860
0.173068589367454	0.065660097695226
0.190355839455816	0.067609548962817
0.297169445108080	0.106935301995123
0.361965619213755	0.090049410478107
0.375705046608510	0.110065396013103
0.465422873828309	0.123444288124667
0.526580745389587	0.080234051555217
0.581133130272765	0.103022848425438
0.668979808159983	0.090915729909534
0.706111492287859	0.102119827404879
0.796857460689348	0.085075683838822
0.862728905759339	0.084601222760883
0.930127270270634	0.117904431839801
0.947593207138729	0.089126489262359
0.033191083356084	0.183762568062815
0.080448307086585	0.183213599680041
0.128040519107143	0.132271791882760
0.226371674487337	0.162770659264124
0.296962548029135	0.156807668529057
0.345818950700531	0.129206226601197
0.416180969851250	0.168118189448285
0.490672038778586	0.174324600386742
0.543875830389181	0.182235067781814
0.585085102042087	0.186989983892881
0.673326676664484	0.161095602300739
0.714034489158433	0.171553263218737
0.783554517046095	0.154832037623816
0.837253395997629	0.143436389004564
0.916533611870029	0.154695104334316
0.989440244751037	0.137017078627720
0.050312885371459	0.223761605485636
0.112922431840078	0.224810598877913
0.178288922759422	0.191119093303247
0.233687043462691	0.219996718959300
0.260153217170772	0.234751180756663
0.333723305554880	0.193802269759193
0.426169899886281	0.234547685537149
0.458154115961668	0.235356424829889
0.552768127262888	0.241184398195167
0.614447781799116	0.249661849054895
0.667600895593665	0.245585562893093
0.698406800746663	0.223080675242371
0.761518780654068	0.240880655573770
0.839226620205265	0.220641028478425
0.902510370890962	0.200581419924992
0.979253768435855	0.233241932215342
0.010288989814066	0.279500128926476
0.115440923878444	0.306369274169293
0.144848793807870	0.272043976079334
0.192061930095558	0.251022816548595
0.288111025214454	0.269371449660829
0.350059858211912	0.285662356263064
0.378787184687980	0.288606528070780
0.438273082996782	0.262836654149656
0.535527775086935	0.293584568261538
0.588111709227229	0.253840879014191
0.687106804514678	0.270125130821863
0.732850974974653	0.292157227707132
0.777352491138119	0.277790635510532
0.823390737513171	0.268564496499268
0.910474845536629	0.257242560461104
0.986778652263288	0.296034031150871
0.051567086438082	0.349136515747322
0.107257250794153	0.342923058465920
0.180816375081385	0.312981704715751
0.241401655291883	0.367914584405468
0.253209821720540	0.342221074977359
0.317996071783825	0.368976740077831
0.413369425726908	0.374951364050492
0.438556035005850	0.370285196185062
0.506324659932597	0.319937696463880
0.617632538704232	0.314689443811003
0.676530368347077	0.341290132804143
0.724421995234890	0.356163424740933
0.778131184480300	0.323082900652216
0.822212613815724	0.373845475085277
0.889869454465776	0.318097488504857
0.961487259051992	0.313749107285111
0.043335990786631	0.416035115466461
0.103598927782988	0.427877460545948
0.180403184114933	0.435499381026137
0.226783704327369	0.386072961572458
0.282499395420309	0.431886219723822
0.345408450426862	0.422286433251525
0.415481117708953	0.411975033633522
0.439597008779435	0.427724150327319
0.514208597512732	0.417220934114820
0.612786271548315	0.425106833293128
0.660792936142719	0.419590997927494
0.703466018956612	0.387734963663443
0.793900516141765	0.384525417003204
0.859018511178791	0.411041421533106
0.937303979051603	0.423945836283138
0.984636329343691	0.436550846686948
0.020355651858346	0.475357237295331
0.121520017767679	0.462541128558233
0.186135540570513	0.451541814301522
0.247726671644539	0.440887888865170
0.284388465160012	0.459747086546208
0.363126114822953	0.489812390745457
0.424696064129168	0.452111121445105
0.465018596492014	0.484417932410007
0.527918897808511	0.490822338744375
0.609950050708128	0.495643990258836
0.642581400480140	0.447297361085028
0.730979303897703	0.463938162973835
0.801069188176438	0.498498798042070
0.824891566563722	0.496574991440069
0.909945036511041	0.457644883533391
0.955512657532937	0.483507622495179
0.020086511683205	0.559122448771755
0.116376593692432	0.500847521441953
0.159317760256077	0.521221359090698
0.188456209740475	0.530630910426991
0.311590530763867	0.517443094101023
0.374739092308967	0.504709204208853
0.415370061551889	0.542167638292808
0.493140477394485	0.529142816543263
0.550514227664218	0.557521536333957
0.576446797905710	0.543770206156483
0.636938395185149	0.519392411869343
0.740154549069739	0.536554489293265
0.761481747164852	0.557337281904145
0.826725065362226	0.543422690733784
0.920591745405246	0.518253610022542
0.980653615445633	0.544291680397999
0.039653960435454	0.624461197352377
0.101439218569766	0.611536752080204
0.130878376062815	0.603422504277183
0.201181527768770	0.613176740266657
0.298082095640265	0.608955594445336
0.347485908315281	0.571844213135039
0.375692694520855	0.581029559126131
0.486448672247689	0.577502466858132
0.529465028935686	0.564639542237772
0.618810652273547	0.577625498601148
0.665657208266937	0.607942510217648
0.730896818345272	0.594942309231833
0.798776609121421	0.565050562145782
0.857604688393209	0.608157802820359
0.934291596145321	0.579121185586932
0.953346555459627	0.571740184476189
0.034996722527430	0.641745037519546
0.086536679684426	0.648674727888702
0.141704280428054	0.671873482784576
0.194453019621305	0.631237823663102
0.267059956142809	0.667692844809543
0.329566231176040	0.670548493984516
0.421885291445508	0.635699127264833
0.439684108525907	0.649692778263053
0.540039440844566	0.678174790254718
0.579449336703273	0.655162136077453
0.660373485087853	0.672094315199553
0.699848543724476	0.651582813464124
0.802577842985065	0.638255876448414
0.872928533789918	0.656491843728929
0.924355556806981	0.641852587683674
0.939390942221948	0.656931591475017
0.051791970324538	0.732321463593939
0.098811248238504	0.692827645792353
0.165816561328437	0.713247139754996
0.220913367222742	0.749712151926293
0.295871999561990	0.728208287395702
0.330591696071343	0.735032019594808
0.393376362892654	0.702904649460782
0.464510196811638	0.702626820264297
0.525656375195984	0.702591251556317
0.612586789033978	0.716839715015804
0.656780157900481	0.718551783218526
0.747966550159144	0.741967879815951
0.802752934379446	0.731514203226896
0.860020755466544	0.745354714365759
0.906487027539752	0.701338119080485
0.987841603590721	0.721246779889624
0.000047467270644	0.753984340860388
0.103370831372070	0.761917231490816
0.131048725613753	0.758254104412220
0.233274266527331	0.808564815160019
0.264437720735892	0.810822942730347
0.319969883743317	0.780151843056700
0.422313579732974	0.764898646451742
0.480022345912299	0.791651769943803
0.523580466155214	0.801796789889759
0.594086200704702	0.802845898678723
0.680015149801042	0.793812221697604
0.718841145011559	0.785648832120502
0.804371392090542	0.807423384233244
0.850138716728575	0.783412645185812
0.917294080408126	0.802668336092650
0.946388704107699	0.808827290281497
0.044160359956827	0.850022616164648
0.121235318408286	0.824151024734404
0.180767374228050	0.841846686576457
0.246464970389839	0.869508566479084
0.281980841180654	0.847122995409212
0.312544781292683	0.841197043300187
0.378634844194431	0.832659246724834
0.458242310084925	0.828176082130097
0.542173549324431	0.857934622904969
0.588236042959205	0.847920827328442
0.672767167674673	0.813945485206541
0.690958118256172	0.855454037674459
0.804581902395487	0.819682923234576
0.869183542074562	0.823410053870969
0.908911326908020	0.818738984716763
0.941269611867906	0.865539902877188
0.005378574978183	0.908579984818604
0.096585638639886	0.899233685884796
0.161073475866246	0.885820154481526
0.230027340246022	0.907444875913194
0.306930781908317	0.917920078888517
0.325358291683453	0.925572258781309
0.408415996884791	0.909569952252104
0.472147041445050	0.891977629249910
0.532781309397607	0.891541415159949
0.565453081305128	0.925539591550603
0.687023166552424	0.896800389358378
0.708977612191573	0.907579481871235
0.781502522768337	0.924979467116641
0.866443572723992	0.928235328390318
0.890737760568326	0.880326575309813
0.974094700935319	0.878966775549102
0.022458426383081	0.980976239962847
0.116811926605718	0.944825196393026
0.146988716214427	0.953194523117434
0.226752824581171	0.944583509861162
0.255604633567996	0.952730144523138
0.345769890577246	0.943706902400289
0.435804072679790	0.978758067047749
0.467319499126128	0.944300665841857
0.554875676372874	0.955863914442217
0.582960776101789	0.992758049205937
0.629848869038361	0.989226685121359
0.712137670974978	0.983207517881693
0.801452889773984	0.942958792425450
0.870904517693772	0.988545495795795
0.922596545740984	0.942000917538419
0.993310492120406	0.957322857652866
#
0.040675710852532	0.050402625723021
0.119642895208589	0.024190674032245
0.164736757791773	0.001452268698242
0.192911825667930	0.015661356421342
0.271581018741494	0.032946478583139
0.319299077951419	0.056558093884158
0.411570875317340	0.010951094433770
0.496659371593655	0.046245415385637
0.562014810871802	0.050241238201908
0.617965253781403	0.012556169708855
0.638927282303089	0.062430126738020
0.724473830437514	0.025175882276421
0.805323894817923	0.049620477217743
0.852795524590252	0.008192743162087
0.885938771071597	0.013505432495965
0.986032891666059	0.028403274576041
0.042134983431230	0.115902636794700
0.114263058259213	0.082210484329194
0.171756589912520	0.110198147285892
0.208974413520534	0.089466083335449
0.306414363758851	0.107919739380693
0.335753268407600	0.075088522632743
0.378711349622745	0.115528141917435
0.437503510387615	0.105777394807846
0.527146159677568	0.121421005881606
0.565744421591108	0.118543042843473
0.647915682047702	0.105374362708040
0.725977717995056	0.115536879454864
0.768995525639969	0.115659338958366
0.831078302046768	0.105855828655967
0.889989287726928	0.120662858534060
0.996945707010325	0.109180549985422
0.023787895921568	0.185280084041944
0.066582134081768	0.161668227295547
0.175307061694983	0.187377266804077
0.223833532182927	0.128541114886417
0.260876772942342	0.129861314680279
0.371327641040862	0.172204645914539
0.387148393044399	0.169014436334026
0.471020269200909	0.178000539393514
0.500281153712487	0.160277673866432
0.593030473690138	0.126617556336363
0.659931853858272	0.179502120821737
0.716701551551046	0.174490677087915
0.792501868850086	0.145141305566682
0.824260053809676	0.168291098273660
0.912086541321964	0.187116641783998
0.955631409790514	0.176965457515783
0.032342665923606	0.214996889574685
0.118617494996548	0.230596509291929
0.176448688199499	0.225326023233432
0.218626566544088	0.239489624594452
0.263110645060220	0.229826671124861
0.335052140833589	0.246597890915954
0.428814893339019	0.237042433768404
0.454196273207594	0.244606328894060
0.509690597582886	0.227118616976570
0.585390124766363	0.222412131880390
0.644899245341634	0.213919522028630
0.692304122466548	0.221757322266758
0.811344514644319	0.220931728465583
0.848641886136877	0.198862638487216
0.923921389895007	0.232868381728271
0.975672993512282	0.236240709968549
0.001086233766071	0.310545021900452
0.063023775335872	0.272482703110432
0.169749648990051	0.266244027592764
0.229835058019342	0.286408926601617
0.253107771481878	0.300602731364919
0.374854044945062	0.272633829872388
0.432103658734030	0.254517375739994
0.486429760243960	0.282142942604176
0.546193702506412	0.287158385466239
0.616497568667749	0.298666716753777
0.673415333480438	0.271875021605956
0.719921198681095	0.288611057820057
0.756185486375747	0.260524967062060
0.851341525451010	0.296446519638166
0.919857080265031	0.259934242657021
0.960201984349452	0.312381643961971
0.048512469944780	0.318283942180170
0.110642212527022	0.323728756574269
0.167218294601123	0.328039293268355
0.244226234003256	0.338997838995768
0.304212475149942	0.353292193549753
0.355174072009435	0.326890696192717
0.406924849660002	0.372722933475795
0.480568987531138	0.362973697349772
0.524889616432458	0.332114463647505
0.577891702170691	0.350138192888731
0.630331887006255	0.336659970626156
0.702634650271534	0.325740940158894
0.779950102041464	0.335734244223157
0.862388979917133	0.340297305220807
0.904092714575607	0.361918876424762
0.988873830819240	0.322686608519332
0.029234216337030	0.426373544568516
0.102272777696436	0.396258874321067
0.137800095067429	0.430326100422611
0.188003324088758	0.427163059282387
0.299709014780752	0.429383722641362
0.341636142350998	0.432319220590829
0.417337227069618	0.387896224524685
0.476189373928632	0.377400655023498
0.540477954122582	0.408008954379011
0.602386511595078	0.400656904609212
0.629441341706422	0.399642541646525
0.741913913470789	0.389101117256005
0.790964528374831	0.401078799527273
0.819190209092733	0.385296882496401
0.881331932383201	0.412901019686344
0.983895985114830	0.394283258782649
0.044208629139864	0.449740697385217
0.108095148909044	0.442015505877094
0.161407700733726	0.476981460460690
0.221000387559412	0.498769766825431
0.260466797177905	0.497347171388647
0.373018959987797	0.471529929848395
0.437050661814178	0.454255179724250
0.458524010149069	0.440772697897808
0.508140966108917	0.475478929519998
0.563598887587688	0.447354902471964
0.629291985563303	0.486229034792336
0.739520242915493	0.451419270120426
0.800854216952774	0.473431839499607
0.818653493640864	0.470111444818348
0.923794386497767	0.457945325256545
0.965044568124587	0.441287148424607
0.052512043473546	0.510783830412730
0.088364514280894	0.562349523388513
0.151647388330113	0.544428001866776
0.217899474569806	0.531385762580644
0.256090250071392	0.528837257508151
0.319261466547442	0.513226216545614
0.420785498539518	0.539321386104408
0.480607573331359	0.531803518672079
0.538671669632004	0.515346431264269
0.592175689838402	0.561165097896863
0.656558359849513	0.535720965484092
0.726878272160394	0.501053995249340
0.810960300382800	0.558663578339308
0.847949817653967	0.546213679826752
0.923947589890786	0.502854649982265
0.971620511722663	0.509794948028236
0.049342830749658	0.586165411243254
0.091305577086472	0.570747286286961
0.137322515121154	0.623722904114105
0.247853455613450	0.564657612471412
0.281492520654922	0.581598619716614
0.358758634272674	0.580597628188691
0.416247962314228	0.593886834023610
0.494839901860068	0.600299732433702
0.519090890452287	0.579389150505743
0.618664352076283	0.608034930813717
0.648575640347222	0.580273793170409
0.729599566456070	0.604511229316590
0.772466373314957	0.593792745050460
0.822065078655622	0.568802309907927
0.908382912596195	0.589390436906691
0.954712558832768	0.585605616934040
0.012842118597553	0.654553313630063
0.098166953053015	0.653487442780982
0.184677651398740	0.629881911868551
0.206060183471665	0.682731744162792
0.265597085312031	0.630163472059687
0.322288794168804	0.625679588978686
0.402737134317341	0.673234443802674
0.459064302330735	0.642664768242432
0.545871624791965	0.675366693100745
0.575160814684970	0.650963791171895
0.669512611343994	0.666306070047153
0.702452440967889	0.680870516500638
0.791141313961391	0.640910758160383
0.826329345512513	0.669938176749842
0.885818034689482	0.634449239487748
0.942612670741536	0.658234275885214
0.004318657332174	0.699039148402293
0.095209156665418	0.708001273368835
0.160562352591209	0.700730699859730
0.238024459974380	0.711452845475043
0.278399405716546	0.744812619114484
0.324921442169561	0.741521293237228
0.394370786471844	0.722315452215219
0.468822913455386	0.706007069301211
0.517138037936445	0.749810488879986
0.603195017038541	0.716340868740538
0.626887824517765	0.715755581556762
0.697224754813296	0.744478751190933
0.776237576449345	0.745142035767236
0.863588163175408	0.704612212492412
0.879688430040187	0.712453657214053
0.964519834908894	0.715361544534183
0.015262019358404	0.751869645814148
0.084492396000887	0.767624865392019
0.149985787508191	0.767924359509005
0.191772407765797	0.790848774539388
0.299226517349418	0.753272540140495
0.373824755690020	0.756781459351019
0.385931297760906	0.800304556771951
0.496470497425522	0.768790744860608
0.534981166762878	0.808776842196536
0.610064728371232	0.772398504753923
0.658055603701052	0.796692649364516
0.697853688764235	0.760627944694280
0.783329771722977	0.778740852815970
0.830000249396544	0.777050326191716
0.894572048787277	0.778912537883481
0.961296590137947	0.791680565521047
0.052972654402366	0.862012148045938
0.124234018032261	0.864653720387061
0.181768502383905	0.870369539304024
0.243569262862687	0.812895038063381
0.286145961793639	0.833008307400860
0.346042247700631	0.852052992728318
0.401559933647877	0.874551825254353
0.476251432230056	0.867868956365941
0.503937288697678	0.837810745468668
0.622037901556943	0.836618470120970
0.642950003941765	0.833455255958474
0.727881197856129	0.866978255738965
0.766975635855802	0.826352763938800
0.837535415650936	0.861396940203592
0.889768997734592	0.844676173124969
0.982725925404864	0.855716093875402
0.052164726262485	0.909781807663334
0.118635647142920	0.906982097534808
0.166826220515493	0.878725175135472
0.224972884746961	0.884600522580929
0.270962048603329	0.936141357465797
0.330494414829997	0.891417691473364
0.392819827950518	0.899866934391290
0.460533166455113	0.887762936548158
0.553092910964180	0.891922350744000
0.579416963581326	0.884676251577254
0.671942127966774	0.904153551782168
0.725285066038553	0.890156864323108
0.760784252651102	0.908502149272478
0.856220578333880	0.917253020942386
0.886396792574412	0.881965762398780
0.998898653211398	0.901512072194953
0.016025445398648	0.943952511764703
0.104747693631739	0.971023267506627
0.150728608851374	0.950696777890133
0.214094679546914	0.942954872707011
0.252425596686063	0.988101031308319
0.318990401750545	0.964670790278393
0.404889757650064	0.966354017414584
0.464749999525317	0.994696409949613
0.541090691500830	0.951383711031262
0.617121646557264	0.939914088827771
0.654518455608519	0.949999710897100
0.689405599536701	0.999439374383525
0.767175922770909	0.991625350068585
0.855472132588148	0.944027405481093
0.909537567575937	0.949575406531122
0.980725964788749	0.970283445313173
#
0.046478764295806	0.038417557452553
0.118086005690411	0.059199746217159
0.128981180155296	0.046645258695154
0.195783358127410	0.003716915017277
0.266428519990046	0.025047042500239
0.325409403030157	0.057717582326200
0.381853554923286	0.011295904349837
0.498146946104976	0.039067955056454
0.544414656116142	0.001823081620811
0.572295078951818	0.062428075892950
0.644823865154717	0.008833740359716
0.700881773667266	0.011944201224703
0.774389823787936	0.019638241913551
0.842257124495170	0.047488376742110
0.885629408893438	0.028732881116735
0.996562571380418	0.030404422293744
0.050802401817241	0.099477253790125
0.090159630380259	0.082035641583390
0.181466325795969	0.066613729083704
0.191768807869351	0.076754568177102
0.305755658510201	0.108654377701728
0.372363236528440	0.116142417171188
0.375265594993896	0.071993933061486
0.467070250240404	0.086881687986753
0.555451611913846	0.072387903610917
0.575041367515233	0.069857933385614
0.631865136923586	0.082850950818474
0.744221009429130	0.070319288732209
0.758891542909874	0.112067491511597
0.857364453691376	0.122608594712244
0.909204991935218	0.094691693411952
0.994852801361669	0.076992439124033
0.039186112533600	0.187369849256326
0.104909314463709	0.160065851095148
0.177904637397245	0.138606988988143
0.240255930458721	0.154980042665261
0.284595461570331	0.128375620247302
0.355729590849539	0.166511682017360
0.405521484419126	0.141072457121586
0.474366653690084	0.172606943259041
0.543004434682197	0.166374036629888
0.593665859596493	0.168854135564494
0.681384060312152	0.150826044648612
0.701009945539643	0.172125134133297
0.800280184744108	0.157143359065438
0.831341250556601	0.173004954700709
0.933090366538519	0.180730720194576
0.954564495787389	0.159009930787494
0.059168117018223	0.217747973256104
0.067243036451340	0.238487793770267
0.138170017631066	0.238191454930508
0.227048118258721	0.244676659653703
0.292302153548762	0.248769026554951
0.318114020310020	0.223478411143524
0.422971554591896	0.204075784804666
0.442934333566328	0.210317607610560
0.537851049748215	0.205509034324323
0.585652048806812	0.219707488468198
0.677471131797058	0.189978867857130
0.707393620371561	0.249572569897182
0.776783654414300	0.230981370662568
0.874905972916145	0.214423659074685
0.880188945798480	0.230182419671952
0.997504790778622	0.226574712718505
0.014895282543706	0.292614500266526
0.087269351255910	0.260026767866809
0.186209764884252	0.272694566961772
0.240807166641068	0.252032778269968
0.289001761027961	0.263785980412221
0.344427527881793	0.298381269527804
0.412700251088291	0.280058066163924
0.480811031574456	0.278973345928004
0.538002744951635	0.287492991331963
0.581125539135217	0.297306829710679
0.669585153732818	0.293099560261029
0.738000260517700	0.308235733390491
0.772083414257989	0.270520696959696
0.834339298953265	0.252378435980617
0.921678540278617	0.288013100982181
0.974065142342952	0.287314565977388
0.045758304022196	0.374557403396363
0.093605131354673	0.368470189436565
0.167969761600944	0.336579336004583
0.203567408843913	0.331192391346836
0.300032286799986	0.332615068638142
0.370442093407140	0.334699079836067
0.433551529246860	0.326110444675109
0.437781871442050	0.317425796472217
0.514763848146485	0.342329335449573
0.582383275298607	0.362403368734499
0.685489936571217	0.351182971784422
0.736246795259357	0.374007325459157
0.762812239513805	0.344978137342254
0.853805658198848	0.327367694848186
0.880944933772773	0.331114640754791
0.969407687087522	0.373825761212810
0.036009313852645	0.384077132041351
0.107883323998629	0.404882387759835
0.143134111644615	0.401918575756000
0.205081964497823	0.387494836063705
0.295899345884891	0.423869471746466
0.349566708880492	0.378130768601115
0.421955973604800	0.399679238753668
0.460763416331206	0.407835997896114
0.533699957719934	0.384617783786291
0.609356553741232	0.418239222849542
0.665689614159798	0.419250529429817
0.731114845805828	0.388106975911210
0.784339257494858	0.416166569916221
0.843850080586004	0.390001275012619
0.909570200245844	0.419989457568151
0.968224429692660	0.409149925654440
0.021141181472023	0.454688662565241
0.081581511073532	0.479096131627237
0.149994320067343	0.497180664649275
0.214233247147462	0.489072318040783
0.266545834096392	0.449928663019074
0.340913751343827	0.478195179961784
0.382805165603712	0.486445102459156
0.486123908089619	0.467586427890367
0.537757996333008	0.444396114429551
0.598160186063186	0.491673416165093
0.677226856275747	0.460547900807706
0.715011441257086	0.470293176499031
0.788966704052632	0.499984563779432
0.866514632621900	0.464315091557059
0.915060119901914	0.472659908199604
0.942052424406179	0.445333912795837
0.019713198144970	0.516207475146211
0.086828484918649	0.521143681374645
0.134288819217889	0.556260329815270
0.247253091161198	0.551188160066071
0.257992189946932	0.503960241855579
0.358650259684341	0.536803542528489
0.383361870701393	0.518311796248497
0.494319913965724	0.532044001396756
0.536046639937220	0.544089013677228
0.606537425478813	0.526139744548974
0.677291645200409	0.514533531840898
0.717126983283001	0.507641955309697
0.802862513342491	0.557056245785685
0.833357527362150	0.504877868415177
0.903519425707874	0.508649784564308
0.994576759140374	0.530613865681368
0.048630403962715	0.621457856686078
0.092295195506838	0.624975939717837
0.178320207339902	0.574667022027929
0.198283009946645	0.577919277977296
0.261422128564776	0.593929709379196
0.338440309677608	0.604183826168693
0.411542683411749	0.574513787217325
0.466290126430404	0.568025150701409
0.561457381176054	0.598336927644754
0.587288549946921	0.569752141907753
0.633448372553324	0.624130274343567
0.747179407349247	0.584447032777115
0.788280709568244	0.576146515074919
0.849850585547357	0.570631208802371
0.929889002914980	0.621029746033840
0.942968741438926	0.624896571607654
0.047925142466073	0.634834338040053
0.071584146617466	0.632338238416085
0.170557353743482	0.649195560026959
0.228968415302566	0.662379342474714
0.268646192814025	0.639762988404781
0.336267983648290	0.678785978989044
0.411790186111301	0.651710173135905
0.483990121745502	0.669754209982290
0.561527485755279	0.652775171976019
0.577565990042655	0.684663224571772
0.659030846953748	0.629639389838474
0.720794435772881	0.634633232608818
0.771006806627500	0.682369323766294
0.839263962675297	0.637215650730584
0.875136878574299	0.653142006477723
0.974871841631800	0.626773507611191
0.002829034929822	0.737212096978261
0.123258166887858	0.688117598765673
0.176175133904599	0.692937991219325
0.224225155799469	0.745119575380841
0.303888083637317	0.689255877616642
0.364743968775087	0.736975661883358
0.411207724647528	0.687899478958663
0.491637634300659	0.725447198821452
0.559369519439496	0.699063747832916
0.564477407446708	0.744483199318518
0.663829753431801	0.717685656105211
0.705264394175672	0.747738291668994
0.809854890583049	0.738473134636523
0.820136294323633	0.705425731027016
0.900095857307337	0.739696798217994
0.946577216224181	0.720003208575072
0.018020425781845	0.796344112601095
0.121785379508926	0.785555312374620
0.139790829638320	0.761983608131293
0.198014725307705	0.768718564232397
0.295432566966729	0.775034282187706
0.320926990114601	0.799613745981970
0.434216395747316	0.761591809658937
0.463201933953842	0.778341351592876
0.554609635944853	0.761517863286780
0.563518388458998	0.759216437525865
0.664923451602790	0.764345865350763
0.731627532262152	0.758028959755443
0.753822699219180	0.754230805382652
0.819868943655716	0.783647564800607
0.902532783212381	0.794372850195359
0.958144020512268	0.782001775449492
0.037588371598415	0.837868635155696
0.088405983688637	0.826089278230464
0.167915603592507	0.835177231163293
0.215463774809140	0.817546630745066
0.264438930203775	0.865302476869617
0.364877395809716	0.834772844338387
0.394795806108111	0.824100612330740
0.442174279321258	0.837039773285398
0.526609471801577	0.837933833483940
0.601146148875972	0.843537999440692
0.662840567116006	0.826741695654751
0.740347583266638	0.847391154028566
0.759203498821404	0.820669959490343
0.871921047785883	0.817076419073757
0.901914310065777	0.813472201713238
0.976538385157249	0.850799098969041
0.040117428167168	0.878858853088775
0.077864094087939	0.900633349627753
0.165698682738747	0.905413474065232
0.206098099447228	0.921221849723072
0.289645371080177	0.913279140464328
0.313175558039959	0.897672427968977
0.423510620018004	0.903022672041674
0.444345723198924	0.914206173105446
0.551243753810121	0.929042620160394
0.623616813769009	0.934950097143289
0.653176111015649	0.913492677844128
0.720553467043339	0.911843729432287
0.799142226893837	0.900393587630334
0.861735182389206	0.929277129862289
0.934817823871811	0.887140944355549
0.997470824920449	0.902178524301196
0.029583860763135	0.952326444883325
0.077548343517130	0.940347690645221
0.131040166337285	0.981332141770709
0.197350520904840	0.961660725463103
0.266719536190322	0.995777624061629
0.340747382774890	0.975088602741037
0.425414163369083	0.945439312215997
0.480090198990095	0.980624900835246
0.544050852225407	0.953999111054349
0.608451863223094	0.982279941013497
0.656997234335169	0.996545739340141
0.738109480586860	0.973734678286997
0.796972915613901	0.984411001652924
0.842755794677710	0.964736528686419
0.879694247168301	0.976289636158918
0.969837525823349	0.978094878586846
