0.005820860054419	0.015363831309454
0.101329812920031	0.041686994164294
0.149936162101206	0.056999797786004
0.211188456514778	0.031332096717980
0.267186150671841	0.017132117518837
0.343583517293116	0.016928959961964
0.423189081102770	0.046682244352224
0.494827260262060	0.012984373798939
0.522368829906306	0.059554028251337
0.618898019324149	0.043147664119757
0.636716452677319	0.052243722192883
0.730242510117880	0.041322835352347
0.807788767079541	0.038676889636828
0.867095210383901	0.007225823794079
0.932870032017322	0.010242954029875
0.984170517371192	0.029099246508349
0.008953715618456	0.065347907265031
0.116907347719396	0.116759203226948
0.185071834537101	0.069609627813243
0.205681888128906	0.107048545334150
0.257336652562915	0.101065506221742
0.341282058121004	0.078967153782483
0.398266711612411	0.109838335683997
0.454873316546989	0.122613125974921
0.511701558268210	0.067767821355436
0.593381089529344	0.086645605979521
0.637545918946864	0.119915876783760
0.710351554915042	0.100184590448086
0.803612628323867	0.096633450005118
0.859593922181426	0.102565299772556
0.912856589385857	0.104307932788927
0.969876767565700	0.124833730020289
0.012995795291615	0.171557960955323
0.082460740454835	0.137186370036143
0.161536401742845	0.136794188892072
0.189429376260245	0.126453301345802
0.266909562404479	0.134937780853346
0.353308251137102	0.186343575449158
0.386917893850342	0.157503994000145
0.487046304636064	0.144456747880195
0.505400758296112	0.143078831203300
0.590607017940052	0.169980304093328
0.638988323251016	0.151405687391852
0.738123164989665	0.182765101241592
0.759480019829813	0.177972825460130
0.843999730314012	0.125435002526602
0.928689635036557	0.147772994174220
0.990803560399987	0.145536747387503
0.058279132862408	0.221046000377635
0.107665146216789	0.249429140239821
0.145065505207764	0.249828900574317
0.223192201862855	0.237030477027183
0.251246047410240	0.203238419508151
0.345602576977830	0.201572028908779
0.434313925564479	0.195374302073120
0.470517089408943	0.219829259040376
0.536306508228603	0.207846889902802
0.571826005938772	0.244929705687084
0.669888502259247	0.217689865203036
0.699547152750787	0.242818613855126
0.772766186671859	0.196608727377981
0.837349810250418	0.198318130499292
0.891944531020579	0.190131695315971
0.995169203858280	0.190039943569582
0.041865689355034	0.277767588449122
0.079310131292280	0.299206642227179
0.148042674865700	0.310772727403271
0.241317075165877	0.277593379584745
0.264443041585489	0.290323319796082
0.321299767443864	0.257042571831155
0.422889421021191	0.297779251119420
0.439753621511570	0.257767601522563
0.512792866578161	0.286715853225723
0.595081926636650	0.308949368044606
0.642280725402474	0.272340493863993
0.745099028498539	0.274466032226213
0.759026643080061	0.293298429295723
0.852231623774215	0.300689294902419
0.920283980357992	0.254759987118831
0.955678034636233	0.288410511036848
0.017744806642934	0.366721333613787
0.101514057716474	0.344167402996488
0.141693930596624	0.326843669132060
0.239127950216440	0.317710225136883
0.284460167685049	0.329357569706477
0.367850643668289	0.315130735879096
0.395523966207524	0.373794862301740
0.472608553093767	0.357043066072404
0.531519342905148	0.330120463233935
0.578804251232372	0.341910372509600
0.636314341888371	0.365134332326738
0.721147548939019	0.341056367068914
0.773116464717457	0.317976973384613
0.868855568506139	0.329125268068543
0.932435888985041	0.357171945371589
0.950278222971311	0.338151551090565
0.006728840091203	0.388394263386935
0.120536352011966	0.432671012806862
0.128626232094510	0.427397106102411
0.213456545031154	0.398295581811875
0.293515950975361	0.377678334684502
0.328184517220521	0.385983617484100
0.413322195637930	0.405120674411329
0.452358409678531	0.391426195146964
0.503787978465852	0.396961221243711
0.606299771748320	0.425476201705280
0.686058505918146	0.387581304227952
0.701006814942464	0.375886776935865
0.784969237291945	0.394151555509691
0.860589040818296	0.427680143822259
0.912064968995299	0.408825707091327
0.966901887316932	0.416837157312976
0.057969089887447	0.447568368110822
0.095078594320821	0.473447048666642
0.181882349118097	0.440026098848327
0.223924623141397	0.441549796524702
0.250853109726648	0.491890792281924
0.318343245061893	0.466227385338565
0.398741087357919	0.459633712720157
0.462934491899897	0.456026110773330
0.557994620145879	0.465437861078637
0.611318018982727	0.497669305855564
0.645977354860743	0.490797250820509
0.737110633487373	0.443546164898678
0.782480188449258	0.451631903637115
0.816893547396034	0.485603592675320
0.881361845387463	0.467417625528159
0.942018687304114	0.454174361530266
0.037593366616078	0.534428381805641
0.083848512620048	0.557248416195449
0.168016862774505	0.512733432918376
0.221504751877278	0.519377446985309
0.305361217584662	0.550908106274649
0.347456985350572	0.558604846401979
0.409024594184948	0.550408986088682
0.452488131824645	0.527716048257476
0.538389074261274	0.562220942272623
0.587623496749467	0.521554604628835
0.640710302763202	0.549520291297701
0.689677619637730	0.529037621824894
0.787160613640947	0.552438682583146
0.870967211913892	0.508072557599068
0.917982341964492	0.536551456674131
0.992668968507245	0.502723447324294
0.042890145307847	0.585867638035763
0.069463820038239	0.579919473810568
0.183514065050058	0.621965362573267
0.239476618165378	0.568652748932050
0.282174811051151	0.607412625551203
0.326433428566422	0.602851279962424
0.437346649559878	0.588198131873086
0.459504267002224	0.587299965356896
0.538071397380687	0.601636217625145
0.577346553243661	0.578204999303144
0.669766711590874	0.619534293741345
0.725043391701193	0.568043821579903
0.803394808984803	0.606997853417298
0.857606613247797	0.582243137735581
0.933863722281848	0.614158024441371
0.946743596085404	0.568561932786499
0.048159744950980	0.654499893985805
0.063020811168947	0.650104518258037
0.183283476798279	0.654889534132646
0.242041330098766	0.627813458457895
0.279928317416908	0.645544058036884
0.318606187459921	0.675443025812377
0.376195909237418	0.680998330599628
0.486156561757940	0.674868076847603
0.509732565059032	0.686603014750081
0.569766970658621	0.674181290957304
0.634627299079934	0.666033518117278
0.739021291313465	0.628374144217436
0.770772103210509	0.663344178823369
0.815340144662266	0.675010512609154
0.935459610641808	0.660247733795607
0.952652085532353	0.669496547804912
0.015140079547451	0.731492871894500
0.078513371383542	0.731326057760470
0.142959903158587	0.729916644263411
0.198208967648262	0.731270593237428
0.261131710506424	0.737729584547977
0.347653111625731	0.714831902375406
0.422550530082092	0.698963643054353
0.492521636812021	0.692164435590888
0.512988331003112	0.698069088963808
0.606891567829156	0.722611683545427
0.665274731824238	0.723015950709934
0.699835515671255	0.699124182882748
0.807525644048589	0.719693269340716
0.818845804069155	0.733406189534209
0.920865862553675	0.719567346481389
0.977897314262320	0.747538841314390
0.029232800319263	0.792676137420972
0.074246395483903	0.790112551121882
0.178934903085799	0.791607800007706
0.239694270593974	0.790681504231920
0.267261847915887	0.773907945424181
0.362404399577622	0.752695416581164
0.420994500218307	0.793898958635726
0.459864304435291	0.777998269614880
0.523246778122440	0.756673924815649
0.587023854537873	0.756623518261854
0.660779830193096	0.779994543663341
0.749165298053218	0.771182473360953
0.770162227684670	0.763567713310725
0.851798744211974	0.761503358170507
0.903197753977309	0.809644531734438
0.983258382922681	0.811511094841759
0.030143105999484	0.822627397518402
0.123430127364916	0.857245746835774
0.145449722597946	0.820476765673486
0.189622955688304	0.857059644720182
0.280036657080645	0.850526214746182
0.342635957560301	0.818255943756843
0.436945514040288	0.825337150282654
0.496719545320193	0.874447315043525
0.555203678346636	0.834725461221469
0.595861613816433	0.866232881858883
0.685905571779214	0.864064742983101
0.731343472081084	0.838479155913456
0.780980734103588	0.822779676297279
0.860533552430112	0.846101884228667
0.884863773028451	0.872916702224272
0.959383816114134	0.837820777850067
0.031372057950676	0.932886817447815
0.081669825351953	0.877495878172921
0.171053289475630	0.934445050369702
0.212468254560364	0.915447876492503
0.282422382799541	0.933426334652683
0.312866495340217	0.904806082944224
0.394348215592757	0.916397371499077
0.478473013771226	0.902357697624214
0.502853930128122	0.906494765986338
0.614726524623047	0.903631395084930
0.669202740270808	0.881459879748630
0.715983182009306	0.934124782360537
0.779664070483335	0.882890146605878
0.830859861995759	0.892051662060444
0.936955809593074	0.919448993921268
0.947512027766209	0.912295190509710
0.051422459725622	0.983891174411725
0.112487516785038	0.942285466678391
0.149514523878930	0.941805416908303
0.230881772072376	0.965168009809607
0.289971793167054	0.958551193228586
0.374542386358264	0.970057897044476
0.397773980139236	0.980165783456798
0.446725080534053	0.962561923914487
0.524445629757118	0.951338885064199
0.604027803793207	0.955359573320104
0.670205684432924	0.938042652967978
0.709458244925937	0.960685533214869
0.809576257102209	0.947080643020356
0.868132086119878	0.972212852481686
0.928355624271407	0.946432003782581
0.943973694696667	0.973085483224267
#
0.017582831268102	0.032233559519456
0.078545516127731	0.030375869034993
0.166836020502806	0.055414548200302
0.236894213751516	0.021265126027578
0.302290619959773	0.036449567947176
0.344771978423761	0.043957246914263
0.419224940352543	0.035923165568598
0.441047504879778	0.013791123131824
0.541658942306335	0.029446240084815
0.602517534013027	0.023755639520533
0.659707131061518	0.003432407772269
0.731773794464365	0.047298845627764
0.804079068822688	0.052521105751517
0.856224636237306	0.025611087336580
0.920500779433176	0.004721415972389
0.946991024002664	0.038715288503146
0.042172920856316	0.105004394422286
0.072238106151865	0.080466480580616
0.153449907730904	0.106416012578159
0.206721236715494	0.113132873008874
0.254654442717939	0.092761516709058
0.346927727988089	0.101105628107583
0.378861047983254	0.064679852672778
0.438338205625964	0.120725117695570
0.523045728759734	0.082906007815131
0.588704492553651	0.113859375179480
0.633917341956733	0.068952736810072
0.727097629927936	0.108551172186516
0.754345668873714	0.083686310089819
0.834335055440160	0.086914424935685
0.901978433836945	0.068776291243563
0.964163461939121	0.081301227463712
0.041520675624842	0.150602861517249
0.077396710057486	0.166087790707496
0.130734840118265	0.187181116751088
0.215250700136589	0.155026174259262
0.312322352998267	0.147788317966691
0.359755605994085	0.144082093557595
0.375286180380566	0.153185832247996
0.469647936923347	0.167836730392961
0.501179634462735	0.130794022364610
0.586255294305448	0.125834213046086
0.665482527702228	0.164552703552659
0.722784331615033	0.171789763302493
0.807342145561669	0.177636529767801
0.818062484527603	0.142129480056960
0.927365352324528	0.183877534494125
0.992230828864204	0.145002361260704
0.011212498432424	0.245210378866226
0.070700959246187	0.230524144378264
0.157266007350936	0.226862497200342
0.231477799195325	0.219157936888318
0.285903247198067	0.206358075568303
0.348554113815435	0.238147591310704
0.420458875752627	0.208538236945411
0.443947419394727	0.219371427658333
0.539385310499786	0.216389555781821
0.591467937417670	0.218578491963814
0.628964912772985	0.240910635444082
0.747550069586735	0.200235594940077
0.766567891089145	0.206999647522927
0.843808237266799	0.242247020663867
0.902383810861475	0.242943921823274
0.973702199358075	0.189359017517268
0.032251922057418	0.267427849762009
0.064675378148019	0.269841605641959
0.181456924487477	0.270767490704490
0.248574592478358	0.254253056439746
0.258293423483449	0.272341680529025
0.339714500695633	0.255149595062283
0.426540524798106	0.287357281829430
0.465363321497655	0.260059737355346
0.527401120291883	0.272977940830863
0.611907063165425	0.308618411260801
0.647624868031737	0.282149122074980
0.721789734329630	0.284586280650596
0.756649803022540	0.258142885142738
0.828751693454397	0.255828349750565
0.936494536799494	0.254654942328845
0.987762332745540	0.307087033651091
0.040002703923383	0.353490160234736
0.106426547044289	0.364236710867085
0.137413683830508	0.312632799119487
0.249374719321931	0.363311790800260
0.294191676406002	0.347677165534156
0.358423583278415	0.343909753683002
0.434259059328879	0.337313508344189
0.472098442428303	0.314098373288661
0.554332163881471	0.371191590179501
0.603396423054136	0.367260716388063
0.640007787329379	0.336139301745836
0.696594178533203	0.314578261969047
0.758482175750188	0.334249957251421
0.859036940946602	0.340897368448413
0.910688697718011	0.345666735207934
0.961117474207682	0.349791632639196
0.011596532759512	0.413729942980276
0.082904269268714	0.421902687590779
0.129121890830952	0.402940889783306
0.195401579740085	0.421692095882420
0.284902868000186	0.386258961446294
0.366737326459665	0.377849767494563
0.395459719734606	0.420264414915062
0.468822183749597	0.381189134555447
0.514017340526687	0.434345793283858
0.592352618630359	0.424766146385755
0.626690812176487	0.380562801672044
0.702911510121289	0.404789810250464
0.760519816193385	0.423025672131457
0.821244706110737	0.381015473410607
0.894133573286034	0.384589203155387
0.942136697137527	0.418964601801467
0.061886515686495	0.489380841766689
0.080302087972593	0.467138861181945
0.138167673448489	0.496568838963068
0.214637690841252	0.496341609671675
0.276569299653421	0.444054298148037
0.327686517080918	0.459717899478790
0.430697504502185	0.453874599105067
0.454151983856957	0.478265831751229
0.510533810712056	0.469925343779597
0.620062889690176	0.444926143334579
0.677487251390118	0.499887650599677
0.697422037834749	0.456514696129368
0.776715615086541	0.439330297493569
0.847132902804211	0.482324993190082
0.924446284360473	0.453403851821414
0.993454380716070	0.476513225317819
0.001830916299212	0.557355797237217
0.102077034034784	0.559420882403367
0.142328192993260	0.523444244847271
0.193172798580647	0.543624362554663
0.295288262550088	0.540360271241600
0.368240073758233	0.505048748223355
0.399462266699868	0.549095915045262
0.494697610366204	0.520805113488064
0.556580222385023	0.510430361132121
0.616696200156979	0.548101545526437
0.658046516815793	0.538863696938232
0.729735644835102	0.539035634452369
0.774581940777619	0.519376010609413
0.867180544022629	0.517267142790315
0.928141313966629	0.520589766388431
0.939632879730694	0.521125438700809
0.016592277290554	0.617242663238371
0.078630365231338	0.589672003529773
0.146069061685370	0.590330928439584
0.215897263747383	0.591348912486306
0.255090591018691	0.577775319357816
0.343349522219703	0.611448270614829
0.433883600940202	0.581689776566157
0.449748430389387	0.622905477764529
0.548958135052574	0.610328901366524
0.607498009801493	0.567708872929264
0.638202111123410	0.588936704348060
0.722453535324301	0.621238641629168
0.782322329389239	0.579824033939471
0.866394454087455	0.566957621879866
0.895822875031927	0.606468494191409
0.972079182371865	0.592740162137253
0.034128800726409	0.629460024401071
0.099057820270317	0.681816467199083
0.159668289773322	0.668576723527763
0.189493231563129	0.638163084851267
0.303637358416137	0.680336240400871
0.362057911738418	0.678402865128802
0.397189991539272	0.633187082437958
0.455783222689825	0.656709950788461
0.544024877100374	0.678132097278287
0.585255786025141	0.625656483913343
0.635592030087274	0.653045088597700
0.714296788521879	0.654452465845261
0.806615221414625	0.629087248628863
0.847809594220088	0.665315805841893
0.889484490649655	0.640523320576880
0.958507807857475	0.669926306665276
0.044229032860424	0.729215926151191
0.080092094173327	0.734635702243456
0.182459600908905	0.743641649531466
0.248919387769750	0.741584641202140
0.281631245212427	0.747770018598593
0.342180738465320	0.719427060372412
0.436475898168044	0.688456560048730
0.447289115853442	0.710072420106170
0.523303037063638	0.735530100730371
0.589804884212745	0.742951147824165
0.631675084908883	0.738621553883683
0.689778987842677	0.700579086496280
0.794868816326458	0.747336914340229
0.853322706995141	0.712127905548464
0.906848551800206	0.707926367719873
0.937523369546403	0.723256280988747
0.033031927734970	0.792109593395053
0.085153352139786	0.750664042862054
0.165463329913435	0.753072746273380
0.245787445367497	0.810043809236387
0.276073348277964	0.761251928520215
0.363520037278305	0.757664298975180
0.422307989731153	0.808546346000174
0.489812703597083	0.790603983341857
0.557509256904016	0.788548005695582
0.622058369684280	0.784138284995369
0.685241717931987	0.762737742147929
0.727665430773670	0.762601955636661
0.801337524838475	0.755540912477425
0.863094387165758	0.758407842369845
0.897289362042744	0.787695638785999
0.962625437669369	0.792775047429086
0.052179622810725	0.869727554729843
0.071864031388393	0.869464702786520
0.145922565997677	0.866811173616865
0.221857171528241	0.819236836848836
0.306764264604255	0.865436985155204
0.371619020835291	0.871979702030537
0.379141580750966	0.863367249022323
0.498755805950788	0.863391863892528
0.537339208918237	0.823766983757091
0.575519287467007	0.831913284190677
0.672477848344128	0.834671284586580
0.712702994007897	0.821198721360112
0.806693274599196	0.815984933128577
0.822083603112745	0.838739657285912
0.894890847955223	0.864467506847453
0.945406655200735	0.838418298668908
0.035581205135812	0.916388889857076
0.117042746378468	0.917192835195966
0.156038490393208	0.875899571954715
0.217320073010009	0.897345032126141
0.307525052964344	0.922406853638800
0.368878775565857	0.898300954582705
0.376414181577604	0.886901455759514
0.470834747372040	0.924248422361968
0.518207807156306	0.925425230158825
0.575469752834870	0.924946368494408
0.676781489220281	0.910398795161256
0.706852017266059	0.919147633346530
0.802099967678567	0.888220260286639
0.851373952691530	0.901293378023848
0.904550744649500	0.890610791659125
0.992271671375439	0.921382801123285
0.061691033406344	0.988118104415624
0.097570877996057	0.979393986019863
0.184836771149383	0.946348490632104
0.197819287658278	0.989396116621070
0.281610848680514	0.961886154027746
0.370634944977503	0.952104893792911
0.436029713411357	0.962004997001962
0.498772919177723	0.949381369809127
0.502088540554300	0.972524804318679
0.603059206472956	0.989446141652750
0.675407119718242	0.957056464078966
0.693484564822513	0.951580392883993
0.787199871623237	0.984903976405017
0.813235533263822	0.975790084334041
0.917884174933514	0.964278146674456
0.965345365976762	0.943570580640475
#
0.057334116920790	0.045594662816868
0.122106983733156	0.006711207259030
0.157965296319561	0.033746557681879
0.209765410361524	0.017006583166543
0.286737765339608	0.030473961123609
0.346097612353879	0.055160027068378
0.387697540168347	0.054875132320420
0.488730184498413	0.009740376410713
0.516484660289480	0.002193028035037
0.577839415567657	0.031371161523594
0.685079438800476	0.004208613391781
0.739884772350170	0.004066705253573
0.799388615848005	0.008214109448184
0.817393082675383	0.042370474339665
0.907792418795357	0.015218517601075
0.943169469975557	0.031383530345951
0.048674948874087	0.076171149008132
0.073355543604320	0.124331019207447
0.140995998346712	0.115978331492161
0.199305548146205	0.107286055844693
0.263947204558981	0.064374178502912
0.368944062544369	0.122232833716490
0.427944682056071	0.078378424837924
0.474065722396845	0.081613552950233
0.560762335822397	0.109833396269203
0.567567635547036	0.113645199727301
0.637111490406006	0.098635608091400
0.733221424084790	0.086735776442042
0.751800851023710	0.079959444240075
0.837386765333914	0.106134937984435
0.884196324858162	0.063131593633590
0.947838334994819	0.086560549656642
0.044646922378369	0.127505991317450
0.111089454873253	0.170766630147879
0.175359236713932	0.126550771791151
0.199930769379700	0.181661326058479
0.289568893576988	0.158733932920437
0.340613851766827	0.150150700914709
0.429812004802472	0.134774283522804
0.474490209462119	0.154233229338828
0.526527514527325	0.130259935192359
0.590108692521488	0.178130564932509
0.650747865284385	0.128721072877809
0.694733196958488	0.166517359636262
0.809524095034465	0.158551020730182
0.835032620938153	0.165962819310595
0.935730692173408	0.161372619282075
0.943292618628659	0.150697750685666
0.053882206700831	0.223412673186607
0.074060177927967	0.205765265364494
0.166382069490823	0.241716357411751
0.232694181711458	0.247464237588566
0.301558019357980	0.237058511495604
0.359443379897145	0.230072984292655
0.401505445762073	0.209230207945041
0.441618037367383	0.224101167791896
0.520279475448835	0.190411426418673
0.624909899575848	0.223717444017231
0.657986499784278	0.208380417626673
0.712527794900240	0.226212442526876
0.784629101785745	0.197796167007833
0.847168637753271	0.225831334895531
0.880516553575410	0.207318767749779
0.944233918695067	0.230848377144045
0.013948217255866	0.308918269321187
0.064043723323625	0.266693374771670
0.145609997406860	0.286045779584336
0.190503388032784	0.252984145409540
0.293553186386952	0.271018444041493
0.324417140046581	0.300478772941390
0.431333983184615	0.255288356145096
0.445954043347378	0.293046887843066
0.519026866987470	0.277185772813900
0.607707331433242	0.302905860849518
0.655462150556376	0.292547402869688
0.726146778915694	0.311262149887337
0.775557131599765	0.256244663456163
0.867907679143340	0.251916014866302
0.928890618158945	0.278363532029526
0.963190692526566	0.280964932920985
0.049544931662861	0.336991241251116
0.104418798737907	0.342136974453376
0.155477411950235	0.338491279914391
0.201859908458279	0.362247473091643
0.263319433611659	0.368266206524164
0.359683669154109	0.340783432292702
0.432289425369769	0.351802298691893
0.496049958629545	0.321926399398229
0.505557406200226	0.363039018743564
0.580516646620356	0.326992640027775
0.637763842885095	0.371601868885709
0.717118649619426	0.350445566824159
0.781902000373672	0.322586729921188
0.864542113090759	0.359823005837929
0.909544072063766	0.346918719814140
0.988167400978428	0.335386008844452
0.049141253094222	0.417460099571026
0.065187824570501	0.412330425047509
0.170204355028156	0.416814952545523
0.245245257275003	0.384780188442622
0.311254988264119	0.378716190331899
0.328170936485559	0.429786614169666
0.382247823161247	0.410369790312920
0.465500131314155	0.399871340478391
0.522320281326496	0.434498636997188
0.584542241811180	0.389848903610802
0.681022659015381	0.375128967483791
0.707218883811082	0.379938134400858
0.801087488039301	0.380733303101322
0.858890985149516	0.381519772012024
0.888846610486821	0.393214896034499
0.960086282013237	0.378581250087261
0.049956054656640	0.474580241637789
0.087661084200992	0.469696749212965
0.150698845397145	0.438760736040715
0.205487448086028	0.497432004776185
0.294409774239620	0.488038397042090
0.340801467383467	0.463885200157851
0.429312624442813	0.474110538221223
0.496973481858027	0.472199251141213
0.541727863887611	0.480296927688829
0.610195202269288	0.495971177703694
0.657003312510090	0.449267187100315
0.734183965741932	0.449894845284846
0.788604769399065	0.456574505897955
0.827261168716885	0.455436990018454
0.901108661658039	0.469973389343352
0.973109593448604	0.440801231234987
0.038436400494756	0.533349169920746
0.117274546106293	0.512783094865219
0.173859315149919	0.515199630437465
0.215785112427730	0.523900611768221
0.254797565038851	0.538169582339625
0.345421689890307	0.527855427229161
0.399706720307518	0.551438818261130
0.479354076257291	0.550883748580442
0.552517618690621	0.518101623504330
0.594608893770983	0.533307372876631
0.654070312586047	0.530943370547831
0.706465149855699	0.500474453641911
0.765913975807120	0.507220457862648
0.868667846514999	0.547307440047108
0.913921534325676	0.520942011299995
0.970360574902236	0.549651716192521
0.056561987059904	0.597046774238010
0.100883207743960	0.593395648924260
0.170893152356938	0.616956969371987
0.197631618839836	0.604991599883649
0.300413503570695	0.597070772368943
0.353318854710278	0.601504995962373
0.435347285135730	0.585083361996823
0.473883683627095	0.571799117200845
0.528224484099360	0.619913282904870
0.567853880145204	0.579222078642743
0.628189278941878	0.567865126214541
0.692527713386232	0.610402474511159
0.765194264695210	0.578279081517430
0.839798100502765	0.574156496239979
0.887740156106940	0.602344533103133
0.984022912391001	0.619478399383830
0.024872414817189	0.643628312875779
0.123046138003246	0.631750045709603
0.178234671415001	0.669333178240185
0.197843935721401	0.626373292165546
0.267609110411748	0.663529690727831
0.327257951579466	0.672965766043744
0.424365031486229	0.682935811578165
0.448245228707265	0.683722955406695
0.542977774991416	0.626010048465340
0.604773381370998	0.676435005164574
0.685948241108784	0.649881427560440
0.735283460959392	0.632290301817071
0.755834571771169	0.674382568901494
0.818439504205817	0.627405524108886
0.909271706907724	0.657006912479295
0.950427188279090	0.635154340782355
0.002554278835900	0.735656073662838
0.109487605393978	0.704407405708778
0.149083852045956	0.732358288335930
0.196930739070389	0.749536729854191
0.274302854150139	0.723189296005454
0.339004344400369	0.749560112249935
0.432243178408184	0.721982110881825
0.442854210313608	0.749814188544362
0.561570590187113	0.699692705459821
0.619968644385801	0.748173578700091
0.683636841392409	0.744408605182406
0.721413600150010	0.703374559791031
0.790259836585671	0.710823665582185
0.855181477930206	0.737659412156828
0.914610343863515	0.715883018426454
0.956773433591419	0.702179149989895
0.008895784603990	0.785589078827898
0.093765818928663	0.773311379167324
0.130874968775519	0.811442567049862
0.216213196988384	0.756903953837325
0.306870669227063	0.757048268862313
0.318199166243593	0.777855729821687
0.403072501059056	0.799612751023870
0.451473016309662	0.772293916181031
0.512372797474352	0.750788076300707
0.579335774138881	0.767448290779127
0.671601103615039	0.811110513677381
0.720520174502283	0.782866386107720
0.771717558911004	0.777026719492750
0.864349756154546	0.754953936471127
0.879825508135796	0.773480814552396
0.995080129998988	0.756869645281548
0.046642952696803	0.856712493764752
0.090693708341148	0.870075824087270
0.136131938564040	0.820651638541755
0.237933904570046	0.829055627899141
0.253610889762899	0.817439993437133
0.333978890620982	0.827941340747159
0.435132903133666	0.832454579639587
0.478173310383147	0.869949677725078
0.547991414652902	0.841375902723841
0.580941567172632	0.831018449146305
0.651157015707846	0.820870620957196
0.744641990908920	0.863832798289096
0.787620444732630	0.834528722470749
0.863272385799971	0.863401534047653
0.889359313357705	0.833069158140702
0.939286135966956	0.814133986059840
0.061082039319114	0.879558765024892
0.077813617262946	0.900197066227020
0.153658710354045	0.903170641241751
0.214888757639539	0.919674731685006
0.292694061466072	0.922136297998865
0.359197909721801	0.891977077033831
0.437018536220309	0.903759413303635
0.486099158264953	0.903805144385273
0.535594353635235	0.930680742296549
0.575196136519708	0.877892134144295
0.630573926261993	0.913111795956644
0.725908992544494	0.912538237310955
0.806814058595177	0.880952794309927
0.842382004637011	0.935303755831626
0.885939879083526	0.930160352987624
0.955933560854391	0.935657134410147
0.046809468720297	0.978216168654784
0.085406467905945	0.944247638255299
0.151032339220059	0.974554055801023
0.232340535712391	0.998633628696234
0.293866099261531	0.975021579355239
0.341132489563579	0.983372358077525
0.390093099474929	0.943968990557238
0.471283384897696	0.987014336159223
0.546806129026647	0.984566090726775
0.592219008037871	0.965798951983056
0.645607320611157	0.984065441993080
0.731164264139059	0.969579808436003
0.800547083604160	0.982721572286734
0.847939471707898	0.941208267585307
0.935933150656273	0.954512783024579
0.972022875947767	0.962840007813144
#
0.000499892659835	0.054449766756024
0.065106191105467	0.037088899910936
0.181186891901583	0.051860659453520
0.221808478942678	0.011733727576033
0.293026674941770	0.051234054478406
0.326060384893455	0.043495154702336
0.407842600594820	0.007212591155482
0.497276411973237	0.034135870323315
0.558441994608948	0.062245511566230
0.604832928768553	0.014056887291734
0.677943275991814	0.022807913663054
0.708551327848353	0.011456942333946
0.799304766082625	0.049088393407662
0.818141709417836	0.020919110310711
0.883435480051193	0.003482500775946
0.995021410125196	0.027957693330934
0.051080542875822	0.069035988826429
0.071630415552443	0.064028780936852
0.135101523383661	0.081189651192094
0.243494047970975	0.112195472928508
0.271159419474695	0.109178913055029
0.335732273355413	0.085246263455540
0.435867819250763	0.117877586262854
0.453331628017670	0.087362712967992
0.520300777968439	0.112588483138845
0.586391321170701	0.113630645745697
0.682934627838068	0.115750907452486
0.743826622491196	0.077366040761086
0.789915088049582	0.113020209607324
0.828648070823086	0.063513863162606
0.937327805469937	0.098598696183436
0.955694124165036	0.095720409554364
0.006691047719608	0.147027112374089
0.118332618322068	0.151705953560701
0.175330043243670	0.157059586221483
0.224593399479541	0.156265715319027
0.292648298908642	0.145778876326694
0.372472344795235	0.144888853265994
0.430916497278590	0.170744108890822
0.437855887314155	0.181550328705704
0.536174328860635	0.180435773711171
0.571296722455601	0.131548395745700
0.655218441963130	0.167356752160088
0.746382419717587	0.135604893601990
0.755735124288065	0.161250884245674
0.853790229763554	0.142024384902796
0.934484213633575	0.153234698816257
0.988027102063766	0.184165611280283
0.003141575813792	0.194057557413252
0.080527527756763	0.209974891351297
0.134847476382239	0.222181863901713
0.215846088736049	0.234243161856253
0.261934860088382	0.240401446234994
0.349231709705603	0.218629455783202
0.381036311054727	0.191755951485074
0.495042662076895	0.219849694455007
0.547659146203114	0.205519478146573
0.598503985901713	0.220871704681979
0.633510918882329	0.242136670609386
0.734722494769893	0.229949419673055
0.761566096424723	0.249611855891908
0.850742569755121	0.206133449498129
0.932775102758378	0.227968698420555
0.946531396623242	0.194124458650272
0.016964198414228	0.262182701949422
0.123616241864189	0.274102803878277
0.161038241081065	0.294205522582448
0.197621376532507	0.265445742541446
0.279773787675023	0.276442381283022
0.372507395978902	0.309914612428964
0.404278714347579	0.286814653541500
0.468376577766234	0.301640329327001
0.560412974634770	0.262613062560585
0.615831412925811	0.262896284012915
0.654835063258031	0.294440819179160
0.743330013078132	0.310002182478784
0.769803332722467	0.280877815639455
0.818307967159387	0.277074862234195
0.923598241406981	0.256770101435662
0.969278324213642	0.285476305748563
0.036124600775336	0.340767769280534
0.083064021649320	0.316737741276561
0.134351877090370	0.349579041861482
0.222969245421227	0.361320222040829
0.275786471020730	0.314681483316743
0.327000376611715	0.366307794550971
0.423313016476066	0.352244106188823
0.462829830683845	0.318789010359624
0.555246874324569	0.349017468493319
0.623786488038322	0.365165323235017
0.686550911093725	0.356295716507895
0.726990024321012	0.313208020423355
0.768717582894889	0.354543961114144
0.815575946254091	0.335681027519908
0.923148623591556	0.362790076219311
0.969468668649082	0.353837526165610
0.045591720987133	0.416711408974768
0.086294619546690	0.395024813337956
0.154093904922273	0.432937851174604
0.204779409414572	0.412713557781585
0.274212726572112	0.416085661966024
0.319900336880796	0.436211400723250
0.382852406824905	0.376586066573878
0.439047906082484	0.386000464541954
0.519929466249870	0.388540552495639
0.564781417983417	0.404140370046171
0.662520209598011	0.436085047592894
0.688090428666466	0.413316502186543
0.778010273940864	0.377353873832001
0.825734136163544	0.411801303454396
0.921207774281201	0.379661815227513
0.957584362307117	0.408463750173329
0.023203139038687	0.468148315579898
0.072031042351627	0.444408264463862
0.163433756382655	0.485056683854213
0.217700564571470	0.455853274431045
0.252227773774003	0.449506384687150
0.336816900997496	0.447229748375767
0.411654499935488	0.464912954200388
0.484980208693882	0.439329158195022
0.521407153084038	0.447181612051716
0.594980230737124	0.484260764114852
0.673458148532887	0.455792503435698
0.708150242489216	0.480647270621417
0.760717691317717	0.498764179151916
0.843331738556929	0.478887042578749
0.932828984804295	0.453916300892345
0.994453687859805	0.465177812445368
0.058417866660379	0.543430334403745
0.100413428570124	0.505771587676898
0.141440712705124	0.558612748222918
0.244649516693817	0.542741520951442
0.291332139686875	0.540218306307266
0.348845939626066	0.539575353448646
0.407241712651970	0.503335304719125
0.452162412813553	0.509819719811743
0.512261410799637	0.560985897085277
0.618644479617044	0.531449106601986
0.669868325737740	0.535018591305711
0.717371827100257	0.508639581270665
0.762619095624569	0.519618939874838
0.819152461919387	0.501165868423685
0.927552213089669	0.527474270936212
0.997798835261562	0.507066477906673
0.051663759365716	0.608562578792582
0.071340187760382	0.587712444458206
0.137177266270662	0.619486187074097
0.202679608500954	0.600494484149500
0.297901244466868	0.566631729046146
0.363084147288600	0.567725194997672
0.409056523662656	0.579059965635897
0.445273669991357	0.613900843772316
0.551575785864046	0.614635068542472
0.589732368701308	0.581057773950989
0.686025777904090	0.586813408770671
0.700946470783894	0.618066643013867
0.811254578802328	0.607618773905006
0.837844389263854	0.611252617567953
0.884654380005005	0.567479948237883
0.947254949731812	0.621316112693473
0.028647568694699	0.664152591862169
0.083973734615481	0.659221903530816
0.187082084463230	0.683892238898876
0.201873716552363	0.627805619166537
0.265089677868548	0.633820684381370
0.374183114166763	0.672962638415155
0.413584464631529	0.665069372518936
0.474392360463248	0.650828671764077
0.557939446370103	0.661815148932351
0.598802561952919	0.642839251570483
0.638481409015595	0.667430383803423
0.689968803155927	0.675356879041730
0.808350754318724	0.661116801458089
0.874992134238708	0.659225570264208
0.904055530968834	0.643934583339476
0.966016932615549	0.634344930719082
0.052879470791174	0.728624722769862
0.074521706951671	0.747260863877544
0.154604912131234	0.699073710394226
0.225268961011960	0.687524243039667
0.271244451481324	0.707283000684642
0.318026766808011	0.711986239103015
0.376156192986215	0.707265399357366
0.488384398512632	0.717810600173616
0.554230514897320	0.737742390451660
0.623070775763614	0.748455216583902
0.680903436425352	0.736680834914833
0.692862506287723	0.688869282108818
0.802264809024000	0.699567651568113
0.848084070073227	0.745926967108023
0.913154954303325	0.737252806208505
0.940923360759258	0.736482591990843
0.029850022655993	0.790666415016322
0.099796814852696	0.774274614368746
0.181588281701339	0.785725275906903
0.246422417053586	0.756799759344850
0.256178129946040	0.787820594568695
0.348041319849561	0.769505422697869
0.420251179628016	0.796489568685412
0.477003936141148	0.756192656773769
0.517253053043911	0.766128962193879
0.624649571574910	0.799562335607960
0.675570029675278	0.792462188236523
0.731896073145768	0.791363922190239
0.784333094700550	0.794305352839130
0.837704107142101	0.785744166854011
0.911911307944546	0.784212473147598
0.996904508122686	0.777192780710685
0.031361779772877	0.813517938586538
0.123001983970870	0.833390848934276
0.129644631685723	0.843058787351604
0.207133667315271	0.853053120992974
0.285656893692365	0.838324996896164
0.351440805557985	0.823673547204508
0.392555431888917	0.855983238124401
0.454338886546166	0.855390328749290
0.525922519277297	0.816488187921114
0.572866136559836	0.831968006667906
0.679910308854284	0.822216277376799
0.698560052000932	0.838156050004334
0.799865742109219	0.847809117208307
0.852700907018781	0.842897755901305
0.903253621937650	0.873632256217797
0.958044276533891	0.852084036882055
0.011222547519422	0.904336696395613
0.115237989708022	0.917916346395020
0.178465080867397	0.919341218449837
0.242965853960595	0.913789091684457
0.250490776685297	0.894689535246508
0.360592327703045	0.936942158121253
0.427609116622505	0.923952408815723
0.444752675773868	0.912140460227882
0.504265796335942	0.916521135814609
0.591043902378540	0.905055474278646
0.639922509453591	0.914585923028548
0.732367365602373	0.920884308284937
0.784033130367527	0.925985638660725
0.832220063782232	0.886628485578491
0.921445437208504	0.928603726335243
0.974937342930920	0.909791557344676
0.020665057328452	0.980146600394544
0.083194361698859	0.999772368420910
0.128813684365902	0.991032972915222
0.194321539734798	0.985784490676779
0.262930666623388	0.970528684214928
0.356731544681064	0.974454026954354
0.434303588349559	0.983472872128704
0.462608729844240	0.998089696833186
0.550797949789743	0.983683377937107
0.598308509864334	0.988788048166616
0.660709651326344	0.948672599423717
0.707537058774623	0.948338178076278
0.770253170650162	0.989452052597062
0.818261723035425	0.989444943113356
0.875083736362305	0.952454572052219
0.986099726357171	0.983517057593217
#
0.002582174202563	0.027490060928392
0.094844367580918	0.001506450731891
0.149061451933594	0.015884770797190
0.191667309526626	0.010503097468871
0.286264162751908	0.027194612796813
0.366633292096465	0.034065516746269
0.381754507574196	0.015616299922838
0.478265723557739	0.040025539065251
0.521171434452681	0.032521377354283
0.593515210763089	0.030132014893492
0.686378976795561	0.021612471935016
0.704660065170531	0.042365756405021
0.796496999286231	0.001747787275642
0.871570029164215	0.006475397285301
0.895633360695940	0.022353486104951
0.989741557842875	0.002229694233912
0.027406883126802	0.106325758558541
0.089160774491416	0.073185963951560
0.161868670920229	0.124986784765494
0.228069227329239	0.099569795152538
0.259126166989823	0.071435772859593
0.320114346164655	0.120503357290407
0.389044558327073	0.122682167551290
0.490829392392381	0.067992516925557
0.550520177898700	0.119036901944558
0.586565137060607	0.078173333738971
0.655738733177595	0.066739204937299
0.724379255517707	0.089817677339846
0.787305943036290	0.090385365175406
0.873474024977995	0.116506722142572
0.904242230455098	0.067565126884162
0.988667897208051	0.118173914174124
0.009731280343195	0.139818539046058
0.095193807989171	0.176751502335945
0.180153726511089	0.130787912117268
0.228447484735154	0.147593773542925
0.278745255643443	0.129635986392884
0.355499600274023	0.128401695998828
0.377115190262467	0.147069173899262
0.450903947046237	0.148950666835054
0.509549839191500	0.158694231919640
0.615250608241244	0.155363768710025
0.642994428014032	0.176254800911121
0.731549114348378	0.171176270999987
0.798327398250305	0.177068307731433
0.813633153346282	0.140660769848190
0.921131584149234	0.160111922560635
0.989805636794145	0.159637454206738
0.025899167586095	0.240516341929444
0.091808493110423	0.233302849384677
0.166822748661349	0.190838078299616
0.194815779775920	0.234853024285369
0.284306549707965	0.206607972610883
0.354823464624892	0.193366342254650
0.382749693368154	0.205804840331153
0.460423383721598	0.248364878716149
0.504895923936832	0.196013007329547
0.621967115496976	0.188341960005542
0.654762965677600	0.239812334662376
0.690334485131394	0.215844779238302
0.805191286648668	0.245421043363265
0.844123477021727	0.224655709820137
0.916260654596556	0.213199662167043
0.995435910254702	0.248657282383334
0.039727502599062	0.272555822802837
0.097893243096278	0.280905258659833
0.145347533388493	0.285980758731249
0.237277114004194	0.258974506449065
0.285170516065594	0.254361296481071
0.339230406555401	0.274233823429498
0.400518494067485	0.280567258719953
0.441909386006163	0.290567374361113
0.517401442037639	0.275064410181964
0.582501947476995	0.277606972135861
0.643246455762593	0.276536299576758
0.736328115232482	0.303104047559459
0.751755456178625	0.291562907756670
0.864316785152610	0.296624555554386
0.882986227561600	0.308148458046058
0.977628459857690	0.309876973681938
0.056389110976339	0.321416163804572
0.091248701260483	0.345145600957364
0.141264476133223	0.330983048774880
0.204817127920645	0.323002750667628
0.272014670079112	0.353919785537622
0.335826340093237	0.320555252752513
0.396132718238196	0.348436606154064
0.497438995516263	0.351067158402541
0.512030967208448	0.373296891498798
0.563325226147036	0.370408914734821
0.670902107663779	0.365982266912116
0.702447348234115	0.344775548183191
0.767815396339357	0.366233827107640
0.859119493205012	0.350246906187443
0.879371974851091	0.366967488704125
0.979703014086048	0.354508192768439
0.022959453568435	0.385038879484064
0.098133153479577	0.400935577685813
0.148747039164008	0.404884685681873
0.201011541579154	0.418541424423117
0.286416278942236	0.431142141357097
0.362238079990432	0.379734136936542
0.398485389107020	0.377726497434831
0.441555640690274	0.389284940032355
0.535317335198707	0.383023001051746
0.605813351091536	0.404815755762350
0.670785473859470	0.415402653549193
0.719439987988314	0.385418192966124
0.763713498923162	0.435171460790483
0.818973995193717	0.429902317931969
0.920973049647518	0.424487818626102
0.990353719212663	0.416586731497451
0.043444346297403	0.476012170774865
0.124875171604770	0.451681609690814
0.171213947320058	0.445064403918820
0.191985136903120	0.466100815530191
0.273207350028261	0.449881957919542
0.317740045896554	0.450790261649129
0.419995200757984	0.474934516934430
0.474611105405984	0.459248323828040
0.545241808049088	0.475582554887068
0.584749793362513	0.495851389626239
0.679724338055175	0.454442580860211
0.729826087083743	0.488911177916781
0.772564279488303	0.441183884105106
0.823299705155264	0.479824283388402
0.877753566936649	0.465809062668311
0.974672091493190	0.486006020594157
0.051965773292344	0.528911607797819
0.088220132520823	0.526273567992326
0.147946905961248	0.505058242445825
0.192449836410803	0.518341824591239
0.264086366896305	0.559733676519765
0.336360742067071	0.512196536324266
0.420916756582078	0.516116132206776
0.452785504592533	0.554612307108965
0.551166826507232	0.554659694969808
0.593744658101058	0.554487408005979
0.642998536863713	0.552351438743610
0.709335397395616	0.552788497353971
0.809786624856593	0.542638407462542
0.842119770742631	0.534642903826233
0.934595264712021	0.555428123871197
0.962499749255949	0.503137097738366
0.048742946103155	0.622218830932332
0.094608389110562	0.609082204678930
0.175214509287666	0.608622606490651
0.246608744869383	0.573050450186839
0.279508455401405	0.607352310452809
0.337505240362954	0.586256973450947
0.411500590672717	0.578807289497649
0.469388561228846	0.569120299509172
0.538700488914317	0.591036310571604
0.618014868376314	0.615966823939459
0.636706308158861	0.596427082557680
0.720138210476175	0.613019996814667
0.793530285455876	0.613752721209604
0.845556482607628	0.597562853327851
0.931088763709666	0.579970385650515
0.951695973507989	0.611721218953426
0.053222812069748	0.667138246028833
0.088673011478659	0.679637599254408
0.140245925478578	0.639760131281745
0.214335572417322	0.683952256570675
0.255788353040299	0.642330469014666
0.345059348394293	0.636488431601666
0.423084407692213	0.658151366057142
0.494274819370307	0.654485743907161
0.560012007437183	0.672355612896466
0.606141719467971	0.655189039672885
0.631203593614908	0.648091349246817
0.712719131310638	0.672004726784538
0.776786642577333	0.660949699254346
0.873054210940156	0.655983856813629
0.898893461466393	0.671873483308445
0.948267773611184	0.662317154355654
0.056016908156689	0.728403065974336
0.095140281301024	0.691082426653263
0.136537363769961	0.743393911643860
0.220787322010912	0.728722576469002
0.291401987497556	0.736585066054036
0.335490896881207	0.693428165106086
0.375813993654636	0.689278903985228
0.442424831374647	0.692395653605902
0.500897678037500	0.713820384428562
0.572950948090397	0.688357128965635
0.668328760944034	0.692632426916420
0.698240060972921	0.730361291799429
0.771615469120237	0.700057247409145
0.861035764898065	0.713052831159568
0.900504034760642	0.705517388302371
0.999978269173875	0.720116611985168
0.018872756428056	0.776424601491057
0.082280786043215	0.803058998904438
0.156142860003431	0.771940198688405
0.247707920526785	0.807096886083506
0.279227768703533	0.751163210225330
0.317339738613772	0.757108251696827
0.408652988037479	0.796751599595126
0.481854863999028	0.775651870898006
0.517922825795348	0.751239313133117
0.574616114437141	0.804288812387220
0.645017348671103	0.792153248966125
0.696284268955650	0.810855523086119
0.784755769935962	0.792413363839712
0.843260906250975	0.791033229509143
0.932489054232717	0.804998417019378
0.969351172163582	0.811980657061092
0.050557941821301	0.842075763117074
0.081402728192951	0.863954883604649
0.141443785021883	0.841125702623074
0.248519811007664	0.872679033199716
0.299438170125228	0.828816974932285
0.322775651266630	0.833615920132984
0.399260742260786	0.822819794050376
0.451673232735291	0.873010067021360
0.505975244320807	0.855963574805289
0.565068925775138	0.873335425872550
0.665826474034885	0.869701510905219
0.696888419234168	0.861324069785495
0.792880528485491	0.832573226235708
0.843723524922091	0.857230467557612
0.900397457901364	0.840225850121986
0.965532825073002	0.848372363770235
0.055641119497745	0.891762152303537
0.085291408051339	0.923369247972353
0.153833099414788	0.886506331432379
0.205234341734958	0.899218281169124
0.272938232888802	0.903714472492858
0.340526265186031	0.926317857168340
0.413294175386730	0.932537614672337
0.484231997001155	0.919832236944309
0.561492534965275	0.878103422860290
0.603326410006458	0.882367902029624
0.641845916329032	0.925280958149298
0.748762092683758	0.917366020987943
0.789098244111309	0.900262973233537
0.845250354039657	0.904291791906415
0.892689213684688	0.920324894581066
0.973270834868488	0.911165576858601
0.022552287225857	0.989598366342159
0.116077889453405	0.988804683406792
0.135465146757887	0.960565307634083
0.230428865102103	0.950449380997557
0.278149087148637	0.951000205753604
0.348964368787469	0.965620273527019
0.425172995190991	0.950371810601878
0.496644909725675	0.981343115297226
0.543440732998643	0.975334349621049
0.603728761527741	0.959662660408570
0.687298221659101	0.945878457207204
0.715967033661661	0.997522098288178
0.761711485264639	0.971994244792614
0.865069712291604	0.955325346211396
0.881942911671810	0.983094619364849
0.980402862779541	0.988197078474494
#
0.023187782300680	0.018934046795809
0.069044582474521	0.042995756632997
0.178762941226308	0.040364415568850
0.243591154152782	0.003111627259201
0.305753580976919	0.039575423836260
0.312767620940639	0.041763285635799
0.382961906567323	0.051607003171022
0.452634292629113	0.013617912296000
0.508399569314998	0.011979954130827
0.579251724459290	0.016928545537970
0.660678224006127	0.059106821717370
0.749283122116882	0.050058667079443
0.759205510376302	0.016839031934351
0.841575014309859	0.033033680585919
0.911986291824604	0.016450103332510
0.962203718349269	0.024387320189128
0.024622664472466	0.106001257426339
0.108486917841012	0.095568352255637
0.175906068933757	0.114161105984045
0.195312673140506	0.092725119662407
0.294749497271783	0.063633496858793
0.370952781230666	0.064685728968979
0.391255282873464	0.076506914035768
0.489782166111931	0.087905116297865
0.500659019555468	0.089764267896480
0.598527355942882	0.096626007675455
0.682961200595708	0.070642250519163
0.704603919283162	0.074431188290923
0.811568610399046	0.102189056919233
0.825896884739841	0.099559818388559
0.916671522116911	0.072742309772932
0.956128550450348	0.103785059788214
0.051037841022722	0.167596960639371
0.123683318786482	0.132588437323595
0.161501750504016	0.181433028554645
0.204257390378452	0.180957700575459
0.288231609238016	0.146613495313007
0.354511872656763	0.175008306247766
0.398110841799204	0.147492803973144
0.464086629471063	0.167470337774714
0.526861782759512	0.155796471946709
0.624650841724279	0.180899940284062
0.664593805713717	0.182308547197564
0.725283502799059	0.165449309783394
0.809931541210374	0.141865480156700
0.851201195293386	0.155622368700132
0.934618543061572	0.181335903164310
0.976554385424604	0.183339065652885
0.007121442862465	0.234929631533434
0.064111354222780	0.191270494732603
0.130280006852765	0.229600999586890
0.196906021827461	0.239846487323485
0.272818979696096	0.243321192652993
0.373717545895189	0.246778425090429
0.393097057491680	0.232046813248784
0.474626171149343	0.248542827029839
0.561557265784139	0.229282866445552
0.564617601776756	0.212074681685673
0.658125666952838	0.221789481868453
0.718750895997801	0.211975744480029
0.798594160744360	0.211335153877464
0.869579958830047	0.231223339181445
0.895928098301154	0.223203707611119
0.957482335307864	0.197767881358803
0.005788775584262	0.276947156968980
0.069621242540800	0.264905084029866
0.154929238029274	0.296749273529684
0.200313960714339	0.273543109162371
0.282676730356220	0.262773235462437
0.315833567700659	0.250111340268657
0.431616825879695	0.293072857671201
0.438050973040064	0.287406608107245
0.531209788277911	0.271039325908883
0.603245252243533	0.286102393155709
0.643736150512992	0.272278082373035
0.693832849648626	0.268955525961112
0.782024074382387	0.270227515754576
0.813879969864823	0.283104267852172
0.882454221560609	0.296247210946457
0.969701380170812	0.277766687758329
0.053208444570938	0.367035458182691
0.106759595724116	0.374826397688553
0.126575278438762	0.318173282213549
0.206655913429953	0.318509987120286
0.267767601519653	0.323199330569641
0.345014158440175	0.364337902091639
0.382859156148708	0.373091012791984
0.450281346991025	0.338092718293912
0.521457098371223	0.357661045472524
0.563777639501793	0.361301786495909
0.678687255754761	0.348764051589827
0.689282071180474	0.364573495241830
0.802276885149134	0.363438205703496
0.830121326715481	0.373303984000418
0.912129162048136	0.317639383343081
0.995499076364329	0.328796066536753
0.011314242193199	0.392304991550582
0.119746699084003	0.420320268585421
0.183183634405300	0.384806021017094
0.191335464624883	0.406922338988963
0.264845239642273	0.386272108592389
0.332906804605249	0.395842727162140
0.408350351579918	0.378270548012403
0.444067350881306	0.375979854056141
0.510979365909234	0.379740490099006
0.611692314105852	0.384235273393974
0.645415869662635	0.436370346331124
0.714930191031292	0.415753626390536
0.810943356292775	0.379051263459621
0.820579627574324	0.400220702582789
0.894605855796744	0.406977168713807
0.948837489590826	0.377045482004654
0.003047393708384	0.490884804630392
0.099470608876313	0.490534043970526
0.125004483081285	0.438043849804798
0.197457743461700	0.493737794064506
0.264844596665898	0.458570436390250
0.314979743373110	0.451848568281706
0.429695174343580	0.467028839855229
0.478885664046715	0.486938292172141
0.514508157520790	0.454574830106477
0.568446197824889	0.471578569450434
0.651886102429565	0.443144962120136
0.737745055765902	0.484372579037881
0.750008221177270	0.452307221061156
0.850831514422510	0.485596416849433
0.933080244284491	0.491868009163152
0.939302992119757	0.464017125871386
0.051391180136449	0.557272024567884
0.072689194307357	0.559057791323647
0.140589765902397	0.534778745023599
0.219260397403678	0.550032819400083
0.252396887445333	0.546733549035674
0.322483061713279	0.516959096148950
0.392917425113944	0.522453314295261
0.495487727325640	0.539914450413760
0.558316479872637	0.518721769073448
0.607096766350348	0.543734805785058
0.673530935684925	0.555674029803643
0.715501873047441	0.557498340406455
0.795346015099866	0.540666495895867
0.834488793004884	0.526363895411804
0.889762277252684	0.540838358132946
0.941391736822876	0.560503478758154
0.049125020010775	0.583352501407115
0.084656234806673	0.589713227679537
0.153423184419149	0.572468227476340
0.230542486601752	0.621278432211554
0.255352833425941	0.614519107924313
0.338307774064203	0.577689058776640
0.402619281426333	0.582694929578038
0.488864274401885	0.584642302773926
0.521696706685865	0.597450569891359
0.607661423254796	0.572641903653308
0.684379676050595	0.611764294514261
0.714107031736431	0.611549286721635
0.800849676478736	0.603193214958462
0.866135419620815	0.614562294807300
0.900866680842793	0.572214137299385
0.989313382652894	0.575531903511852
0.056931163386775	0.633633324267257
0.079159104967643	0.671639721691408
0.148628562068597	0.661353833181517
0.207341812803024	0.676640605129451
0.275157724003693	0.647593201085132
0.343111822155912	0.664524308647850
0.433699014566652	0.640158037411202
0.445106283705124	0.635209575734383
0.547139712620326	0.660024417586980
0.621970315710518	0.655264397653580
0.645701481747255	0.626663653544188
0.743541927861176	0.682272641569090
0.785088152938426	0.637943164041020
0.819206793124719	0.654806771802787
0.933310607796491	0.677089385380291
0.961342090455313	0.629655472833467
0.046509073679687	0.731778255441291
0.108689832453660	0.731068332573298
0.150178186106537	0.699543299956607
0.198948509411758	0.694596830262359
0.262797800463228	0.692105918745418
0.357989379972101	0.732968755600850
0.403330149048318	0.741982689314634
0.441519205706781	0.705285712658727
0.546707527679207	0.711713585222423
0.592339475704320	0.705106910889760
0.645426407271979	0.720436580763300
0.701533729592113	0.712425002470246
0.784883060820839	0.745935484314904
0.840962294015559	0.693294738813605
0.895340032618339	0.687648026170826
0.976210790709874	0.723281482533967
0.007450373684976	0.767982285488509
0.070443338003346	0.777984500985589
0.184624899847462	0.775153572138551
0.202124941908318	0.808316786117693
0.299291234911487	0.797996406760182
0.333795553543907	0.771304973668024
0.405328837914352	0.782091591209078
0.439857341989958	0.773945655388279
0.511513022475763	0.759517869521402
0.615038281377065	0.794590086802978
0.655698688285937	0.765839998410279
0.691120173099013	0.791269561343656
0.762439147179234	0.808017161411819
0.867195422904844	0.806309526915734
0.907864375033035	0.759194780492502
0.988425455548201	0.805825609901414
0.059463671538854	0.844537920515178
0.097991730851469	0.814561800580603
0.174944421157112	0.837383118129192
0.235289690401473	0.839211157209173
0.262067978709719	0.835156291684871
0.338958921135394	0.819077947920672
0.395667602298355	0.815889149672210
0.439716104360348	0.846874336385372
0.520373119016963	0.836027489020146
0.616521601883350	0.841778093490116
0.645918661267711	0.853518948565125
0.713531949767152	0.829658769351584
0.757705618294469	0.832578668972146
0.819963553078115	0.832902583472990
0.875665107523828	0.874949184901186
0.996032309353708	0.813548072779912
0.040354841441814	0.916047941233508
0.079237754271421	0.909888384668130
0.149522003199561	0.915035594438677
0.226371208069350	0.882401641547308
0.251900872972771	0.924792369650046
0.333265231708825	0.884876682701841
0.396237650061664	0.895093747477535
0.472856640038164	0.877466456368558
0.521644825761124	0.875745386467489
0.567347917226690	0.884498804460629
0.626014935711519	0.889020382168009
0.744075053530181	0.898179020243273
0.776755031946640	0.913574134081387
0.851470963631051	0.916330814502163
0.881599139671097	0.883184830849218
0.948381222714293	0.892818247641627
0.044085238473859	0.987639855110352
0.101231740316430	0.988141702092402
0.150676532276132	0.968839398927251
0.215160951985200	0.951173127195489
0.304312266844048	0.964801056142268
0.345215156434620	0.995976017219591
0.421584728985113	0.964431998297091
0.445636128193730	0.951006418082632
0.545617165505681	0.955429412225012
0.619737307001426	0.962687872137802
0.670080642924896	0.959989487024138
0.711654285352946	0.957112569191869
0.750903040316399	0.950033170130344
0.864836488062245	0.939184345436325
0.892538917633365	0.967168082242638
0.967389269200477	0.947005770607969
#
0.048221734727435	0.062166479736256
0.088620999441161	0.059800830276171
0.178402604969661	0.015561518277522
0.189504527909333	0.046588395456571
0.281208172826145	0.045863389586649
0.360445908223732	0.054105620087149
0.417475063305459	0.012847812412737
0.495048199808236	0.049666157149399
0.536179241237971	0.021725070114882
0.607155202680071	0.057096280258171
0.658252263580391	0.027114065632251
0.745145724066567	0.024640770838512
0.797940522079691	0.007355958559750
0.843724482598185	0.019307239393077
0.883976231025643	0.007537908373642
0.970315981780369	0.061124917570531
0.056015295164198	0.114273571479547
0.087652039458079	0.116305850938965
0.181446799337619	0.095337666869824
0.194689398211122	0.085674909691018
0.299797608877951	0.113843289055825
0.329256548419189	0.115368317417537
0.391952253576473	0.078574842078629
0.497088856441455	0.121341498553250
0.538695687888236	0.066215507017615
0.579902547080978	0.079412494076978
0.679699590835301	0.123762195434832
0.738151008289575	0.076940668575568
0.771338055919352	0.124142262909827
0.852984564504699	0.118961247730525
0.896048661311750	0.063620670626084
0.948990393185287	0.093080690428750
0.026847785490530	0.157658583128396
0.095645668269285	0.163168356500838
0.154677710575559	0.161314766615120
0.225111981891704	0.169928305516352
0.276280126351346	0.165351468628005
0.330473985658138	0.133736359335886
0.429630138138223	0.154644090747378
0.447665499656616	0.153920469448534
0.556943936985206	0.140439952538102
0.573925864536182	0.131578850546870
0.652125646934059	0.176671061400364
0.704011586949698	0.149831041015529
0.785615278547191	0.133419656356778
0.829380839004736	0.177930663439429
0.913171668938750	0.140832130378888
0.962604155435135	0.181366485702192
0.042050207800244	0.242527920110740
0.107087763546055	0.201235277188531
0.181239788433593	0.246882512902814
0.243848659213131	0.208341421375131
0.293767175661928	0.189514569487543
0.317361898823260	0.221422734692791
0.391074483825028	0.225607200883820
0.445196040645869	0.209798359652003
0.529010345409394	0.196619736833177
0.582871936062670	0.226008637817229
0.641184599200772	0.233376507788984
0.727057889069444	0.196060913573266
0.782351027497754	0.242615380439119
0.821831328418183	0.214802902154579
0.936772207249136	0.221379018774926
0.985761683634660	0.192181740000886
0.039137444380703	0.260848121254437
0.072349331271218	0.298274488737987
0.129028350930668	0.278839480240443
0.219221141676936	0.276594204470537
0.254531274376095	0.265786894338854
0.313638009887919	0.265036452681533
0.381584783711956	0.250609346170819
0.447831337735483	0.274894966502300
0.540874011707696	0.275761891075122
0.570731337213244	0.270973164156539
0.668868969161149	0.268556515588671
0.712911251996507	0.276944657415604
0.787115403968984	0.286256619257330
0.822721286606444	0.297197627482167
0.925539537810380	0.296900927638496
0.948898000499792	0.307518981366888
0.000879726649350	0.352286963078027
0.124996065394952	0.330019245553999
0.179830609964517	0.340724031694868
0.213213986606736	0.352713522161407
0.308815174982607	0.372492782319894
0.322292151790413	0.367327828831581
0.403977921486711	0.330964638579396
0.468423489983176	0.342813391289165
0.502488566024692	0.337687127967409
0.566356635886211	0.319348212231264
0.650654401315994	0.360344973738618
0.715270673687982	0.328386623823523
0.780079987329100	0.338624725924717
0.855512203716909	0.373882252693615
0.924713282348172	0.369087709752863
0.962201727923751	0.313451461872540
0.020535261724269	0.423822602137533
0.113698706275597	0.410313109788185
0.174099998181709	0.425770687824295
0.230006183405641	0.415776094562205
0.287483725429043	0.395418080971674
0.338728287685366	0.379330275755918
0.385128763084679	0.434725861326378
0.446108037229536	0.425414821464898
0.521552886134957	0.418873866651876
0.571408075966502	0.413953698031011
0.672574305292236	0.425854905243813
0.697746349864813	0.385743200344905
0.750224388932163	0.377680453195977
0.850215879015791	0.388951611038985
0.934681028636331	0.423351499379694
0.953321833385462	0.428819817226920
0.008892415413608	0.496251670744678
0.104252318061016	0.443088027475306
0.149877059657564	0.457614214295199
0.232004302957096	0.439949038453621
0.286640363462884	0.486146237057668
0.315295354696642	0.467235204494147
0.434250525983924	0.438157933153132
0.485236192933572	0.463502000368550
0.523013390591488	0.484454082015891
0.584198956542928	0.463112072763176
0.655843840337089	0.457111941320382
0.695400013430137	0.493987446212905
0.757697137409169	0.490694534409720
0.824301046103775	0.438126780514868
0.910712960577387	0.475868363204265
0.964924551916757	0.489826722693938
0.017640417416729	0.525445358571700
0.110423039670666	0.521173717982875
0.140471562499407	0.500887572881972
0.238575421882229	0.521540982508227
0.258377877269727	0.551219621146731
0.352740538665149	0.503358442002409
0.400896417245012	0.514550811978302
0.445802980206395	0.538968327973613
0.553549486545042	0.548503673632164
0.598650487715763	0.514096086527942
0.635474133496865	0.556648572221549
0.709362447121381	0.506481933292579
0.808193292787926	0.559064826869072
0.832610570248242	0.506111125666907
0.881525590391603	0.503925669589994
0.983771721552189	0.518013437442834
0.052655998760638	0.578993469378677
0.102412144779207	0.572335822233543
0.173339759534770	0.594593651076335
0.246738861474264	0.605982349919151
0.312439516550498	0.606504993116019
0.321441720009069	0.614499774337048
0.385614132933112	0.598690495165342
0.459050505077827	0.609404706727225
0.542377516768146	0.598876114855841
0.562850393922499	0.585151113487699
0.659138439463949	0.589329428103946
0.687842105573588	0.624296965557569
0.767660120884576	0.606732547118848
0.821527479524149	0.584801065245946
0.896567273453476	0.584780996917929
0.979667214104479	0.583326826066088
0.009709574371742	0.632821088920539
0.097620178356911	0.637011028363372
0.147292453815414	0.630258063786956
0.209291965181891	0.680935983369927
0.287235025223283	0.650978926749895
0.358646152115228	0.680487464806178
0.381928368720559	0.635234282601796
0.455879458579789	0.656025580486987
0.524885597120711	0.649365023497228
0.579462908561566	0.646165387258787
0.652796322850114	0.633120958971703
0.734958849028907	0.664556889905840
0.775832820922563	0.647265513199909
0.841171316823729	0.639345838808069
0.877150175511406	0.626896842921711
0.999895097382226	0.643498238922562
0.062096238674618	0.729621363522513
0.088483821635829	0.718682638827870
0.160873847323440	0.727493755892500
0.226854892107508	0.714871996932750
0.293620506777340	0.726173173252301
0.316697504299622	0.736608412346479
0.430656148206479	0.747135158321968
0.451896747155557	0.711774312634783
0.510207906877088	0.712237093239612
0.597690144532870	0.714137163630602
0.656088759809753	0.692865667793170
0.745101735649538	0.746499803949613
0.753669794926227	0.733493789342696
0.842871196982537	0.731262833021177
0.891396141120092	0.688706594665117
0.972038556160298	0.695120199934491
0.038553137384833	0.759608426031682
0.085210178794854	0.803256604847442
0.182582145934012	0.790398255902202
0.242227821448987	0.793735770693453
0.270263713832890	0.779404651904340
0.316426891296037	0.759507339464502
0.385419806133239	0.776170746734988
0.469345615311024	0.805834057360965
0.521102376039746	0.754778503601504
0.581417478378028	0.774020214439724
0.659534306186143	0.775781733208169
0.694162661444084	0.780543588007112
0.783324768512585	0.756065020761118
0.856061764901053	0.804774784845015
0.901818624805733	0.767801299869968
0.938396950267115	0.785512990763065
0.029513548484424	0.825507768578363
0.105574776486744	0.816206163014566
0.128728845375876	0.818459859599466
0.187586610365563	0.864334337410828
0.310082378811222	0.856461032027486
0.359968607674229	0.831156725999586
0.387087529076866	0.851996467676246
0.486771030493959	0.839951791472256
0.526618367882124	0.859755150562794
0.613557608155198	0.833328886529973
0.681704334505881	0.867525004809146
0.715014283406202	0.843389112218490
0.770489742198375	0.841296352671063
0.837467710231423	0.833160931161992
0.929964007094960	0.826291453402092
0.981368713163857	0.852371368100837
0.013935295533490	0.903623091529269
0.063543398617428	0.919546298110985
0.139355388618856	0.889784911185220
0.201619745017174	0.884010943775417
0.282659550597928	0.911849096717045
0.349614689033389	0.883827289495693
0.380840565763260	0.902815015818415
0.458606917823457	0.903089615290074
0.524881041527232	0.896381717209327
0.583915800079451	0.914938811236629
0.686047677968989	0.900206292126725
0.697665565533136	0.912707747521975
0.791021375300717	0.875571936587354
0.814373174697248	0.930064770886108
0.875887827525937	0.882915443990011
0.985826978223824	0.890584491822655
0.048585111534010	0.994883156089318
0.086492678025154	0.966003137705499
0.155481985006012	0.971281416343707
0.190791857036713	0.992404297909211
0.254483657497210	0.956100773376203
0.363245300320151	0.985385378921145
0.408390548990199	0.985432186291537
0.456162893654234	0.971556865196106
0.505958351700906	0.966539724329263
0.569235157674233	0.945196123708202
0.626453482619010	0.950598582715750
0.735070413469819	0.939201950794482
0.754394170203454	0.952591319892111
0.847638557222122	0.959437394577995
0.925060443839189	0.940475213895080
0.949989017829646	0.955879738384015
#
0.022503217381892	0.002325525624288
0.072191403788093	0.052065295004767
0.183648758930771	0.040411373784396
0.241981390250610	0.047409387709319
0.275922793551796	0.001907721889882
0.319193819088208	0.014046568048430
0.402517363420924	0.034131160945196
0.455907710337408	0.029221472235332
0.502905752219471	0.012608891472362
0.610117796543082	0.013113560638301
0.645861775517315	0.053534179705552
0.729102325315262	0.051123632930364
0.787540306025776	0.052781936171880
0.820828708923848	0.052855261875748
0.884481226300001	0.006687076385526
0.971893088827350	0.032516333936950
0.011699940750073	0.091731663101640
0.087481700093481	0.107658447882896
0.178489123599950	0.079708828653025
0.225755618093711	0.082834791003921
0.265471886468695	0.104486237333502
0.326751789794478	0.071105584271393
0.402287799420251	0.072206052939223
0.496266091910951	0.075280301610539
0.512624480458937	0.080941474535140
0.609257770145605	0.075989881504441
0.670373029144335	0.082398282164917
0.713005953750807	0.069550317670114
0.802685066109450	0.088389853196193
0.874947460761165	0.094978871122580
0.894988255245259	0.117547624597221
0.982295660516200	0.108377003383561
0.024322401956148	0.171976344801829
0.065428572067276	0.186520720322505
0.171283065730539	0.162014975759553
0.189497699059313	0.133268445499304
0.291711418986486	0.136051293377776
0.315140919483998	0.168986382453350
0.389299537160387	0.173863068481759
0.454817285139537	0.142048990779917
0.554393535565327	0.143033928489437
0.602925082896353	0.173893664014501
0.653314437316338	0.171319862139951
0.695028755830142	0.126068205310979
0.777011759308984	0.141404344311195
0.857520828630664	0.135448995048750
0.921932094086528	0.184522245806181
0.948772198610537	0.186220012517581
0.009946490742137	0.208181767423680
0.105573545496579	0.237555321608683
0.171772159093938	0.217226718821266
0.191817099622408	0.198678247371264
0.283411192278939	0.214445034732214
0.321890645793614	0.192052598869091
0.415278390539526	0.230152624581860
0.490144958469934	0.237895769137050
0.526439614541931	0.199045613046979
0.612530275230536	0.201260708188350
0.670588467731860	0.240809120453966
0.692902931508236	0.223627670429095
0.766277304999828	0.208595096138561
0.812523074055212	0.194815762400933
0.877852383652435	0.236748432097199
0.969678372559645	0.225144345278420
0.019429527242186	0.302147541338263
0.118344101427552	0.304805546953530
0.164012611969144	0.309101685036812
0.198427623707901	0.311599023494427
0.268456928829187	0.287742700829460
0.326367105185955	0.261111565431606
0.399224745406356	0.294481798303775
0.477899794607167	0.309014712212145
0.558089341588921	0.268453966452147
0.603016658055251	0.262598450545943
0.682565270587235	0.251569283646315
0.748595148688437	0.252754425557855
0.808874346373224	0.267378391207284
0.819758174942634	0.266932628907248
0.908216750417072	0.275495466825784
0.982380156299304	0.298465747965026
0.009286635659353	0.361366045003260
0.115284143348174	0.313859715315946
0.177290854492991	0.331637367727034
0.197476881165634	0.349919603898870
0.258453574455565	0.342068309727956
0.357341771359169	0.342907158563125
0.406581614959655	0.333597540831216
0.443405338084187	0.340271681073418
0.559686351494092	0.325070992799027
0.570919576917873	0.343213453430383
0.640443112108145	0.346611065885311
0.734188702856002	0.333540782933948
0.806050247496704	0.367597308197314
0.837433666214914	0.361746075763774
0.905556689809439	0.318791948886074
0.938679889936158	0.313431446440735
0.043050412695285	0.378847839049727
0.110825986292522	0.388241476586145
0.185124235983850	0.421351926572121
0.212112284489468	0.405397055386658
0.306130219846063	0.428027620565968
0.321547862930235	0.410973088853288
0.411195340618420	0.393960413280050
0.450446293546806	0.424098432497494
0.554499742107466	0.424017073583444
0.574664471470091	0.381846358564647
0.665708127994022	0.379873088984139
0.729131385242597	0.417069392812454
0.798027560024179	0.405295243100914
0.848690864623918	0.384795787455466
0.878650307554321	0.382925966290740
0.996866006316120	0.420396593671850
0.048489904784595	0.473970245534780
0.114110993815495	0.460038996626981
0.155056693467208	0.450127648425435
0.224834569316552	0.439198130087275
0.267359949419592	0.478931759668382
0.356763156272183	0.465569637518625
0.376311796441165	0.485818014418664
0.439250996962481	0.456812927503910
0.506518481926531	0.441912350667853
0.603438494663788	0.468558477667058
0.655358887182749	0.440832380700934
0.744098113382724	0.498884440355791
0.761516045446977	0.493884165915401
0.838274630563863	0.455601901518670
0.890137951344400	0.457357973592556
0.981869578517361	0.463022255461086
0.057584269975215	0.500714769121426
0.120017655309061	0.552325574271340
0.173151819585043	0.530376006856183
0.235306611266641	0.547558119749897
0.300238260021489	0.528890874563691
0.321317365526063	0.541965330262195
0.394174553094589	0.560961605689596
0.451329612569262	0.541041283019246
0.500329073722318	0.548322110026102
0.576771024399616	0.503379829446990
0.674818142605321	0.522224440317304
0.690952968493442	0.523554695077137
0.786632035372693	0.548452319690481
0.862424926218210	0.520803790879041
0.929066851631288	0.553846474967745
0.992971734607819	0.512873411574488
0.004129700043502	0.624851465588983
0.099771138274756	0.609071070426510
0.152871514735248	0.602358422236833
0.227760583011611	0.589896754760970
0.310900485695666	0.623020680606254
0.336691971291833	0.616091881469146
0.387216229169214	0.572778544245585
0.481342192720352	0.588862575393022
0.552473503846553	0.618907616748802
0.575049202673847	0.611765542486511
0.671533609416576	0.610960834350777
0.715426613030240	0.600556787752560
0.761906554023015	0.608528436477885
0.845798475064407	0.583292799788363
0.878125130752596	0.602840405505346
0.985682906143061	0.575584602006847
0.057589137794587	0.659597640166664
0.068342955114982	0.647143578933236
0.164421460804162	0.627916906131529
0.249978706589895	0.687465877825153
0.288046022289327	0.651397068743570
0.346700489354367	0.659848520132911
0.430177442233003	0.628924731267948
0.489652127665387	0.646585659274502
0.536921275890065	0.646530295465265
0.604378870610818	0.631682170105442
0.679639778782064	0.629833332656960
0.706442699306398	0.666800770467217
0.802668043293564	0.647989042661616
0.848360234967168	0.634849603566655
0.893130504821458	0.633818351883981
0.992654465064442	0.676471252137323
0.024275661815604	0.692842166610142
0.109203336902243	0.695923599110899
0.132955362847530	0.703433322636628
0.232822914050851	0.703697712600976
0.291593250464437	0.698715024499389
0.350027191897977	0.717007894628800
0.428962781383065	0.727127162224992
0.461740397009822	0.693084048385053
0.558513581067909	0.688403297943506
0.573047837361355	0.724688861047544
0.680726037053560	0.692016475893212
0.726446547132555	0.701225718253694
0.798505311639399	0.745800260729925
0.832576237187040	0.724359532812228
0.933735877041760	0.687563457948287
0.996472337311477	0.746182644258645
0.035300285432674	0.780396195906889
0.120713240829812	0.783279592673825
0.185518721176316	0.789148916703218
0.226007118975629	0.770978138408619
0.293458471914278	0.773823690504377
0.351694497550883	0.779440651247148
0.391283452980286	0.750456688649244
0.481304509066116	0.755213273894091
0.538392492477059	0.763656169790462
0.616357005999623	0.807609284732051
0.657218608270567	0.751324202123523
0.715095670492760	0.772495890783611
0.777913158882389	0.787432459802933
0.869244664789700	0.751060845970889
0.882015949204102	0.798013484000232
0.943529243305914	0.769022242869023
0.029076819285768	0.813474289127270
0.077706402214874	0.857203730406985
0.184631014474931	0.828715046100252
0.192137969717066	0.831845340934662
0.278595187387801	0.817250143694051
0.366027368812595	0.865986474511094
0.396509700154189	0.873027328255826
0.442179303399096	0.819909703788559
0.509906376379637	0.873840334242871
0.595387359754040	0.863144689775222
0.635102090530005	0.860314599569611
0.694355640882127	0.869476691789338
0.805443990581074	0.840061537578600
0.839487345982806	0.834612646480001
0.884074512856681	0.821518882310837
0.976866885606867	0.830322158658021
0.040364714348774	0.924791535912615
0.119545261883653	0.878699236128293
0.161275727799226	0.934217954824962
0.221456823601959	0.888674771430943
0.256113229480948	0.897279196045659
0.370418213728796	0.922388060204077
0.430276109631587	0.933715013829925
0.489210868601038	0.915460923754252
0.533242770201932	0.880299812198570
0.568439838506966	0.917058729707394
0.648525553542661	0.920806204517909
0.715716386264124	0.934284305664893
0.787291640700957	0.883597262162039
0.852674413117970	0.900267575873357
0.899687442221257	0.898141852774574
0.979901000517979	0.899002726704698
0.012119566529784	0.969449945267278
0.072291717212017	0.981503300058889
0.184818810113314	0.965616940672769
0.244662499534237	0.962172719786682
0.279749238055607	0.997512021843580
0.323974571746419	0.952120167526794
0.379474376969616	0.945490399464730
0.480705123855897	0.955887935783455
0.559915535675226	0.966039760903465
0.611113304414580	0.948463519513831
0.650988887826910	0.978162965048259
0.696351336477406	0.947383614346591
0.786436985546359	0.964581115992526
0.860519897975149	0.978301980454894
0.912556861215866	0.965285823163061
0.966624238607852	0.955871984454191
#
0.013118747915867	0.009568815340071
0.087249828420987	0.013581156893885
0.160323047887726	0.038786574319537
0.202671153139712	0.045462766469098
0.305100915369718	0.006114401230266
0.363511513188368	0.040830270964264
0.435977310494864	0.056647073490696
0.454658035571258	0.059415751616334
0.544391230690384	0.051621629533852
0.620579720822996	0.020168401130980
0.678529032940517	0.006087176459512
0.744515176773890	0.032343784281948
0.771796088437968	0.036670392009353
0.841680061326288	0.017509275556661
0.908745852059509	0.020199523763196
0.963645329297554	0.017439400708522
0.045759955198914	0.091222310721926
0.116323749911115	0.067261077901293
0.173766426156803	0.119108211640643
0.206240209973473	0.072418716272786
0.267539432145432	0.123716865171147
0.314077177769290	0.109537136781038
0.413928627758619	0.121960631294516
0.465224943988776	0.119414567102076
0.549557442017146	0.123997335845837
0.616890089599041	0.088709816852051
0.676071330072840	0.118966075255644
0.708488496869334	0.093125412669761
0.768750243897375	0.095634611665885
0.825246204988855	0.064398735456494
0.921394116867193	0.096298150435043
0.961087194538812	0.076339492795835
0.030082980119643	0.142944351206637
0.072650574775797	0.165553269553476
0.156016715693059	0.168714771755905
0.231526832615847	0.158723429129744
0.293740621370669	0.180098576120240
0.353597053743689	0.132893529256781
0.425049164009408	0.125903155975021
0.497801790144365	0.176657600747807
0.518793882035253	0.158209260313471
0.572232342080034	0.134479868577206
0.650658050092323	0.164655488502969
0.696763754649848	0.178388186757427
0.788570570317346	0.138596980821131
0.821623938727803	0.186209429811851
0.908026363111689	0.135448801202688
0.976547897846100	0.131579637034233
0.000534506573001	0.229542188749076
0.088957306382120	0.226309394385621
0.164105697078422	0.249825361621293
0.208808212546005	0.187743970906070
0.293434756628921	0.221317800249978
0.372547808481042	0.219816209028316
0.402007710253123	0.237752909667383
0.437742410751582	0.199634871695804
0.538620272354717	0.210225292588637
0.607025733024237	0.198044311461398
0.645515898887654	0.219665112694415
0.738678610939225	0.201220221078540
0.794660483701076	0.242282385528619
0.863254390668765	0.236669143265851
0.882444145872710	0.211937934165922
0.968655655036833	0.207735558438053
0.058465054214109	0.269593805297533
0.119303058002098	0.254551332124870
0.132788398901533	0.253323426223552
0.202966221233473	0.256874284344812
0.260645670658710	0.287324730824871
0.352458473900905	0.251107274380305
0.436673963704187	0.281615148655049
0.497871623970655	0.270862683469514
0.511683683466791	0.278422017195477
0.575626668523328	0.287167077150584
0.646013700146231	0.262641268887124
0.746124921074632	0.258024970900855
0.758442914377303	0.269448330222966
0.852200537288957	0.310285426937692
0.897085093592663	0.250681127741859
0.949384902024615	0.254210838350516
0.000726558777556	0.351993178957955
0.123090942084228	0.354080547835697
0.127650917260943	0.350766289071358
0.234102548474703	0.344946878897014
0.255945256068591	0.321614749731756
0.325757928894194	0.364188544027668
0.421514260156898	0.354286576398133
0.479828630802182	0.371128748504824
0.512727727490763	0.335168565264942
0.623170064572634	0.337305910294481
0.629207443956218	0.327630496776577
0.694406167736604	0.312529378003098
0.809511945334848	0.346992862651705
0.839039077450065	0.359905379922689
0.922615613770349	0.338994996089953
0.999566727041282	0.313139349047709
0.047704946100760	0.388714553747842
0.112603998027068	0.408247495790885
0.184785673306856	0.408028307669570
0.203441328081754	0.395986995882934
0.269338177288728	0.379891429956162
0.332649773340707	0.422218956675431
0.433457906313347	0.396918092961288
0.444388397243314	0.410911050764474
0.546782854096797	0.425129675696401
0.607777901208093	0.410248864319350
0.659287377355920	0.375320279577938
0.700494458523578	0.379210215586752
0.782962188685304	0.393798114008689
0.820333789846705	0.412890610541308
0.911080921921199	0.389307593871911
0.979601756781247	0.376384763192941
0.004267037410584	0.475890747658766
0.107007622539999	0.487416360509795
0.137227159039985	0.497939266234855
0.215686856295375	0.483114805315997
0.251667506585752	0.456123619388352
0.360436301995170	0.453882081277874
0.429665041910989	0.472264114295194
0.486959692975380	0.487235404606265
0.534356764874970	0.441472711610019
0.565969001531710	0.459939988611718
0.659999039075919	0.493762233205783
0.688666700735029	0.470250291568285
0.776496490367920	0.467206744294895
0.865233272122623	0.468153437359294
0.935376284905448	0.489845692774361
0.969592116067557	0.495031510696870
0.052276912855980	0.536478871575435
0.092515288131548	0.501825087020249
0.155641991535817	0.540699224491999
0.232435365814584	0.560528108485865
0.277774941502785	0.505070668544520
0.313649410222110	0.541131985732618
0.410678777371808	0.549961924520894
0.484877517006797	0.529409574613536
0.535618469854961	0.551364899697682
0.620307772070008	0.551241953621791
0.662548539819556	0.559668632863827
0.730147800432785	0.548294697622954
0.797007254816011	0.535416613777731
0.873267077331144	0.543886800161304
0.884054407683214	0.502669071531894
0.973974046596902	0.510294277499848
0.058426654241846	0.598951736881037
0.099669755008577	0.624821168981684
0.145211797998103	0.603603357924405
0.229925281392626	0.624031927858370
0.307529370895943	0.618915852870889
0.350049335300003	0.624392203302563
0.378835890515786	0.571019480094202
0.441316399826043	0.602544590694607
0.559478041991703	0.577957875215322
0.611498367824009	0.616617948033176
0.669049178420461	0.581840391901052
0.724057797874920	0.572028882905615
0.756058470856761	0.566509777215312
0.843196078778290	0.612563505736777
0.891699687232426	0.617338351525212
0.999360071073021	0.579081306659868
0.057366972162241	0.632651973983192
0.077106058353583	0.683674726547016
0.141598677164665	0.660214247684976
0.234694808805290	0.682527320953092
0.256587626428597	0.671860552345603
0.325109327142152	0.645436965152141
0.428728913813533	0.644789014918448
0.449910703976618	0.683427718306991
0.501445455185940	0.656559925460969
0.592835679715577	0.644101878065058
0.643444695950822	0.661259914029217
0.703009028413335	0.642300794996508
0.769762162050992	0.655130643812039
0.825513359918961	0.679350186835940
0.909937228375333	0.655975525172771
0.953156851555839	0.684813586339544
0.055910097957451	0.706399399020336
0.080319696866865	0.714488218981304
0.152531938662876	0.723675231384969
0.202606467650064	0.701104537339673
0.265444140448338	0.726338293834435
0.335582171950508	0.699532329675167
0.426794442010996	0.735678171342746
0.468896796177467	0.714408153237754
0.543813722087376	0.740808262924153
0.582091701498044	0.706198012460651
0.651158012717766	0.724359171517277
0.692449397597799	0.705627712832794
0.756376695587853	0.704804078985426
0.871480080763921	0.707751102415554
0.914203138696426	0.708013800938035
0.967694319922639	0.728232423536999
0.046402478776035	0.789679660063628
0.073439664442777	0.808663155533411
0.176392776350582	0.806210889435888
0.248678584699211	0.751816958349505
0.289890656067848	0.769663802105273
0.315244442449241	0.799650576384657
0.436529621656292	0.800103061436700
0.451726363102027	0.810006304890850
0.556305030170201	0.799969484560999
0.577528632918845	0.805658047289624
0.672634495084089	0.811651273935952
0.728990399040978	0.789185575102266
0.771451641082869	0.801209346112145
0.838053577992961	0.801900329953502
0.879857250170283	0.759897060127090
0.980666360609621	0.750483466894478
0.005623225953459	0.850499186993809
0.090957879561106	0.840568646169400
0.148808406860639	0.851303298923025
0.187605500250381	0.861800973358751
0.291088079795844	0.838746094049128
0.363456162199368	0.835270806308317
0.400363033599654	0.833710066411577
0.476497292062034	0.838077596845822
0.545180530792610	0.868738241521348
0.582237915926319	0.852686828084450
0.680271017057884	0.833762334329952
0.738032743695782	0.867770765266095
0.787183323767312	0.831469104469630
0.872581879738737	0.853432858998057
0.907868824222909	0.847500189419370
0.990507065258107	0.872416590339834
0.059674558607436	0.925951171139826
0.077100780926901	0.890313743093357
0.149379636967061	0.901410816374447
0.189323016093537	0.918087289518581
0.297131965908253	0.933290602376403
0.335514457421497	0.883617564572165
0.423205134935725	0.933381714900812
0.452974813935690	0.876955803498732
0.504238665381386	0.913780177966990
0.606690228490436	0.913399614475411
0.676408543001490	0.908293241308023
0.705150266502204	0.936860640853262
0.805818901905049	0.900487423414711
0.821985363220327	0.928268130342655
0.918983752834956	0.924746334069582
0.974238045522184	0.894871534871606
0.040358127307929	0.949457436089743
0.121457578118764	0.983379069115240
0.158084048213340	0.976028562168597
0.192784368294590	0.971886174790418
0.253883502054118	0.961062412656276
0.329260512681040	0.952877870720783
0.418641521008951	0.994388038436740
0.466264084439320	0.964402735632472
0.534395074101490	0.978085966077188
0.595641068918198	0.939409102342769
0.628771710748848	0.939989531995377
0.732083500708007	0.971910959044916
0.799077876214655	0.971391401945472
0.812887323860286	0.988988330439662
0.919433713304329	0.944383164549219
0.981677843588213	0.970389150352657
#
0.017100251152786	0.007842396882559
0.095088604714276	0.045422631748468
0.168614645222229	0.057367678745037
0.191800720219454	0.024997355815139
0.279197815899783	0.001545137173157
0.345032353238210	0.024877199632436
0.385895968373724	0.061685163090980
0.454147569606231	0.014668135223251
0.522271939805889	0.046146972799591
0.572972100288717	0.013933778525431
0.641714144036340	0.025155453104562
0.723267114249353	0.026547030755679
0.794710452547812	0.023080890494301
0.818006144153887	0.012312574693307
0.916501797890873	0.043175203299191
0.949398352883733	0.014705540382933
0.059809518380745	0.096111683095482
0.102732884706984	0.116497680295491
0.144456355036692	0.124915887543446
0.215690653908693	0.074760852748240
0.260228511719668	0.079241849020296
0.372964279085389	0.115057614600532
0.423098051742557	0.103787233276825
0.494301709272387	0.096941850519958
0.550631617338660	0.121519495455786
0.581795459021068	0.108441972213551
0.637448008611670	0.113868897239763
0.711574606384750	0.081844548219080
0.755086131977170	0.115327907796676
0.839657101771947	0.073000930645038
0.898668808693455	0.071659857365689
0.988575797438057	0.109352582872811
0.032360321340351	0.147182392107132
0.079570389283954	0.139605587540917
0.126428011557769	0.186744539096077
0.240049913290434	0.149701955355634
0.267485274093339	0.171440250556669
0.320873981634708	0.128855449337595
0.378052585962706	0.132588601614718
0.474149230075802	0.126745963382243
0.525873584868008	0.170050353870040
0.621384086348439	0.131815240603596
0.675152627995739	0.142248807027878
0.718374610711093	0.129179585769698
0.788465789033441	0.155765375027728
0.820877140608122	0.144338674134770
0.890069986202305	0.154908523930914
0.940504258877599	0.168224222778977
0.027226845318155	0.221037826901543
0.120094356416979	0.235774175537115
0.137960570299872	0.200931684670139
0.214821920780191	0.234071788490767
0.266169706305063	0.199071855257864
0.373149586666410	0.198309356771249
0.402973193201579	0.247758975499370
0.469984692208815	0.197645617942360
0.546254888173136	0.195243271666170
0.575161819072711	0.231028062854551
0.678082060386795	0.220019701759452
0.727057689999244	0.248069255597789
0.758251903304074	0.228304624246854
0.845227877835330	0.245537780195134
0.898294312040856	0.248015300574018
0.953843492887412	0.200839679240212
0.046176948711783	0.264517557927062
0.079325260671164	0.257574131554010
0.145888282776784	0.286400083679217
0.227525614851626	0.272389933719507
0.293615436482619	0.259210922044402
0.357053492097662	0.301634986693187
0.426942115909057	0.250622480118326
0.470449850713008	0.256854654713384
0.520359925071909	0.296321920275530
0.605319197430582	0.311967186644200
0.646017291180561	0.255980217365078
0.729117519974037	0.305173485625459
0.775638349302029	0.283958618769878
0.836356134421391	0.310021106196805
0.933718112645722	0.279115655728177
0.959542508635098	0.263176031835767
0.025733576220398	0.373201815483789
0.072460730169541	0.338515310146849
0.185300634198426	0.360983441420478
0.244418609347641	0.326654565582088
0.297340318673486	0.360466121721656
0.359860399996364	0.331524484082247
0.406140607032259	0.319379278445705
0.499893976462747	0.328641225282019
0.562113091902484	0.369949662474671
0.611251264268940	0.362853429146426
0.645895778788462	0.363356705912355
0.735622538686875	0.373127133250383
0.800781909271791	0.370106505534520
0.827624689354590	0.372108536611686
0.901092211634641	0.350560276079471
0.939524210029520	0.357658689633864
0.000033269883723	0.430923431077023
0.119636228903461	0.393451312241017
0.178658369460879	0.425719482035660
0.202257806613286	0.429349485564593
0.270338633699072	0.429476748233306
0.357858154001962	0.423635247524044
0.394144110575235	0.379528451726546
0.454665212430331	0.427570833822263
0.549877169801010	0.424186141940110
0.586793772241635	0.434699291057116
0.657079376622471	0.433007695536480
0.730904425184337	0.382206665295457
0.779737391021274	0.394756269893203
0.842355579974213	0.397971890988520
0.927040181003870	0.384772755615360
0.964134228713027	0.429920732289301
0.053698921981547	0.448871217597944
0.088497911600512	0.438581136885002
0.181432385054401	0.477407910521121
0.213632562975081	0.471764925424188
0.263092108103002	0.485321147960569
0.326877628980292	0.445862096474357
0.410173285877140	0.486992195798548
0.475291583201101	0.441755282213389
0.529397500089113	0.465032807484975
0.587170326011179	0.454783658210021
0.676863892830877	0.477731254863374
0.728561000558795	0.465193888862895
0.782743217634909	0.448155749460719
0.843642422136302	0.447055771658094
0.934436380542334	0.487874769530113
0.993461988195419	0.467296567606925
0.010877582727321	0.511560773144956
0.098462851901064	0.503551847636945
0.146141950686262	0.519101032133121
0.241099277523719	0.531541333468408
0.251953475483333	0.500092494156000
0.325446087913692	0.507715729780080
0.416474304273486	0.530446907570690
0.482791897065540	0.552346805690286
0.506692190408751	0.528356203015627
0.598774300241790	0.515401054424676
0.643695496259885	0.555125763056014
0.724523897771613	0.509269832140829
0.797945326132571	0.501923217424057
0.850376944503020	0.521103257449251
0.900695622540823	0.559540968445838
0.996774403610447	0.504227218146372
0.037471415527391	0.618454256355403
0.107945301813410	0.595992108028962
0.134472434862278	0.593440242147991
0.207203613860696	0.619626127327705
0.251590836109615	0.618203705437063
0.324887377867682	0.619438015665379
0.396769160016968	0.567771648902044
0.453581075769868	0.584767516649390
0.540996284946682	0.621959078314123
0.618036586702344	0.580138390262178
0.638141897830214	0.621643890436772
0.729733933297040	0.618017717350278
0.784847465279127	0.575285422196678
0.822392234071715	0.586068291775549
0.917999047403107	0.606212626454353
0.959605251196680	0.573295804296107
0.013246849953604	0.651898826042167
0.077469137762666	0.675152569045930
0.184230659054413	0.685627772137669
0.245809592261983	0.629757800839087
0.296142411894664	0.636967759625862
0.374857946924716	0.632911855429507
0.404154792798603	0.640177982964711
0.497978461251007	0.628208135328188
0.505948228530108	0.668853472797515
0.572722191706468	0.682031548799023
0.634450828280405	0.627862346766717
0.689363731275514	0.626276792609430
0.798756223998209	0.653769060757772
0.860429782417004	0.665915883010234
0.904776056143985	0.666625224383693
0.940309232159706	0.641214515973980
0.043122300087852	0.692789735826731
0.093592981378570	0.706233457841150
0.144647375917911	0.709773183878226
0.219088148580419	0.724362153786785
0.273535734353595	0.689132329964575
0.360464374284019	0.727752003391565
0.407188662073386	0.706322135044337
0.458806351516118	0.721387120641043
0.532258315717862	0.742993608319199
0.608379392036791	0.735110849385990
0.639191154437533	0.726609846135045
0.701919604998412	0.726608949125886
0.803015683586247	0.747005616852433
0.859866954761061	0.718747227110725
0.917790871778338	0.745715908050355
0.951558410644428	0.709867403789509
0.054274557156436	0.767687070522268
0.088833693406506	0.811607495182917
0.166844953501561	0.772177619384527
0.230169875833711	0.754376644502482
0.307607633657196	0.760601864460763
0.325034863391201	0.753695847845798
0.412368734361340	0.796130079277472
0.453323496582062	0.794139639353761
0.541367684718889	0.786027489616775
0.573626848231332	0.800417138566360
0.652268114331474	0.791852477874922
0.725795558793656	0.762442820475540
0.774650648664020	0.785296139300986
0.855124047166930	0.798440516326446
0.875815045699900	0.800521343419799
0.946159175948393	0.790211996916964
0.000597312973835	0.827927045134811
0.115976074577420	0.823661129298541
0.128655162160554	0.863333242142301
0.246295097661506	0.818799513233546
0.258392976744425	0.819098701076372
0.313088384849971	0.820024132119148
0.401370529557199	0.834124299731717
0.448281924883086	0.839808845389590
0.537514239354644	0.837969453691149
0.607291969495661	0.822615599538576
0.675644021129269	0.814439197580665
0.740102745401115	0.863744021987366
0.752631178315527	0.822353575468262
0.835343900156520	0.842197738391044
0.922336119892969	0.874092244062711
0.987826232751907	0.862841382547128
0.032089950014974	0.934127614192345
0.106010976272172	0.896886595893741
0.174476939759794	0.933609871731282
0.229386886373252	0.935343265227355
0.303153923521320	0.919653229382158
0.355152566432406	0.924058271103203
0.419366900790335	0.875894284690938
0.496874832751200	0.878113985251545
0.541663582955758	0.924163846659745
0.593308432951641	0.895627143957682
0.662840146303722	0.913151999318658
0.688646420298295	0.911023710164247
0.804641816268475	0.892528701286653
0.836252065220906	0.887240761311781
0.904075230624079	0.888960155152357
0.961632883720247	0.897374437195802
0.048363977297760	0.953058950126418
0.102153958587361	0.986651946729201
0.129657729137027	0.970064231798766
0.195739113683984	0.966410212385564
0.262415094347651	0.969157783729410
0.361058690189048	0.983733413475271
0.416400906799571	0.978812894662566
0.470865856762013	0.993252900980472
0.550145317608292	0.945562648035833
0.576983220223799	0.941009264891271
0.676632919448110	0.985653986350669
0.694765972193509	0.966022910978883
0.771860374259264	0.995920154876290
0.828667316618647	0.940110220719969
0.886620830237894	0.949131513439149
0.995831323786599	0.943241595015452
