0.008187199137528	0.021177897095023
0.036463016859570	0.008614590802270
0.057371641760597	0.004567315213204
0.074542524589818	0.008028761304508
0.098157392998004	0.008469732325013
0.121007759136693	0.010794090859829
0.148490582756709	0.003624266852537
0.177089636265657	0.017289301265538
0.197970509166460	0.015078867535617
0.201299765970240	0.010046858032400
0.230870718014267	0.018750455509063
0.264078093174656	0.002328063268757
0.267958040008001	0.006963999105376
0.308661267869639	0.016140807610038
0.316244229628968	0.016428861336262
0.344116446093787	0.003891569449334
0.367590475897520	0.013327425488580
0.379821036523684	0.020466908843158
0.414567042983735	0.018796193179808
0.442448856101631	0.009566683846994
0.447981730637240	0.014219670502882
0.488831417298759	0.009009380366474
0.509374527420651	0.010005481662489
0.518107192018146	0.009660950408807
0.542382851907400	0.006696097155936
0.560033469948305	0.001971748678680
0.590840243256277	0.000659263811952
0.600762411077788	0.014716889691965
0.636541685832687	0.011603977539070
0.652523694303112	0.001731454058850
0.680692681818327	0.007153043763101
0.706510686568052	0.011096375505437
0.717073499950830	0.005371006403541
0.747453200458215	0.002804018816425
0.772359075157987	0.021400569886192
0.791071247390152	0.014646127880339
0.813149697595337	0.017175385613475
0.824183820602423	0.018515801444408
0.850232417955273	0.018895195340998
0.888024367340122	0.005941718818141
0.903591402923593	0.021973229473813
0.912992887959943	0.002727574245191
0.953895683736257	0.001678955834750
0.972779938287697	0.010507025541080
0.999921259879013	0.016954575922769
0.002741673154774	0.027526352964542
0.024999213260728	0.030822122988948
0.057733197989346	0.036790089178083
0.077401770022610	0.035998226488112
0.097725067098302	0.038812678880299
0.127031727956383	0.028001837262988
0.139162263911954	0.034920031621697
0.167108764088195	0.022699284357026
0.195913440614194	0.029114842861426
0.204311696001194	0.025298163073026
0.243215742236131	0.023270507684842
0.261870000794862	0.022622457007039
0.266977293691153	0.031046564987742
0.303096950719751	0.025564808062953
0.327841571499867	0.039488961670636
0.336453423184138	0.033485229310822
0.373486464614498	0.041699988182202
0.397595992357842	0.042075268406283
0.401123703757770	0.040549983580000
0.424721716117282	0.037843107301240
0.465686404321942	0.028420713498769
0.480100932513491	0.043115897885111
0.499452233420454	0.028596933911900
0.511629521484711	0.027628918298641
0.542507911372168	0.038508186886361
0.575841880542707	0.033366794788493
0.584994925001454	0.038802606285167
0.613308617920712	0.027676884148298
0.632538766540505	0.043671169540561
0.665654842348327	0.041520779030752
0.683974587005557	0.026470912010881
0.701063144246053	0.032351513317971
0.725919651383257	0.026508111890575
0.736050121486820	0.026499056046169
0.757224296007901	0.044134298360110
0.795079493061011	0.034529618942457
0.810495681726851	0.029561202912748
0.832116275293366	0.031827717049007
0.862080601053279	0.024167340839114
0.888079371934361	0.037645707003638
0.909578995075134	0.033166265417783
0.915182704619149	0.035422096404526
0.945500468708717	0.038569301908710
0.960045950679740	0.035840230753919
0.984290436915500	0.028849305679702
0.012937214114714	0.048217496375087
0.030596167601318	0.046385920198258
0.063424091516342	0.063374952236459
0.077536092256140	0.048910502609284
0.109714271107156	0.047129863408088
0.123392073668088	0.063993354989628
0.138193874827993	0.049875391431176
0.158162806639020	0.051880684046564
0.190934318203645	0.064953177344276
0.218166092756398	0.064394462708269
0.232598425207178	0.062806490362861
0.250124168857806	0.047265454935981
0.268002462894449	0.056624746118507
0.294795265205338	0.044883632784191
0.313376801870256	0.055758523084788
0.337855094315295	0.052545520427143
0.369344859252687	0.064373167686458
0.383716289891899	0.050494639866635
0.407090229951461	0.060727209912058
0.444412598257049	0.062449937768127
0.445209058426085	0.066176898798067
0.482779628119768	0.057960675101149
0.495251027537542	0.052143449617480
0.513401283805481	0.051205083382752
0.534423964584707	0.049213985365167
0.556275335068258	0.058447110180175
0.590205676090796	0.053780531642235
0.605804430104902	0.056428210998882
0.632069355365526	0.056011244114077
0.660921036279975	0.055470408232759
0.680723543597761	0.049062004153554
0.704132221849666	0.057101222270321
0.726521151112876	0.064324838864175
0.754028543420815	0.054969488185073
0.765287722840895	0.062248073998431
0.795829003106659	0.053309559332615
0.805456368347038	0.050241535401494
0.830376382194702	0.044670673020030
0.845928480807623	0.044517967617156
0.869430260578193	0.062085094767487
0.899304072343996	0.049595183776856
0.914244391009320	0.049171302768778
0.954637737830680	0.049732365657047
0.960106133929375	0.045317418982168
0.991570714781582	0.056643153336670
0.014492421093563	0.069204554872971
0.027212713939368	0.066981351546396
0.058714719932331	0.081663196532236
0.086712415448608	0.085670847631242
0.089440878920593	0.085797770144733
0.131986688439317	0.079074234497621
0.141010088837527	0.067167927267974
0.155804228570577	0.067477511211177
0.187901367078719	0.083131035115885
0.210336428329479	0.086653070213373
0.236678016918662	0.077997983642905
0.259101570773557	0.084487462115174
0.283099659215346	0.079351272726694
0.301647117421311	0.071921758313542
0.328552325715543	0.072719570255902
0.345789653924607	0.081114246037324
0.363442703540100	0.077147993318486
0.391702569408687	0.069760333524909
0.404029666498828	0.086730867861785
0.425969483549027	0.070777130293479
0.459797305969164	0.081031116184294
0.468068945915247	0.067402916018919
0.502376106099986	0.087796763149353
0.529641860624330	0.067455499365902
0.553096468849570	0.068501834892578
0.567387046083044	0.070013250369944
0.582934126305663	0.072560322451639
0.602939087137643	0.071758240912674
0.642020747742776	0.068990428523805
0.662250350854470	0.085303531400025
0.677638090016391	0.087496366367041
0.692124709710197	0.085101005858377
0.725905781527287	0.087923457545728
0.753577481530560	0.077257674965990
0.765718014437174	0.081659629240812
0.794123953926147	0.087495357832650
0.817281785114656	0.071121803408284
0.839545667842960	0.072867393086349
0.859660370879107	0.080652526531313
0.882852696843282	0.088515685778024
0.900854103156150	0.070425613111553
0.931659738434503	0.068795627842429
0.936939322607810	0.074053139432708
0.973175134679473	0.079289666172986
0.991745003667911	0.077889906477934
0.018406252174060	0.101280198471608
0.023559610965042	0.102242410460285
0.047222821813517	0.095990256495978
0.069791966817138	0.089256518411846
0.103076330611888	0.089218829008310
0.112672261086966	0.101496867822935
0.147496092327960	0.106589676304185
0.160897615905025	0.100744932934091
0.179897424594682	0.104211322180355
0.200363895824885	0.102533100864198
0.235826493223364	0.096572457328158
0.253660747980154	0.093511376996670
0.286449103165471	0.109411181462533
0.298973934851451	0.105577193054427
0.327848315527420	0.093644123344444
0.351462605263499	0.100506307068399
0.370394552735341	0.095454908815810
0.392825467142986	0.105489215475957
0.413198304376016	0.104862055895016
0.425116928858943	0.101254300036139
0.455685533782394	0.097898661802654
0.484601654649438	0.106618580603961
0.497196608245651	0.106447994299182
0.517976240773939	0.102283311265845
0.554572284278334	0.109386995263617
0.575258996761335	0.101157926558787
0.587235967460118	0.101586483732339
0.609122547504236	0.091410882186939
0.638805399197393	0.107664292843003
0.653245115820298	0.093517050825930
0.666826574711373	0.089486352261295
0.707181885868638	0.098168632602410
0.723175913108631	0.097585004425252
0.749783349920583	0.110364501736884
0.760248131864865	0.103111676756086
0.792208872749208	0.104038607705187
0.801458079114689	0.109426243157872
0.840653051248800	0.108787212778997
0.855998570174599	0.095092916841925
0.875633589397720	0.099343761441973
0.893227121384997	0.090816702093964
0.919998391812874	0.104422786731992
0.948287821000612	0.105220767605920
0.964659267888558	0.103187056070211
0.985213718440873	0.098866472173115
0.014773043191603	0.118043793848157
0.024796992354694	0.128983397315175
0.062758267302605	0.119688544460603
0.075865846124239	0.116044339756078
0.102482253062703	0.126787948932837
0.115088430115223	0.112442323477835
0.143579617010539	0.118946535199014
0.160413798183920	0.124881339759357
0.191763386873473	0.113642271701836
0.209387851493135	0.116291876640342
0.243993215009258	0.119453532975040
0.256499657089421	0.123923120811046
0.274435543343164	0.118563883246313
0.308424630419036	0.120951886099674
0.320521104607025	0.122550998004747
0.339892086005331	0.112220288161447
0.370792877543126	0.131223566865885
0.386537992635505	0.131655891528997
0.415342709337726	0.125721543782378
0.426451350583955	0.126024239167111
0.462593257565966	0.132321913581520
0.474301649740502	0.125500976090669
0.508461694377375	0.129434787719120
0.519149120842012	0.114067138375161
0.551070880428361	0.122076366621863
0.577321795881102	0.130124066086360
0.579472898656069	0.112642062833475
0.602428116919003	0.124060128311434
0.640107695643505	0.129306095754825
0.665915827903101	0.119765651559196
0.670153202065561	0.125120814287572
0.702268374911003	0.129084931757968
0.726489177292896	0.128347323750951
0.746915775245734	0.131683078056024
0.772404028106678	0.123905310674135
0.782341699737876	0.114969429643688
0.819421099311951	0.115114256228321
0.826826136555146	0.117267093710586
0.859853002070415	0.126718558219481
0.875804058314462	0.117037436946951
0.902381447255649	0.111440463845384
0.915325103659750	0.114294139348298
0.945663577445239	0.123389220845950
0.970233861929533	0.126333409701396
0.992372826764447	0.121337721168065
0.020032413944920	0.154195812887506
0.039799123949635	0.153707645931368
0.057096629209865	0.150517407286153
0.075330687073110	0.144832231722759
0.108664092120869	0.138270676840832
0.112426880095460	0.151237745804535
0.149714946269457	0.148761563017003
0.155595019092379	0.134553615273157
0.178983517503647	0.150488198806076
0.219977001540047	0.138621202909274
0.241227289723104	0.154728016924541
0.263162821696048	0.140093609671544
0.284180605446651	0.142306646520499
0.295405961667774	0.154861936511103
0.323793095451525	0.149946484811747
0.333555469072165	0.145848689081164
0.367094231875609	0.139483535441243
0.399073237791028	0.133526698743142
0.408262043344746	0.148200756040655
0.428070467241021	0.142346857516124
0.446693694359215	0.155275459018367
0.472007737263418	0.148527011780708
0.501560042377200	0.151246279549506
0.514218176136310	0.155057264326231
0.533487334361129	0.145330162142196
0.566320214086752	0.152331198295862
0.582665927388498	0.137879642571036
0.601836684750200	0.155397341084733
0.640431174810869	0.139625746815171
0.647629413770012	0.141856300672431
0.672954065586973	0.144309100097324
0.692086116204576	0.138655461413576
0.720115134479091	0.139425166366591
0.744326739760813	0.144652304894132
0.760699368890331	0.138519011418404
0.788103864618601	0.154690726463378
0.816395247964281	0.145803580208377
0.840694932980211	0.151334241590411
0.859382947594715	0.133569005964793
0.870728713487082	0.150225163296487
0.895241628107542	0.139615243881748
0.916652850275080	0.153343150640012
0.952051793746869	0.134596685651570
0.971248220366251	0.133416590006627
0.987200309219377	0.151837304140507
0.010962264340647	0.160466397037424
0.035974705124165	0.157981145589453
0.064239612298763	0.175557735489371
0.088560292497201	0.171608913988508
0.094071065278689	0.167784509520928
0.116926748063735	0.156619135932210
0.141456914384568	0.172423273779033
0.162712648735082	0.169525493839904
0.187184947974480	0.156017418211020
0.204188594528311	0.174081916138704
0.230135067952570	0.175710525120024
0.246621987534573	0.164431984641897
0.273115397313455	0.157800309996954
0.306253653629069	0.165039230202360
0.314965518745974	0.169417933791792
0.351638528470901	0.162691447621631
0.356129182523457	0.166560591454593
0.386844209330198	0.171368283337145
0.413547038538431	0.168758488077019
0.433799117914923	0.163227902587427
0.457440809732639	0.165479475003391
0.471206062334715	0.171290467072630
0.504679688478668	0.171664741861556
0.526922607932610	0.161483448652068
0.550414759405830	0.161169997190087
0.575517694015151	0.173528775809792
0.584143070728034	0.161334418423991
0.615973698812013	0.166036191983519
0.622896686051612	0.174462823377564
0.663980601592813	0.164526714852306
0.679421903847893	0.171715865298315
0.708484729063189	0.160709493096255
0.728333601540653	0.175932084385704
0.738903032591208	0.171771257317572
0.776364529944834	0.162824733220698
0.784798486584156	0.166715158405725
0.814271170147396	0.176489172596184
0.833321811349335	0.167901678417269
0.859924204361400	0.171734770836143
0.867538513621104	0.171884534449704
0.891669683267699	0.158049885991300
0.920980662653037	0.172380349338868
0.948682712943038	0.157728987720577
0.955585438287307	0.167812812408803
0.978885164613990	0.155696864953918
0.017998810292584	0.198407017221924
0.041163877448752	0.187360381254467
0.063334244137061	0.197802256424917
0.073331762142996	0.183908401487995
0.100272326091264	0.187986608757427
0.130379946741312	0.198316547548420
0.136914367964290	0.186502515123084
0.168357640290509	0.188038228211416
0.199014378944182	0.194610041808117
0.201116769150573	0.193985137543793
0.241810692861684	0.182950206707505
0.261749796806207	0.197038638120242
0.277707700894405	0.186122345600357
0.306869295724818	0.195613837282497
0.323122540553724	0.198617293157603
0.351158836275971	0.193234696837844
0.364481315877711	0.199038802159519
0.399333852301714	0.191624160398745
0.409838755374168	0.195925121282624
0.440366105222125	0.187666585935099
0.463774648970354	0.181154731470429
0.481245039117088	0.181130179282437
0.497993322836492	0.180612444681672
0.516700273023978	0.184251012934016
0.545847998117423	0.180231867503532
0.572115050022103	0.198123322385444
0.589144360204287	0.185941625072762
0.610975559849985	0.193858801173686
0.631381798273843	0.189052585095930
0.650552212588049	0.180808845349362
0.683715679955810	0.186586553155322
0.707164743402054	0.196234918488348
0.733098963849813	0.199637503611460
0.753771979770104	0.190070296154219
0.758032082901395	0.192173305596990
0.785237912028281	0.192257607007252
0.802058850881192	0.178963456970605
0.835923515309976	0.180617676101665
0.857066304534508	0.189772891980388
0.868153545664349	0.196075970207773
0.910998669996211	0.190498869175777
0.914195681177798	0.197749390488794
0.941376637741726	0.190700858518800
0.975576155042384	0.178984817992142
0.989483914920268	0.185329160727249
0.017220659180311	0.202654167249796
0.028790820779566	0.218896638187323
0.046618906874716	0.202898821928696
0.076001567121492	0.220471004189309
0.103942308676726	0.207826182527427
0.124085611025202	0.209273409824908
0.134387575685189	0.210667464677659
0.163860760682851	0.208449999332947
0.189906692869888	0.206740406296854
0.206506590701913	0.221553210489710
0.240982491532569	0.215469265913881
0.252718205922657	0.218573571507901
0.280005027496568	0.216297632071569
0.302487016379274	0.201490251492642
0.317079819429814	0.212083773302244
0.347128486802081	0.221897960749069
0.375984817318615	0.202851033604643
0.394894594439255	0.207998009762623
0.415694058322794	0.200549270176560
0.422809319958848	0.203121146575964
0.454321106178916	0.201018251308167
0.487979592082603	0.216217825601756
0.503561988321135	0.203728128085781
0.523234270122655	0.210855963859751
0.550646521620758	0.217892953188496
0.567866551444317	0.219961640108885
0.577847537475965	0.204441086622989
0.602298634448106	0.202344121831084
0.636944534850320	0.217693457394405
0.665792944851232	0.211282491986680
0.676629545153886	0.212388937597254
0.696938128434961	0.200056955559813
0.713356448043040	0.218446285224986
0.738511470339121	0.219105145163729
0.776388133953312	0.208400780393939
0.786111420115534	0.220738987148291
0.818074974095932	0.220307993510706
0.843220669905267	0.213341248876727
0.856793692866111	0.211992307372286
0.879540119219671	0.212981337994876
0.902443143097321	0.218671075145198
0.919083463480069	0.212372581953373
0.946351583713799	0.214570829358447
0.958248982460141	0.200845862997686
0.983766282651312	0.204568293184692
0.014732195745651	0.235951542557413
0.041720570561152	0.237976785054373
0.065780582806510	0.222554572702773
0.071118283283174	0.234592800057372
0.097432405167282	0.230474260073628
0.130742669829289	0.242467492399277
0.149182555724728	0.222938329374791
0.157664597267776	0.240471680295867
0.189375923643933	0.236919513260228
0.218638530108864	0.242257228415571
0.239755107052567	0.223339157422437
0.245192653944683	0.239949564282874
0.275712064650567	0.225514892701619
0.293093791149708	0.227040725838894
0.317089825264639	0.228025931649020
0.340850481708318	0.239046208197029
0.369178511210681	0.241966807598499
0.393193152534950	0.243734684808842
0.415633139100668	0.229068919552222
0.433227061281059	0.236612012840846
0.462388533839167	0.229013833136120
0.472655792375351	0.222864118446228
0.493578684155162	0.234533917058228
0.523566455464192	0.222419374850107
0.551394519664206	0.238536765192191
0.571322346037406	0.235104808493723
0.590817802185124	0.238525104816246
0.607219861449492	0.235487807752135
0.624515468508746	0.237325472129507
0.662150134222772	0.227802112322151
0.667784243817184	0.241041475652649
0.694666079826342	0.232992895446742
0.729815922361083	0.228107740379585
0.740333519411972	0.235702698639525
0.767687806432994	0.229044753242217
0.778338390521629	0.242118567827961
0.801202090964415	0.233222718275540
0.829988571842871	0.239090395743436
0.849913794439939	0.236170214153969
0.873148005519330	0.233238666041525
0.892369446438616	0.239161531967433
0.926585255965261	0.241670176722498
0.942310872582946	0.229727509433288
0.960641263742149	0.226574398097043
0.992274000364523	0.225106000062750
0.018293916619399	0.264371628479291
0.030028166380562	0.260104368992899
0.048771551236897	0.261433681849621
0.085413549218759	0.244959024640127
0.106614283502297	0.263888704470850
0.116566134250648	0.248325307937208
0.146321344332068	0.259381254838325
0.177166602455144	0.256022036492209
0.197109320133044	0.245358142867483
0.219611280633357	0.248603997049373
0.223718575812811	0.244744476639839
0.259119367489076	0.244506521041830
0.273823274978965	0.264919416921634
0.297899244065528	0.256773332229892
0.327153269613999	0.256525082614809
0.352310634579582	0.260288940151289
0.362510773525640	0.246816972276334
0.385173886555624	0.261017317437390
0.419159657274591	0.265653158310151
0.423402979256239	0.246066219499712
0.444615221908356	0.253031595213682
0.470271350728773	0.251131848537161
0.489209933770481	0.263103303012333
0.521906846205424	0.250743849240675
0.548234477456403	0.246648614579911
0.570022796853192	0.259520942405686
0.590452961274787	0.246826387207682
0.609011732395767	0.246638414083146
0.624120281321542	0.265769423797725
0.662470680251775	0.258387527328334
0.673438586544581	0.247612574536884
0.707029597744844	0.258093616126386
0.725641256108538	0.249066247807650
0.739974518665107	0.254946643271756
0.773730777047874	0.252416547643221
0.787733997443112	0.245107683394673
0.820614004791857	0.266582636726587
0.839461916073411	0.257174669457459
0.854640046488798	0.265811699023271
0.873057446490599	0.254877209619254
0.894569564286079	0.255572822992694
0.928078187131652	0.257783665340395
0.952676468890318	0.250159801895923
0.972108357879565	0.251341115695271
0.987739307487426	0.244778532053732
0.019307742681090	0.270036863500209
0.027614763768404	0.287666001677642
0.061137770130564	0.281544776993853
0.066993461958105	0.279122845826259
0.105441914212915	0.281967285485982
0.129564559846860	0.266876701679544
0.148702012580362	0.287478368496194
0.158551280175309	0.273468905031816
0.183256363906207	0.277812914490811
0.215664445979856	0.283406046792209
0.236472933996268	0.278725359576147
0.266179695683936	0.287712054451033
0.272101058170637	0.275305595494128
0.295906550945899	0.275342452910990
0.328605281839909	0.285012936348021
0.340816596017616	0.288315989361529
0.358391749875039	0.278043499436395
0.387772779655383	0.268403679805488
0.402338558182458	0.285167174557806
0.439902663157402	0.274026664063599
0.461079470972368	0.267939107839521
0.488442487523063	0.267510269551424
0.492348574899529	0.277652045848957
0.529765316967332	0.269462502945038
0.554044306764234	0.268573142614453
0.561522106765606	0.287397543149136
0.584952448123874	0.268689512234238
0.615044509105576	0.273271461738156
0.637309361097501	0.282428901149526
0.663480280908118	0.268892815523368
0.670740355153792	0.278957528189203
0.701374498323030	0.282277571486012
0.720086280667347	0.269684493744207
0.744145144757538	0.271899193076393
0.769480904572678	0.271457933904684
0.792224742304793	0.281024913865691
0.803888831376486	0.278096038136809
0.840124242234383	0.269470333153414
0.856179572334141	0.273772799183924
0.878285904070998	0.282547472353790
0.897182037817796	0.287731336874411
0.917477959975427	0.282051100735513
0.953114988033402	0.266802506195413
0.977326445121006	0.284681384699060
0.996106416694948	0.282719314495321
0.011593552531476	0.301149604943228
0.041340267284982	0.309615789187931
0.066162080560797	0.300488307391821
0.083081332799765	0.289472554862221
0.099020157601560	0.292073805879301
0.120170794957254	0.305093885579091
0.134569147493357	0.294255818267464
0.176989827542900	0.298426104070149
0.189337647662396	0.292560530584126
0.204534952540179	0.292995467938197
0.239779911520322	0.306151079183531
0.252216320735039	0.302470187080254
0.279412385296561	0.306637762956728
0.291991756598463	0.296602347831279
0.319811370644881	0.295460709367029
0.339996603417416	0.297806079366975
0.374611729268903	0.291997421926818
0.399912853176789	0.309911241837394
0.413754926169803	0.304766502907678
0.441002176840919	0.303210482273688
0.457978756123580	0.303941159967940
0.477803141093405	0.290482706369996
0.489797580775292	0.295436105516504
0.513325406104428	0.302884195334329
0.554919858669921	0.302792225574379
0.563698602423105	0.289451647317168
0.585060301300592	0.307384803300477
0.611272756178487	0.307247860206219
0.643892683171435	0.290608373838360
0.656151658563186	0.306813775390007
0.682626488104867	0.300022087936916
0.706706595792341	0.305155065861282
0.726644330351194	0.293520696886548
0.751888675433247	0.294898157169786
0.777512298275965	0.293255287306365
0.778940671108313	0.295946499458605
0.804886826786005	0.297643228710287
0.839737625201689	0.305793836411506
0.846058339620799	0.301458487109000
0.882516054523039	0.307184544287536
0.909022294356933	0.303925978732175
0.931574552609279	0.293675100788968
0.950147189302146	0.311006545161597
0.958067070238049	0.302427317391508
0.990803866396690	0.308454639934834
0.008078315819735	0.329227194059719
0.038562249390901	0.316447176842434
0.044708739873083	0.321825374442888
0.084174902109987	0.321520582588950
0.107797952197342	0.332177720358326
0.112316604150326	0.311298001666286
0.135683440986740	0.326630786044204
0.166780041222901	0.325108239953043
0.189983801174026	0.321961501119080
0.201667540500122	0.330251976117395
0.241556920731389	0.315369690546930
0.250648417806456	0.320154553643567
0.272914062726421	0.329495298649429
0.306914540291304	0.313912335131970
0.330647402830417	0.314642648699791
0.334358810530179	0.312448179178872
0.363690663498340	0.312571901766303
0.387097925529398	0.323507027646515
0.414696228150596	0.311474681614672
0.426697398697344	0.323707239581100
0.452310199483784	0.331907172624931
0.486486877795370	0.315307791630369
0.493503507941794	0.313344062068502
0.513632364928689	0.333230610181450
0.541742357587744	0.323117114420050
0.572763350651363	0.317510106943796
0.588925992700073	0.316303775346909
0.609113828772731	0.331844980502155
0.637674465887742	0.321006032350811
0.654901507675185	0.325235746617924
0.680381257912854	0.324746018020092
0.708296726374335	0.318116875392878
0.717787072239963	0.326060417903343
0.755320256353405	0.325838520686570
0.770353106650761	0.323163350281111
0.793020083225880	0.318569243059471
0.814435726433421	0.315949503349025
0.843959009673127	0.324471046194026
0.865328968797188	0.325753401155992
0.883789174242000	0.324172517230878
0.910528013917171	0.315398709632213
0.929008756701138	0.321345500531402
0.945264510652759	0.325844383729534
0.974764160216188	0.319348218418092
0.985908342584170	0.315588682896155
0.015994325620224	0.347131627123497
0.027849179264433	0.351169360526334
0.048441266481557	0.340354951793514
0.068180007415452	0.346747980668332
0.107710365112079	0.345348621162590
0.115368693783422	0.337557703738774
0.140106470294632	0.343377100766595
0.165056755939227	0.346228994390722
0.184787699473170	0.339969310569570
0.204617667820138	0.348466680776747
0.235222552047137	0.345972703405391
0.251197755726385	0.340759325877733
0.267989834005114	0.342744882701914
0.302268348859841	0.345578633468966
0.332358080567565	0.337844188093327
0.334974720727828	0.346620640606712
0.357139009434271	0.336622091600816
0.395482339641683	0.350751641386415
0.407565130481395	0.346392856810385
0.432006987647052	0.344749438035787
0.449239873411216	0.335613900578801
0.470669551448173	0.341645955767141
0.492742125711577	0.337729611404022
0.525506341346890	0.342882094343036
0.537282238130653	0.347162529146414
0.570040680937116	0.348453425950683
0.580821469752827	0.347276265580970
0.601730363112760	0.343510062384409
0.641976230828966	0.342611745307313
0.645884938786763	0.340444894002130
0.670889003622397	0.353507476770360
0.690196594710042	0.347124390669481
0.731246045381380	0.353267531515498
0.754242170063680	0.341161359486234
0.756735370541266	0.351060703799324
0.777792016546142	0.354831280890270
0.805679208320957	0.344522612668696
0.839210951984159	0.354838560893965
0.863395252760980	0.352706722335020
0.879157477320079	0.337491781938134
0.889989163913089	0.343178181067953
0.922678143275076	0.345407195842221
0.954693375739793	0.347365382089339
0.965190933502143	0.348769733106379
0.979663689083135	0.336126558178030
0.018656475535902	0.375939655779536
0.030810592708418	0.358346035456314
0.051195768527189	0.363106183642210
0.087357127862729	0.359899360884165
0.109043053314643	0.360565248634798
0.127787878238857	0.361062724325639
0.154089333147711	0.374124970032707
0.167768552462413	0.356898538354683
0.193995474857018	0.372398928991405
0.210752102517853	0.374868256080632
0.224964561293333	0.377398213661291
0.251817347395605	0.359844430718121
0.275961096483481	0.375062028954415
0.300342788917299	0.359821728586902
0.316456836075214	0.360924669387448
0.343523303882211	0.360241500299687
0.367896847921296	0.375978142669419
0.385168363150481	0.360712466452230
0.408451306904668	0.374765282532327
0.438780856689982	0.358424303350189
0.451609456685695	0.369208339294493
0.476055389339635	0.355907601144040
0.493788974857478	0.376204877884485
0.520966640965617	0.359641270894060
0.551661580468967	0.366268837687260
0.567743639862933	0.358393796006258
0.581988525619262	0.357274863884874
0.605329152554894	0.362681192564885
0.626309573408133	0.363283253421530
0.665748426845704	0.359105089442182
0.681394789122991	0.361344329093172
0.688941911794258	0.373257529579292
0.724269550286400	0.376939654603612
0.743941411311207	0.360283286063480
0.770489469825973	0.361647292590152
0.778234763417706	0.377431317791262
0.816484153843701	0.356154485093569
0.833862883817631	0.359510853499474
0.854270912093432	0.359334217219769
0.883058091841522	0.356036673175904
0.893983694565530	0.364638460326157
0.929509182987465	0.365261434564143
0.942678597256027	0.356987742567768
0.964784462219183	0.369011994087062
0.979649519713824	0.369779503110797
0.018060471923674	0.389643663450113
0.038837068490413	0.395702254693575
0.058541362818715	0.392902350129149
0.067491622341782	0.381942884661192
0.089428316625996	0.384750986690704
0.125322926151253	0.390114441159881
0.135587008080660	0.385690230521043
0.169012586128823	0.395880539797115
0.190252026866714	0.379745113280956
0.204342154010900	0.386128969244120
0.242406403878229	0.399885199658753
0.257940380480178	0.397778351656161
0.271802074002884	0.398952267018627
0.307544310747126	0.380678187280327
0.312010190874134	0.390039011104197
0.340309362958464	0.382119065084367
0.360251144786527	0.377805387834093
0.378161932253886	0.378809380091760
0.420355864681076	0.385561912658678
0.444285559907726	0.378249078404475
0.444700302204384	0.384552844154881
0.483309067168733	0.398032339097888
0.508196529196931	0.395142953132907
0.518925212537620	0.385811755927081
0.551391772169478	0.398492707756721
0.566330915924808	0.383659944948558
0.584117654169213	0.388775851088550
0.604754046082776	0.394602237656077
0.634937857704921	0.383688132223083
0.648626006902652	0.379005825773374
0.680642245620018	0.381086105279774
0.703947033850464	0.387115740819628
0.720808633336365	0.378109319166668
0.754978646658641	0.395485129868595
0.766728358651112	0.391852105893367
0.793056391286599	0.390384881403128
0.821456148387272	0.379791919675400
0.824229315855076	0.391042931230930
0.858084476633690	0.394470763743292
0.867901374710390	0.396464510002489
0.898798742959928	0.394971831058947
0.927612556489922	0.398330425734553
0.945493069185292	0.386764781934542
0.974597555543073	0.399699862368542
0.986294603173845	0.389471471307210
0.010556979215989	0.420293167740071
0.027397635068087	0.400701868575644
0.062837391630372	0.412378472356524
0.078216985822758	0.416235843066595
0.099433106383073	0.409905477036027
0.131558121373050	0.409338593231619
0.140336109461445	0.408172548512451
0.157725562688675	0.416557921043624
0.185546294958587	0.403063369750034
0.216039212372577	0.419717573601583
0.230911805037777	0.404340401246292
0.259071855959266	0.400373209226550
0.280853475183447	0.405537658258492
0.306306071438639	0.414492384482238
0.313553486940916	0.420189814310462
0.341817438904516	0.415048279885809
0.368782680650320	0.402210450260897
0.381067764211384	0.412269138920184
0.419277313407860	0.419433484293078
0.426346960737192	0.410247960088884
0.454574926919076	0.416721790199854
0.473600866052177	0.414387046590486
0.500405052110337	0.420724486083271
0.511665536753135	0.417108838352116
0.552330681680882	0.416023248603366
0.564891819487327	0.407491643888964
0.588485779222525	0.411583306136030
0.602252448718071	0.411450433738919
0.625206007829838	0.406056307211066
0.662003977450802	0.416228862953943
0.674838089722352	0.404521968371977
0.692452962899169	0.409548285647139
0.728989106027640	0.406073046751286
0.753968109003830	0.405913406694650
0.771215788868487	0.418220492642890
0.796504385473635	0.418360842318513
0.817066782002896	0.407117498559051
0.823816197314153	0.414794755802934
0.855172487883739	0.406913701896613
0.868108770267132	0.411830568766492
0.890677107814081	0.417280796867576
0.918100848821481	0.416698780758055
0.938286920798440	0.409093687457805
0.965147901276911	0.409736877744180
0.994470790223897	0.400741662638849
0.021891642004795	0.438635141747789
0.039649513585204	0.439108821851925
0.059230357484402	0.444118564280916
0.071683961304245	0.426337553049465
0.091090466843189	0.423716564482012
0.113441652355016	0.436513911480721
0.151658661455664	0.439780088399175
0.174630907663550	0.440026648046662
0.194408158252990	0.426792324102616
0.216246340427605	0.443449989768134
0.227805087742557	0.439297546015682
0.249017844671000	0.441220183943993
0.274094369610845	0.443387278696897
0.310949357050537	0.422970579187043
0.311585324185286	0.422940403833739
0.344191593348197	0.432657492106313
0.359734318597801	0.430142315732504
0.393963094375036	0.433244241072982
0.406644758242177	0.434847143636851
0.430032737316934	0.443734968489699
0.458698446074094	0.439528346407221
0.479956969332147	0.438608458517830
0.492194104376501	0.424470519694092
0.525889051134724	0.438077862719661
0.554373771158910	0.439120020281526
0.576365302978789	0.433727509432771
0.586369397312127	0.431624964414698
0.606771239288072	0.422989235911697
0.641997629237930	0.437262401034832
0.652711693370156	0.425042211233984
0.683075139375292	0.430932066917585
0.694013050122138	0.433219937843037
0.726732090393407	0.426390851429703
0.736656689442847	0.423925309261290
0.766971576294105	0.429897978070634
0.784281232985630	0.425140788034284
0.821944033949468	0.441636988737277
0.841740505717479	0.426840391083557
0.862099407969221	0.425589539980679
0.879595946363183	0.443503088255504
0.889279144045263	0.443694354179658
0.931665575643613	0.438459131911866
0.944970017498378	0.426485059162973
0.968085414236224	0.432850635209422
0.980769382469639	0.440860265797825
0.020761338941827	0.462962306067520
0.022939952271640	0.465950403031209
0.059006360523275	0.451528677837503
0.066926507941611	0.445154815648537
0.102818994315273	0.450189110348304
0.127888783443900	0.463233506295859
0.149867399904794	0.466596984878787
0.156733778647111	0.457872101926370
0.177914863473043	0.455320679962891
0.208877082895485	0.450651296400358
0.241156718465252	0.450424730748089
0.245215427896394	0.450894935523730
0.278580408214985	0.465571135427134
0.307900712162337	0.454404151648946
0.312070801254171	0.450403669803860
0.352541617463779	0.464763088699815
0.362530232538127	0.464011437041688
0.395122051491405	0.451804650478330
0.412303325722996	0.456409689864446
0.426583742294441	0.453314424846317
0.460601095336422	0.448646425311915
0.476896546229825	0.445333882468028
0.492246405046387	0.453451188412626
0.516681142758012	0.458565654914182
0.538097784058783	0.451754285997033
0.569257684044833	0.465686935113722
0.587734801795375	0.459693793117825
0.620277026455603	0.446588092163290
0.633411989818966	0.451727771015671
0.652272446589918	0.457419007553946
0.674700272514596	0.459540857600666
0.707238465282785	0.466100872194056
0.720282205123934	0.465668230498391
0.739861608070496	0.452945900524152
0.761329881035929	0.456902994984143
0.780319259073142	0.459563979339270
0.804412282538696	0.454189094044467
0.828777275530906	0.462741122383538
0.859639843401622	0.449668800790665
0.870608545778616	0.465622098769542
0.891378551980853	0.461797698756788
0.917410521459059	0.466318556035063
0.934964054931956	0.450447507198849
0.956570580358750	0.450003823985916
0.989105590844267	0.446202733699228
0.018813189765059	0.469457412594544
0.028462967174546	0.473928515102542
0.057386303846116	0.472667650408991
0.078908333899199	0.476637763387465
0.105427945103829	0.478982026479487
0.112053187600453	0.477246000728860
0.153799411343623	0.484421157613391
0.162684783910302	0.478913988941614
0.189625709066856	0.472089710822557
0.206505088535514	0.482171612076139
0.226654792966111	0.485702128692099
0.249497144323812	0.474955930464451
0.271391977427800	0.482061844819395
0.293320612108539	0.474632889913801
0.328616599023486	0.476532768579427
0.351649587429771	0.486685010019384
0.375782959576646	0.477834361887343
0.391642932478048	0.469156760852329
0.420957719684388	0.487780559093744
0.438367333065131	0.467655658592804
0.444633808540638	0.472899743905707
0.476493619125969	0.487355675718701
0.506181701970070	0.487819742007553
0.528486680015828	0.483633397259664
0.545458579355983	0.479932632119276
0.574322615982160	0.488814986274664
0.590836101292258	0.468371452427763
0.619492003884979	0.470424441952719
0.634633845067886	0.488677667288267
0.653172411559526	0.477555930958492
0.678395462732182	0.471088878925264
0.707848243062763	0.470832090386021
0.718808229553960	0.485970550164315
0.754806962609117	0.487637068346472
0.772376035628617	0.474992364905643
0.793065830489248	0.480965070538448
0.820960054489387	0.482648124001088
0.826804045961374	0.484150280652292
0.849841042966286	0.480878329275173
0.873953589245097	0.484938911539100
0.903242786066430	0.480990003901247
0.926356184786217	0.484385513740888
0.939555405061071	0.470063700558788
0.968270827015304	0.467920793375913
0.982010640111806	0.467811800281059
0.005239108004275	0.496259255672762
0.032784313788613	0.501647838068371
0.060422136612438	0.504005730693747
0.069183843257492	0.495884450418020
0.104789022980856	0.509114359494662
0.123241766074185	0.493410026215863
0.141634996004473	0.490609634295507
0.172170638726340	0.505672461776245
0.199987457366657	0.493341597336243
0.204526213117791	0.491872491967628
0.237919569940132	0.499573303249358
0.245489558831308	0.496985465253829
0.285153481797998	0.511089292939540
0.306198431120869	0.497869258200150
0.332680801979839	0.488928235912084
0.344852963604853	0.498557210845226
0.376393665833490	0.509953599397031
0.384032067942544	0.493099965518286
0.414821799170159	0.502210011015540
0.437183421170718	0.494909773188907
0.460840333169004	0.509641457074497
0.474561438483679	0.498359445334651
0.510460437006269	0.507207366342058
0.516445649613109	0.508873892828508
0.538698443031774	0.498181609542514
0.555654594674730	0.494568588472156
0.580768890984846	0.508074230529282
0.621525428454333	0.500658347227557
0.632409635292048	0.501087510050528
0.663110615224267	0.489855964735583
0.687156209871804	0.489786991234043
0.695213395265472	0.491342920976124
0.714891300837665	0.506073329141225
0.738395141200824	0.492812532161552
0.756902994127844	0.510522153869962
0.779536005704970	0.505558233339495
0.801901273626449	0.501478153863335
0.822385392995175	0.508590781636363
0.863623685244176	0.506804860801365
0.882407709535565	0.504890706776745
0.890107507088195	0.502728488056314
0.916731070102363	0.509519782744805
0.951370458754047	0.496703312092521
0.965156252167043	0.508092225652727
0.980903874757496	0.500280204521454
0.016025621752985	0.511879537958417
0.037607310969446	0.517893529431404
0.046957533238006	0.529144672867384
0.069385920377667	0.528971660446602
0.108487372948281	0.531300940239950
0.117214000040224	0.519564365778638
0.154046288872200	0.527142403350943
0.168473945845650	0.513054969363988
0.178017760063060	0.530642541073050
0.222115306364761	0.525772973075818
0.223702055443837	0.515657630869108
0.244663352731459	0.526265649982221
0.281139960469323	0.520801531737857
0.304000741277925	0.532305902335554
0.311800197320633	0.530216173480264
0.354892520999589	0.531477011429335
0.358472660153542	0.531306719324183
0.386771002072451	0.512731777018107
0.420229523509484	0.526139416109337
0.425153571724953	0.517808120440595
0.460438013670344	0.516379654703647
0.472679968324545	0.522472920416292
0.494456916645224	0.525011802586962
0.522745196280812	0.532858168400920
0.548692255506971	0.523130661971147
0.555785838530142	0.530115520192803
0.598748899256105	0.531037881002331
0.619718885814395	0.523103939982647
0.638319215440938	0.528292919771814
0.661376643738409	0.523134971066177
0.680229139274247	0.516852225778512
0.702969505072021	0.518707466168649
0.726582504129535	0.527907824918606
0.742612539471942	0.519064001156213
0.776047207311221	0.516850358357748
0.785955737672788	0.511867027305657
0.805066011278104	0.525167026322296
0.838423884668952	0.517358287052775
0.863065507101712	0.531764360610030
0.887278788789939	0.515280124178713
0.889845346649297	0.525194014425875
0.925674524451375	0.516563477409824
0.951491270865299	0.529845567352051
0.966454644188132	0.527439639441746
0.992043656057171	0.523449183532530
0.005649661418952	0.537149244749565
0.029247204474671	0.550522594959855
0.045612039639783	0.541145962307807
0.078014377869410	0.547778710679721
0.102846561670449	0.554764443542624
0.124682217254876	0.533889871323611
0.136801003422361	0.545848690995549
0.165759596929467	0.537861952202207
0.198221996674521	0.543333273103926
0.212499879148284	0.552671723682797
0.226284863376487	0.537647820409978
0.256711722390685	0.555456548370398
0.269554811732274	0.547059260943168
0.301299335960498	0.538428310937296
0.328603431012208	0.554391844647976
0.335246357280793	0.551448039326688
0.376031130691584	0.533972018522670
0.387343050360630	0.535286165055135
0.406137052904174	0.535211023440401
0.441851138033197	0.555167537229045
0.449375118502632	0.544347094374479
0.473305826092443	0.548776136166390
0.502715167416788	0.540916790871887
0.524867270119173	0.543979317909516
0.538015414428849	0.554558822807313
0.566227270189260	0.549402693067797
0.587861356094965	0.538333962491533
0.610192959504506	0.553401338789731
0.640775912543939	0.534617837513579
0.656138023560899	0.545608890457867
0.670534119662798	0.546047044962293
0.698254037407441	0.548303569944750
0.711619618995648	0.546665181703865
0.745318791314439	0.540759487601898
0.764035140481786	0.543649914309508
0.787436253181320	0.546749314192909
0.818893000513782	0.540281248363318
0.841938710667437	0.537062358143055
0.862143930000131	0.545214711536005
0.876064896797880	0.538473311859448
0.910563786343234	0.552611089569555
0.931383029976406	0.544965830153079
0.954349385046430	0.534321181222819
0.967353047691963	0.545911265172716
0.991960391798772	0.537717443234791
0.007962748674046	0.558770505427614
0.033011308408060	0.568606875224180
0.055560288254897	0.556571550517476
0.070736141798724	0.559923697512372
0.106589621361327	0.561376953328142
0.125168554229417	0.571117272645547
0.145601229015490	0.567964532063645
0.176731459791011	0.564613283334546
0.194431442905784	0.566039683211759
0.211913428448017	0.574752453046457
0.228541326151769	0.559543443373816
0.263410658580010	0.559087053480242
0.274775771570935	0.563558748278354
0.301359965919006	0.564882134524172
0.328908786336999	0.573447597191385
0.349406792485897	0.562701418273159
0.359221491058072	0.566533515315161
0.399907801543444	0.567859495299525
0.406499091883979	0.574773877061618
0.429528484448629	0.562257329567551
0.446692027390113	0.561253960809652
0.481076388250666	0.565307624319562
0.500928013143346	0.562617521475989
0.519003717975666	0.563253559432647
0.549909634928250	0.576555550046394
0.557769518284022	0.565309736672990
0.597265684008997	0.567307168765453
0.602999864705605	0.569076286756167
0.637129994267964	0.572149500792777
0.653919427088702	0.569725615637986
0.672634971179423	0.569793860529657
0.692145184267864	0.562343260637099
0.726983952189663	0.576828046810282
0.742232177294793	0.557036129406274
0.761236919567484	0.567063650186266
0.797195296625264	0.562409904342085
0.803618671456160	0.573539239260313
0.832066536945410	0.561511136111638
0.866064051383345	0.576840311935367
0.885019023658635	0.564638878774564
0.904588556557203	0.558530680975638
0.929803490151554	0.567775899510985
0.943512884493597	0.557762129124147
0.973208364972609	0.576329347020092
0.997192159180600	0.557289829374591
0.014856780644654	0.598227187235324
0.037256719780861	0.589555658677024
0.046564137103116	0.592355290632985
0.073737745894110	0.598490690382674
0.098522871698737	0.585861657251313
0.113558431503208	0.578235784276599
0.148242820430293	0.588273936812623
0.166756319246897	0.599241809231156
0.185734577970362	0.590369019882788
0.222157817877193	0.577913094612077
0.224936189089188	0.581845094026496
0.248622798755082	0.579675055600938
0.273751677874470	0.584300156353111
0.297992693039949	0.578913671539119
0.332341448491622	0.578350481577351
0.339728599208758	0.579627486918966
0.363401172503379	0.580887368917154
0.389738151159646	0.594677811854625
0.412003849811749	0.593141147182278
0.443052415197598	0.581598999797118
0.453265630404139	0.596911760232624
0.470706775061071	0.588667590416813
0.492556174540090	0.584790921554361
0.528937717298471	0.598415655652727
0.554939826386320	0.590536312736023
0.574093655563240	0.580486799094215
0.579097307271942	0.578241669862743
0.618680731320136	0.593557069216286
0.642464158124761	0.599482296024225
0.644679114833115	0.598759945512771
0.673488604222047	0.578617430354354
0.706646619110053	0.597811267172615
0.712342631454970	0.598487611906251
0.747423345774795	0.577863154508607
0.775817083872191	0.593652469420156
0.790172866827900	0.579994524265638
0.809571507937537	0.595125709824785
0.841071857568126	0.581229686510208
0.860184179172480	0.594837747663092
0.878020123969303	0.584824339120944
0.899793180603382	0.594530990666782
0.913270106244714	0.578987098030200
0.939150635946034	0.588315309974645
0.974894994972637	0.593301331928096
0.992554607173350	0.596123611046548
0.008297114614260	0.616146841172991
0.036427768804336	0.606925093099638
0.059693107545408	0.607018416764607
0.082793085855151	0.612490244548985
0.099867790448449	0.609368802660981
0.126542729189487	0.621551301594046
0.136369791467243	0.602599535132846
0.161057497624347	0.610493442196152
0.179149696831393	0.608800792960016
0.214760809265823	0.613988078683767
0.243257122217505	0.603605084665338
0.254822698698415	0.606553204255669
0.280079263229355	0.617702209270645
0.303781333589875	0.605412272142679
0.319897888013034	0.602754132652055
0.352963963993739	0.617702712045137
0.366065940547905	0.621509736584748
0.381133676341792	0.612971185869970
0.406669997477180	0.620470248695262
0.442317407945090	0.602688110687671
0.447548690263077	0.601477177927821
0.467437870686846	0.619241349563964
0.497010096806026	0.616524072662739
0.526984920195999	0.616034150029023
0.539160087504229	0.615902380550671
0.560722499191929	0.616034807998074
0.598124965383338	0.618024181915091
0.620586192012487	0.601690256166562
0.641922071606575	0.614696471794929
0.664613555159149	0.612094794087237
0.672611715651156	0.606631624384568
0.703312238397124	0.605417743942203
0.725985012388009	0.621796475180015
0.744077811573754	0.615811329079955
0.774626924402071	0.616047999866732
0.797816576259737	0.618369217955955
0.804584584893278	0.614174343933444
0.832448046253271	0.609355070842538
0.854867549118840	0.606778719432989
0.886768729027074	0.601498487302348
0.901423294125974	0.610457223899407
0.924109315906263	0.609497585889715
0.951551038522583	0.617091211504660
0.961436375128440	0.603026512534959
0.981512677872181	0.608092995781473
0.007097493506965	0.632547259772945
0.029616356813518	0.634513535518991
0.051352920493478	0.641228729941030
0.083404084381716	0.630582656532196
0.107400615802206	0.639771439206423
0.131768650954432	0.638522903092069
0.150036688447783	0.622915995866222
0.168139105996770	0.623318688602753
0.181968962940225	0.622913722668211
0.212759624895403	0.626920885878364
0.224711489947058	0.641734094001343
0.252384313285751	0.629379185709906
0.286149593928398	0.624573903712474
0.295963567605648	0.634419962456185
0.331014652885992	0.622376694659635
0.342088498016788	0.644169095272341
0.355887650486366	0.636906707585173
0.389609572319999	0.641724048502524
0.405382486418522	0.634476981537372
0.431972589237402	0.635645246482993
0.464519302179123	0.623161527576765
0.483470382131409	0.627674785780231
0.495172244632631	0.627432029928362
0.516186384904449	0.627966069234838
0.542565668060835	0.638537642725713
0.571719276588034	0.637601187269990
0.593805888935309	0.622861065032730
0.601139946980667	0.626992878619037
0.633750180307769	0.633025517570715
0.652541863749447	0.627655386217169
0.679852615894923	0.629560288017669
0.708214883671192	0.634110570008427
0.721215527941652	0.623465083172420
0.751823844894312	0.633062149855866
0.774940224425827	0.628238675729220
0.784410664642532	0.622859806101918
0.801332311260100	0.637209928059922
0.844377880233014	0.637830956749527
0.855617163457094	0.638680081978754
0.872623266974402	0.641486256123970
0.900310646652109	0.637932626497968
0.911181354486503	0.639589110672792
0.938881437435175	0.627560847279720
0.958483529070867	0.643175594053039
0.994084708722380	0.624659590361586
0.016996623491687	0.654709478444223
0.040224296143331	0.665842012352015
0.055509963106457	0.661057073771682
0.078912895537867	0.655237864695105
0.102165085866827	0.650616341540992
0.120111827047361	0.654380258656247
0.133759656672776	0.665506934182862
0.162472804057884	0.650846562924112
0.177928214494381	0.665325234648977
0.204822396141461	0.665371025301628
0.239946534214529	0.649928363274197
0.255851628716794	0.651982149302438
0.284146817317163	0.651625117511194
0.299754862919289	0.644555000722848
0.329793690977208	0.666262990282754
0.340544624824928	0.666048383955803
0.377232175170213	0.652343132183139
0.391430796189308	0.650187082796970
0.401366010903595	0.664543266428347
0.422961739999311	0.661721148739142
0.446113483991035	0.662384500001698
0.469494496622885	0.659708532637642
0.510832245927239	0.654102605412790
0.532211226312596	0.661806514832198
0.538993623290080	0.646265343634008
0.571802128182575	0.649975789981216
0.588133548792379	0.645052945515697
0.613987746315436	0.656486644003654
0.642296932269837	0.655082617806057
0.659886291331792	0.650423477229295
0.686561820148466	0.659417570742850
0.706225860040118	0.662373636812007
0.719613048120622	0.651780227175035
0.742108164579685	0.647425768002527
0.766222976962932	0.666335967643523
0.779846833248380	0.657200961092146
0.819809668251890	0.665852981774568
0.824272316280816	0.661317826418203
0.861402023691079	0.664539628392625
0.883491956374076	0.647361677637382
0.902717997597439	0.658735807113986
0.927614602750491	0.648134175073180
0.951549207475138	0.661261807101452
0.959946728948905	0.651768000456658
0.981355727190571	0.650743224038657
0.004525223002891	0.668071333836677
0.036587024364447	0.680657168289593
0.051546826422212	0.679765647456202
0.081245320412724	0.685027862272051
0.097822363666373	0.673559320745525
0.122022706862596	0.684985158850254
0.143982363184289	0.671535257887608
0.158609233652435	0.666975954180241
0.190815797875463	0.684827508253859
0.219285152567281	0.676238663093243
0.238986984768440	0.685502661525829
0.252652298862784	0.685799194788876
0.282680410207356	0.686574459763533
0.292309405557159	0.681996498307057
0.328644914510086	0.671283028239631
0.334600043840380	0.678103166391838
0.374413617709903	0.677228011814232
0.379638922696125	0.678621083583569
0.414946964257255	0.686380061961954
0.442339333948293	0.672875278656678
0.462209723242038	0.688805125224281
0.485047446744036	0.675187505969899
0.491435296321881	0.679381194724040
0.525004485951246	0.675905991632366
0.551423151893614	0.680385979578610
0.565883390618202	0.672934811894896
0.580876155658829	0.667675812216711
0.613010146358079	0.670150589488430
0.642091320806359	0.686293196900040
0.655386207213896	0.679425828570573
0.670372526881424	0.683221258304522
0.691262008555579	0.669073533132819
0.730318318016953	0.679853172168722
0.742174513593512	0.669294900835793
0.775096962993547	0.679085128912489
0.791183551579938	0.683155124193378
0.810037000324430	0.687175558605350
0.834055307846581	0.686738729445384
0.847249421690106	0.681250582085179
0.881245135653847	0.668290356288318
0.895712027757258	0.686396374294161
0.920021767052309	0.686155601559191
0.944590963182695	0.673269965702964
0.959889281567988	0.675313375255865
0.994674772680015	0.685187236172217
0.008629162218361	0.707283244586383
0.033810632264663	0.708525692412235
0.059932645620866	0.711036902102107
0.088761962199968	0.697427829786433
0.093495839457583	0.689932581223790
0.115241506924366	0.699689194453911
0.149463724478075	0.696224265340354
0.158610003975207	0.699100694155836
0.190393584452195	0.690462363816957
0.217420735322891	0.704075319375239
0.230639552373536	0.691546589028088
0.258987405744352	0.706334091395890
0.280762534565987	0.699335555641550
0.293287167285248	0.702118587641849
0.317380219213055	0.710823730094705
0.341183148869589	0.700942372766336
0.362866305670230	0.704523301050603
0.397694798584284	0.692721043052009
0.407489040288748	0.702294300830836
0.430201255169796	0.690574128031088
0.453727461932733	0.694634445100912
0.470514473506214	0.710186459879279
0.511043694434258	0.699374300600919
0.532872638499464	0.699462795529079
0.537781025589341	0.696712657531682
0.558914332102938	0.711097846940778
0.580818933895980	0.708022190665935
0.604679716291582	0.704828011739778
0.625879052696152	0.694272012078525
0.644891584064502	0.708321341514559
0.675453984423827	0.690645902645666
0.694905968544750	0.700553320656245
0.727147185899326	0.692734266709811
0.742732434815122	0.698636559549298
0.757043554644550	0.705538199049054
0.793368720737708	0.706280876586331
0.810134153442954	0.697063302147139
0.842167681910395	0.705572433732195
0.864591566534851	0.708542566430260
0.880568846918568	0.703029829406678
0.890149234204536	0.691689788514573
0.925069154926411	0.695051563020368
0.945388697240618	0.694850692945989
0.965493610984787	0.703146936483896
0.981485220552768	0.697215208821902
0.013795466682878	0.718188103657415
0.040853942221022	0.721412636621460
0.063719316788573	0.721506617800166
0.067459049132941	0.713384391248962
0.097531108999981	0.722720637589085
0.129997616979655	0.732702350890531
0.148596774769568	0.723045169119915
0.171509082018904	0.730906462182450
0.182240080141156	0.713489872626479
0.205575634188593	0.716255120121933
0.226095685622418	0.724485335403856
0.255826532020711	0.729527196639056
0.266788346222113	0.711165622140604
0.304834090311481	0.717783463251157
0.328563342035362	0.733275912200191
0.349839843016650	0.732387796996148
0.369295392825052	0.717268480289505
0.391154684041533	0.715402500792888
0.419851395326839	0.725503249288680
0.431041115182953	0.732433130457374
0.453021132280564	0.732447759905210
0.476519976894906	0.722343541317027
0.490896879214640	0.732188942355562
0.520749571771639	0.729265327435075
0.550120589798086	0.729228276339335
0.557329888999254	0.714773235232905
0.577996594696874	0.719995939728493
0.616262220765835	0.727349783323554
0.643924812920684	0.731032645070597
0.658969038588583	0.715029177370669
0.685884687784981	0.725044694639261
0.704101970324523	0.726524517140318
0.711519313117377	0.726569179609499
0.735073328872306	0.722524914453394
0.759867680560146	0.713958283255747
0.799200466228463	0.721277085885496
0.812885595545482	0.728560031157738
0.829586903204166	0.717818431154213
0.861363990112112	0.722717338989397
0.886159380514367	0.726459993989573
0.903446213485337	0.722709417754587
0.920592459660782	0.721092993178556
0.934620975832651	0.719675915291871
0.957652621654661	0.726355852723153
0.992559315050358	0.716907571360991
0.001580987881409	0.743401183298960
0.042477152366768	0.751368013649411
0.065578117324821	0.740812954623959
0.072124171387640	0.733631537445994
0.093224292290889	0.739700845925378
0.115205482472067	0.749339742744964
0.155060902113601	0.741127506479780
0.156854271490636	0.750235992767127
0.198494034549906	0.733659338645920
0.201101664298781	0.739758914943418
0.239780662471584	0.741854052604608
0.263479778568243	0.740647292200937
0.269584060202308	0.739946186383656
0.300528962969800	0.739328631387557
0.311793496832410	0.749228472504327
0.350526400038629	0.754208485911183
0.358419783921130	0.750667625793877
0.378136432776311	0.752762875632871
0.419687845236549	0.752323501934062
0.440671815753346	0.739081474100026
0.462425530902675	0.747982473783501
0.478237065313387	0.741823456697073
0.495144587663528	0.734160614200129
0.532336093309207	0.754676128618421
0.544904592304805	0.746390151571832
0.569613022681287	0.741955112885208
0.580144037343078	0.746073830399731
0.614658723826725	0.736341513787165
0.630974308258512	0.742855267332393
0.654877532493269	0.743497212243874
0.682838064798090	0.755170163222395
0.693172368785950	0.747709998191681
0.722034249705633	0.751251004138580
0.741117582296075	0.747708675072047
0.759026120981596	0.735853135306975
0.780740435230718	0.743758667480144
0.802531037273268	0.738073210527982
0.837140044190566	0.739835581272906
0.847752167254215	0.740096763714446
0.877275654008599	0.749554260948104
0.907423658155909	0.740131333984155
0.932071446176945	0.737554159388929
0.952763632254853	0.747135737386331
0.966110306158015	0.735509373165346
0.985399087313268	0.743266411231453
0.010821205090353	0.760893680461787
0.023841676111193	0.771165019805142
0.056428609563551	0.768977478232462
0.084905366583110	0.757514611016380
0.105951364714900	0.759299308212518
0.118157105992843	0.763662300793686
0.141242958684741	0.773553400340852
0.167991406928746	0.767325877188858
0.198796280421450	0.776504104889426
0.213196375948449	0.776334524940777
0.229048319928282	0.756221962052863
0.258379052106638	0.766495766777816
0.276454436051765	0.775325658352889
0.297192969645962	0.764075850045430
0.319910395281989	0.765427470576868
0.348586616099535	0.776065340032402
0.368915511494923	0.761651086994935
0.393664441830556	0.759475208592168
0.403400523314630	0.761040368170409
0.440715703579453	0.768738559791783
0.447414602169217	0.769846055918699
0.482642592622789	0.768294949889459
0.507967510942880	0.773560427340421
0.519682077848175	0.776067239516534
0.546386225317643	0.768088263043326
0.570168606562631	0.757249167406705
0.579694846914493	0.763789327749830
0.612014026699487	0.759930902901607
0.643589207829915	0.755788962589631
0.660778575042547	0.774515616955097
0.669278682737909	0.762349319935599
0.705353886601727	0.776681100400944
0.727995383836535	0.772586417352193
0.746179824977379	0.773243013711418
0.765051959865971	0.762152972037681
0.779816102278376	0.766309607134945
0.808032013757162	0.775611843142361
0.824062147498973	0.762263157013296
0.848290591123892	0.768270044554295
0.877344440598871	0.768743961814550
0.908886715888252	0.767260701160292
0.930875861297514	0.767254824209578
0.941896777783134	0.767310750099152
0.972936341046367	0.767332275706084
0.990618367077047	0.768516841068156
0.003781209617906	0.791922459464916
0.024357410877819	0.780064750939312
0.061086292413523	0.792897383442771
0.084338225925110	0.784853355065601
0.105261365447073	0.783485688156639
0.132316347837418	0.790162833389709
0.144905903224113	0.792238951343271
0.158105194460573	0.789101900504434
0.180573016700675	0.792184593909567
0.212888786272146	0.799621741509805
0.235183868860325	0.789440729642519
0.245307628324249	0.786957459453975
0.287163965683029	0.799145127568816
0.310420073403092	0.784679473850206
0.327616800226803	0.780420190039603
0.345890510023080	0.798447654996120
0.369944892133728	0.791574493560841
0.388746225686400	0.789092145826611
0.401920673831089	0.798173869675014
0.434335626188589	0.786461984492377
0.455059850647827	0.789088173772048
0.471375419340261	0.790305279513840
0.503857761593916	0.782844024535620
0.529650830342094	0.793346038169437
0.541650621574239	0.791435382564938
0.575895471601412	0.785286176610003
0.597920062589078	0.794956434449662
0.619494836709551	0.783157032191350
0.625683731777986	0.782818498494656
0.647900703322533	0.797122507376133
0.673450780185484	0.798474953307726
0.691479191872791	0.795550262430268
0.717488352914480	0.794543946564169
0.751494917551973	0.794048082449433
0.761418919815081	0.798154487020631
0.780956978015307	0.778103793997187
0.819497464379282	0.779834599457125
0.831989297987063	0.781012477115964
0.859497870332445	0.783096686974371
0.868282807261749	0.791313259549900
0.901844961789038	0.790132722075180
0.919647146597836	0.780997063680784
0.954661105040046	0.796436335461212
0.957261977531413	0.799492118414373
0.989318412596770	0.799542391915803
0.004919475225014	0.804981492129797
0.029367545693707	0.813067829937923
0.049592905580747	0.821003717633922
0.071301401045425	0.818559076496478
0.103990519076170	0.819888919192961
0.126242255966287	0.810621388321111
0.148849288067357	0.822120680106366
0.177684718401460	0.815483704404371
0.181713495187136	0.806662817699316
0.207891242497679	0.815054397045311
0.241791528493790	0.802831344120864
0.253266987713659	0.809447505663590
0.283078379736274	0.800382799049929
0.299065666534306	0.821606798971756
0.313691016959834	0.818650713205127
0.335405170767947	0.807375207131169
0.361059183742477	0.803564070233249
0.377956730355033	0.807145215639853
0.412984519837757	0.809606469031591
0.444193087637159	0.811791793937539
0.445609124625994	0.813545516819432
0.488614473605672	0.821667148017506
0.505730087127732	0.817688624414905
0.523901285296180	0.815537153788217
0.538234503485576	0.814081868144547
0.557063195973779	0.818151323739526
0.594848244139346	0.800798017190334
0.600607503324682	0.814212967805355
0.633135377142222	0.810604328193791
0.660967128986408	0.821822921367683
0.679072170847190	0.818896604199223
0.699046104993553	0.808696259208393
0.713298742835816	0.807132121503151
0.749149529660285	0.805003812698157
0.772497364225499	0.814611950897806
0.798323437928142	0.818909920244224
0.816516556848168	0.813096252433487
0.834568560348801	0.812325740918903
0.860446658123699	0.800990325642152
0.869526078325017	0.801338413021735
0.892771209094336	0.807325982283437
0.915844421105320	0.820098077883035
0.954581377220424	0.817087832459398
0.968697153743726	0.813527668606949
0.984091771297178	0.819541395713675
0.009487134510170	0.836419952353664
0.035489906911826	0.829266932059892
0.053278648607006	0.829940071553754
0.086166117282778	0.825794771340369
0.095175390495416	0.830684453416516
0.111387751065259	0.844283814200473
0.135166766722596	0.838508790440303
0.171444372551904	0.825724566200943
0.190611279546684	0.837984688335354
0.210572322703669	0.826974052766203
0.239704853610791	0.837362019472866
0.262234334677668	0.841766149793231
0.274896797074059	0.839850698643226
0.296755016834961	0.838232000279346
0.320449643951635	0.838266723808533
0.337208569506051	0.829885075641511
0.362856921777794	0.823300154538455
0.379735521305187	0.822348558804464
0.402706070472599	0.827416660389520
0.435539755962992	0.834730677459611
0.454193233944055	0.830333643460258
0.486040624799578	0.836409403024854
0.511033327406668	0.836167471434857
0.530870297048702	0.822442951907145
0.539364042765727	0.841504324971945
0.562915720331851	0.822346033445692
0.581534016624761	0.840329727488129
0.613121063648156	0.842747509246297
0.623369652209036	0.826744979031195
0.665021492830198	0.843640884415370
0.680981921847724	0.825075590471470
0.703553318540979	0.830959387249795
0.733025096041182	0.826166140987525
0.752904442469490	0.842687719966807
0.774630047519890	0.830207894573606
0.779731018919332	0.830793941731801
0.818983006968133	0.829772298189810
0.841698693483429	0.838655520477537
0.850926115153211	0.835310898450043
0.871515900989468	0.830329373170336
0.895210076218080	0.829544522040676
0.927633641255313	0.835673423952761
0.945078099573489	0.831332516863787
0.969456213814235	0.831184327185378
0.999492947845084	0.823118551851769
0.008202058518559	0.858788386735680
0.037191123244630	0.854381374742873
0.045904947636575	0.849787996156971
0.067755246260974	0.848425854655496
0.106629949915732	0.856996234369593
0.121503230554091	0.866546469093790
0.147423054286351	0.858613013732959
0.159530262065321	0.863291697079151
0.180660376419053	0.845165917101588
0.217863568005482	0.862146364109987
0.243810408106961	0.850688928537904
0.252932319698969	0.845176328553264
0.270860141361488	0.847995313775207
0.301210015989190	0.849094250390561
0.330548424262733	0.845963866507160
0.354983395943285	0.858316320763612
0.369122538827414	0.847693641494888
0.385049301780798	0.863866674501004
0.403139371078985	0.865125259415198
0.423126748375184	0.865403944729637
0.456426586529132	0.845063629581013
0.475713263148893	0.855473579236080
0.489145710748784	0.850223932028542
0.520794551138848	0.848980625590538
0.542505447480687	0.852461877265328
0.574658936509757	0.849599560599733
0.589281792470552	0.852810444503694
0.603526226654435	0.851479781756988
0.622498223107993	0.860287477560926
0.657722449647250	0.845558145383839
0.671312110163318	0.864376543865316
0.696326454497743	0.847891415496021
0.723818501889974	0.858068754713429
0.737500801062561	0.863434440202052
0.771364963881006	0.856686139006120
0.796918053132696	0.844639548897375
0.813346855345496	0.856168869037014
0.838524410406612	0.862255745561180
0.853843871211338	0.856304004879118
0.888315635495168	0.857485192272123
0.896661508017891	0.855220009844362
0.924785446684059	0.856097916475003
0.941630323067584	0.865113629074406
0.971591612653815	0.846370061471886
0.981713927129372	0.854693903429750
0.004448687218958	0.882781765732734
0.037146660973585	0.876430825932776
0.062273998060793	0.870925385480083
0.081531906245219	0.874476254826367
0.103802843447108	0.873815423127686
0.132790879661919	0.884074519216514
0.155283839772910	0.883529636930047
0.166711455596518	0.874022808351921
0.192548345762329	0.875024066675952
0.210770654318671	0.870882156875138
0.235175772976663	0.870402468343411
0.249291213747829	0.879453829539192
0.278265160992338	0.888766360344958
0.294543672975228	0.878439436384838
0.319549458874285	0.880397682376299
0.348910572709417	0.884769295506876
0.362637816045220	0.873366851200771
0.392107218859121	0.881433860578184
0.415043145416496	0.870858647359683
0.440461532558525	0.880648830484543
0.446956025183579	0.878518306011403
0.469424313017706	0.871816020335959
0.494715793856431	0.876173015753365
0.520980004627072	0.871006828537187
0.541503677860563	0.885187236808620
0.563486274276740	0.887498124812716
0.585257316315219	0.881342698192123
0.606736361086902	0.888046601507617
0.635431149889583	0.887544519086573
0.648252204651279	0.876902912652641
0.676216105880991	0.870176488011858
0.694028589249647	0.888332180828761
0.715001382684827	0.874619164676705
0.738922264107459	0.867049902134354
0.774803131352418	0.879928957208354
0.780928150192637	0.876763786574486
0.801514534864720	0.887128323678345
0.843841290732498	0.870938727938427
0.860858230451839	0.870036215061692
0.869933338464067	0.888404660764969
0.900311959635849	0.884942924877124
0.914029481288518	0.872770686516304
0.947332528940453	0.876917864731313
0.960537374057001	0.880647273908210
0.995454906371088	0.878563061095440
0.002137546790227	0.894616397544006
0.039269936797557	0.910592952313609
0.058446014065244	0.908419924109755
0.066714660104168	0.894091717817273
0.104327317962085	0.896384157190396
0.122472189172850	0.900232393535219
0.150246156114470	0.909326540072964
0.163794203166595	0.897423056960023
0.186692133134030	0.905338783415967
0.216252887796049	0.900043428515922
0.222962130973702	0.906445384857504
0.262233207187514	0.890187245711159
0.284911291662505	0.904946361630754
0.305343429003017	0.909481592263854
0.332809030062707	0.908947907682626
0.338943966805379	0.899218074214049
0.356651484268041	0.901208424410650
0.390020763012844	0.896518122861903
0.410524449303299	0.890124600324033
0.443372762979069	0.895673217263825
0.445913514562500	0.890205784157846
0.483641073975732	0.896704719843507
0.496867373194334	0.897038935871830
0.517067918917516	0.905350929569768
0.544146571176368	0.910505337930247
0.575705423583311	0.899669616542576
0.577863525816570	0.908002681325811
0.612460392923408	0.893707262161792
0.634397511818280	0.901330022620243
0.648313522251810	0.892946129334587
0.674910229968999	0.906797473861142
0.703601425692967	0.900195923108757
0.716645570483520	0.908077658220626
0.737308015747714	0.889443207004547
0.764509527754675	0.906931034386633
0.783892192444635	0.906618606292942
0.803558435938632	0.898060557300084
0.824433179495129	0.890703964477000
0.857900015764588	0.892464842265270
0.872448099473182	0.903094992484687
0.902429050443121	0.891432287063421
0.913670632057488	0.904185178522478
0.954357347869967	0.907879393309016
0.955972959541089	0.903817044998787
0.987512764766388	0.889825082477400
0.011883699224096	0.913527798192724
0.034042367341886	0.923750172128946
0.055359748453374	0.919752645753266
0.082423776950631	0.922241014875993
0.091888802638976	0.924447788565110
0.117158738157775	0.930229797322201
0.136248227116399	0.931508931242953
0.158413060982860	0.927319935350831
0.189252041464032	0.911429654289525
0.221279658309689	0.924126324940192
0.226474941310739	0.923589541579708
0.260429273326981	0.924843642465449
0.286089206781207	0.923030325110879
0.299817417440376	0.912332515098025
0.319071507926607	0.920559660735567
0.351529165175323	0.920975372833944
0.359224706247475	0.911330803385469
0.383044823053381	0.922926135726126
0.405604290384035	0.931320650704357
0.435528978765419	0.929062730683468
0.445288943980707	0.912974905367961
0.484148394211851	0.927125896382666
0.500888952657063	0.912447312236557
0.519010049934372	0.913463390324192
0.534970812567167	0.917340483621385
0.566715316301120	0.914324962746893
0.586937310471159	0.913789060878053
0.618861179099567	0.924985246301444
0.628658551574217	0.931756787068982
0.655820954774775	0.931878772729462
0.678145554690294	0.918697742001989
0.694942953635589	0.932073531444409
0.726233846371789	0.912033239845401
0.746411296924931	0.925344604981445
0.766251730559194	0.920350092537783
0.790677585062573	0.926604506542581
0.817824466561702	0.932783804068007
0.831919792457155	0.912739362857787
0.856339697604664	0.924475902420372
0.878419250785523	0.915789733533285
0.903019211087562	0.916474104798095
0.918474084782162	0.920032087565511
0.941458786637862	0.926323768950195
0.965826237674917	0.917647036083737
0.980067159918980	0.922325840998569
0.018732012284935	0.940911247381221
0.044325108008638	0.951633351522930
0.062014391970669	0.945051828169198
0.071863057594921	0.954974527491328
0.097065763689619	0.951087313491018
0.120682719496962	0.933787424132955
0.134711671848585	0.951383205802347
0.166615105764411	0.933406438461212
0.186339402997583	0.944012901505044
0.203805528080149	0.954393813365593
0.233732899369041	0.942051464078080
0.248502261156333	0.952637103023363
0.288172882251896	0.940071828778746
0.289406737799152	0.934068421791996
0.313620826675003	0.949849754699937
0.346174125407397	0.939947424235535
0.359025692552515	0.946182151405649
0.378136387343291	0.935740970510308
0.421074375385772	0.936709219621660
0.437427553677746	0.940533225022691
0.461929869009114	0.946886062687314
0.474786268347281	0.953429312558557
0.495537584726695	0.943304542744163
0.526445551525440	0.938334372521818
0.539261897240801	0.941337526441449
0.563104522023038	0.944500156991300
0.594195660755963	0.942243984716225
0.609735664443000	0.942509101048800
0.644242817137550	0.947730741518694
0.665496581896039	0.944188627680808
0.686092940862157	0.934081171147906
0.701406472944982	0.938841504465208
0.718471949135322	0.949701082730958
0.748005081664876	0.934162819799643
0.775522067179999	0.944528940633062
0.779225718763270	0.940908476049809
0.812209530136183	0.943517722098665
0.841322237909562	0.933972679415039
0.849051346418796	0.952343081697695
0.884648689683574	0.935115065125956
0.902802162455116	0.940076487155959
0.917193205283508	0.943309682553059
0.942069568186963	0.951897956983680
0.975128314203690	0.935820835446483
0.994075263678269	0.948426751945991
0.013118933935910	0.964408430485047
0.028154460828477	0.961091908420587
0.050519137655040	0.959515050225261
0.069096008605993	0.957436836826950
0.096089150002868	0.970151885498816
0.132637156395907	0.971852327990518
0.150512883924843	0.965039692319447
0.163533223158364	0.963510132531108
0.183182544076211	0.976319113766642
0.218351537184923	0.972650269940337
0.238709428915453	0.973320576987330
0.254467379640431	0.957001946266663
0.274102995784408	0.966395294911993
0.303386093627726	0.959462190679046
0.322675674095752	0.958103899384097
0.345151781200389	0.976422525486697
0.363498235826885	0.959921952431176
0.389135424278010	0.975550453566117
0.421587948852795	0.971298512090559
0.443048159467352	0.960662298749045
0.456903485351349	0.961773742064212
0.480099086476927	0.959676853532103
0.495822408584837	0.966383778254643
0.527316480128556	0.974327140740454
0.544057733764678	0.965119980717649
0.559663968823979	0.959931845094786
0.594354788761099	0.970864098988312
0.617374205893433	0.956857123008922
0.625372112470688	0.959241087911474
0.659594529958658	0.975136389515472
0.681281525044897	0.963461311566932
0.697844574731894	0.975357920686254
0.715303910234884	0.976523670605609
0.746535666859161	0.960544743907454
0.763741329971330	0.955963066836086
0.790168778621890	0.958407739535017
0.801946237161174	0.963477508151265
0.832396657689670	0.958471800842898
0.860301850129300	0.974182055248145
0.885890011447301	0.966735335850794
0.888916760615804	0.972396784046861
0.931186138563807	0.964621070464079
0.951628425230082	0.967252559341730
0.958036244480103	0.963146385795445
0.997544146551075	0.971415096654421
0.006576405167041	0.989980759277884
0.043985202380660	0.981870469348423
0.054273053416166	0.978884081666926
0.074404232893906	0.987627365504512
0.090721689522072	0.987860425031091
0.129349829234911	0.998802116036964
0.155403472690083	0.989732642221047
0.159206645388178	0.987522678969420
0.181066790301498	0.998809764430478
0.211570301892653	0.993832311369078
0.224010115225905	0.991108805363377
0.246802581469560	0.982235371627745
0.271774555950890	0.981265395927124
0.298770669901768	0.978506626913287
0.321339827545506	0.985692909289339
0.352975956603491	0.980647908591609
0.358738872818355	0.978086649103990
0.389977491349753	0.988406141611842
0.417575357082356	0.993840415546685
0.422386260082363	0.982886694766115
0.445080980886336	0.993595849183035
0.473076662665898	0.997801780156900
0.495889469123937	0.981392432734591
0.532755893618769	0.989029009673881
0.539120992802189	0.980682837353247
0.577151226754051	0.999646294608423
0.594563249554254	0.988183400978998
0.621952732388488	0.998608860010992
0.637053896847219	0.997721352826067
0.645369501122385	0.988283656674503
0.679918726567781	0.988857954453359
0.700007858373123	0.994466050071388
0.729344488379341	0.992074098632792
0.734168616491047	0.985688972573293
0.771342549735424	0.997867906988206
0.795668232853861	0.987773677362387
0.816775014001850	0.999987401683915
0.831477802854324	0.979941313817773
0.847552085647876	0.999299697474310
0.882968487832352	0.999455157098130
0.897359934523604	0.997345603215408
0.916709358272308	0.999179050088152
0.951650700893172	0.999520454374548
0.966746253657380	0.983005437230253
0.978865369694147	0.992907315046013
