0	0	2	6	11	9	9	15	15	2	13	4	4	11	6	13	5	5	7	3	14	12	12	10	10	7	8	1	1	14	3	8	1280	5690
0	0	3	8	2	12	1	4	7	5	4	13	5	9	6	1	12	11	15	3	14	7	13	15	11	14	8	6	9	2	10	10	1289	4101
0	0	6	2	9	1	15	3	8	10	14	8	1	11	7	9	12	13	10	15	5	12	3	14	4	7	2	5	13	6	11	4	1340	4943
0	0	8	4	2	8	10	12	3	6	11	2	1	14	9	10	7	13	15	9	5	5	13	1	4	11	12	15	6	3	14	7	1892	5503
0	0	8	8	12	12	4	4	6	14	14	6	10	2	2	10	9	15	1	7	5	3	13	11	15	1	7	9	3	13	11	5	809	1626
0	0	15	1	8	9	7	8	12	4	3	5	4	13	11	12	6	2	9	3	14	11	1	10	10	6	5	7	2	15	13	14	5390	5171
0	1	3	9	2	13	1	5	7	4	4	12	5	8	6	0	12	10	15	2	14	6	13	14	11	15	8	7	9	3	10	11	5385	4096
0	1	6	3	9	0	15	2	8	11	14	9	1	10	7	8	12	12	10	14	5	13	3	15	4	6	2	4	13	7	11	5	1302	584
0	1	8	5	2	9	10	13	3	7	11	3	1	15	9	11	7	12	15	8	5	4	13	0	4	10	12	14	6	2	14	6	1562	1318
0	2	3	10	2	14	1	6	7	7	4	15	5	11	6	3	12	9	15	1	14	5	13	13	11	12	8	4	9	0	10	8	1280	4106
0	2	6	0	9	3	15	1	8	8	14	10	1	9	7	11	12	15	10	13	5	14	3	12	4	5	2	7	13	4	11	6	1869	952
0	2	8	6	2	10	10	14	3	4	11	0	1	12	9	8	7	15	15	11	5	7	13	3	4	9	12	13	6	1	14	5	269	5565
0	3	3	11	2	15	1	7	7	6	4	14	5	10	6	2	12	8	15	0	14	4	13	12	11	13	8	5	9	1	10	9	5376	0
0	3	6	1	9	2	15	0	8	9	14	11	1	8	7	10	12	14	10	12	5	15	3	13	4	4	2	6	13	5	11	7	528	793
0	3	8	7	2	11	10	15	3	5	11	1	1	13	9	9	7	14	15	10	5	6	13	2	4	8	12	12	6	0	14	4	269	5378
0	4	2	2	11	13	9	11	15	6	13	0	4	15	6	9	5	1	7	7	14	8	12	14	10	3	8	5	1	10	3	12	1365	665
0	4	3	12	2	8	1	0	7	1	4	9	5	13	6	5	12	15	15	7	14	3	13	11	11	10	8	2	9	6	10	14	1280	85
0	4	6	6	9	5	15	7	8	14	14	12	1	15	7	13	12	9	10	11	5	8	3	10	4	3	2	1	13	2	11	0	1136	4935
0	4	8	0	2	12	10	8	3	2	11	6	1	10	9	14	7	9	15	13	5	1	13	5	4	15	12	11	6	7	14	3	1636	2586
0	5	3	13	2	9	1	1	7	0	4	8	5	12	6	4	12	14	15	6	14	2	13	10	11	11	8	3	9	7	10	15	1280	10
0	5	6	7	9	4	15	6	8	15	14	13	1	14	7	12	12	8	10	10	5	9	3	11	4	2	2	0	13	3	11	1	893	853
0	5	8	1	2	13	10	9	3	3	11	7	1	11	9	15	7	8	15	12	5	0	13	4	4	14	12	10	6	6	14	2	1551	665
0	6	3	14	2	10	1	2	7	3	4	11	5	15	6	7	12	13	15	5	14	1	13	9	11	8	8	0	9	4	10	12	1280	10
0	6	6	4	9	7	15	5	8	12	14	14	1	13	7	15	12	11	10	9	5	10	3	8	4	1	2	3	13	0	11	2	768	165
0	6	8	2	2	14	10	10	3	0	11	4	1	8	9	12	7	11	15	15	5	3	13	7	4	13	12	9	6	5	14	1	1626	2598
0	7	3	15	2	11	1	3	7	2	4	10	5	14	6	6	12	12	15	4	14	0	13	8	11	9	8	1	9	5	10	13	1280	4266
0	7	6	5	9	6	15	4	8	13	14	15	1	12	7	14	12	10	10	8	5	11	3	9	4	0	2	2	13	1	11	3	4615	868
0	7	8	3	2	15	10	11	3	1	11	5	1	9	9	13	7	10	15	14	5	2	13	6	4	12	12	8	6	4	14	0	1561	2724
0	8	2	14	11	1	9	7	15	10	13	12	4	3	6	5	5	13	7	11	14	4	12	2	10	15	8	9	1	6	3	0	1571	1445
0	8	3	0	2	4	1	12	7	13	4	5	5	1	6	9	12	3	15	11	14	15	13	7	11	6	8	14	9	10	10	2	1280	8277
0	8	6	10	9	9	15	11	8	2	14	0	1	3	7	1	12	5	10	7	5	4	3	6	4	15	2	13	13	14	11	12	4615	3110
0	8	8	12	2	0	10	4	3	14	11	10	1	6	9	2	7	5	15	1	5	13	13	9	4	3	12	7	6	11	14	15	1561	9701
0	9	3	1	2	5	1	13	7	12	4	4	5	0	6	8	12	2	15	10	14	14	13	6	11	7	8	15	9	11	10	3	1280	8352
0	9	6	11	9	8	15	10	8	3	14	1	1	2	7	0	12	4	10	6	5	5	3	7	4	14	2	12	13	15	11	13	1325	11636
0	9	8	13	2	1	10	5	3	15	11	11	1	7	9	3	7	4	15	0	5	12	13	8	4	2	12	6	6	10	14	14	1892	9472
0	10	3	2	2	6	1	14	7	15	4	7	5	3	6	11	12	1	15	9	14	13	13	5	11	4	8	12	9	8	10	0	5376	0
0	10	6	8	9	11	15	9	8	0	14	2	1	1	7	3	12	7	10	5	5	6	3	4	4	13	2	15	13	12	11	14	1612	11403
0	10	8	14	2	2	10	6	3	12	11	8	1	4	9	0	7	7	15	3	5	15	13	11	4	1	12	5	6	9	14	13	1551	1177
0	11	3	3	2	7	1	15	7	14	4	6	5	2	6	10	12	0	15	8	14	12	13	4	11	5	8	13	9	9	10	1	1280	170
0	11	6	9	9	10	15	8	8	1	14	3	1	0	7	2	12	6	10	4	5	7	3	5	4	12	2	14	13	13	11	15	1039	11490
0	11	8	15	2	3	10	7	3	13	11	9	1	5	9	1	7	6	15	2	5	14	13	10	4	0	12	4	6	8	14	12	1548	1434
0	12	2	10	11	5	9	3	15	14	13	8	4	7	6	1	5	9	7	15	14	0	12	6	10	11	8	13	1	2	3	4	5444	1177
0	12	3	4	2	0	1	8	7	9	4	1	5	5	6	13	12	7	15	15	14	11	13	3	11	2	8	10	9	14	10	6	5376	0
0	12	6	14	9	13	15	15	8	6	14	4	1	7	7	5	12	1	10	3	5	0	3	2	4	11	2	9	13	10	11	8	1319	3092
0	12	8	8	2	4	10	0	3	10	11	14	1	2	9	6	7	1	15	5	5	9	13	13	4	7	12	3	6	15	14	11	1904	10941
0	13	3	5	2	1	1	9	7	8	4	0	5	4	6	12	12	6	15	14	14	10	13	2	11	3	8	11	9	15	10	7	1280	8197
0	13	6	15	9	12	15	14	8	7	14	5	1	6	7	4	12	0	10	2	5	1	3	3	4	10	2	8	13	11	11	9	1353	716
0	13	8	9	2	5	10	1	3	11	11	15	1	3	9	7	7	0	15	4	5	8	13	12	4	6	12	2	6	14	14	10	1551	1177
0	14	3	6	2	2	1	10	7	11	4	3	5	7	6	15	12	5	15	13	14	9	13	1	11	0	8	8	9	12	10	4	1289	8202
0	14	6	12	9	15	15	13	8	4	14	6	1	5	7	7	12	3	10	1	5	2	3	0	4	9	2	11	13	8	11	10	768	90
0	14	8	10	2	6	10	2	3	8	11	12	1	0	9	4	7	3	15	7	5	11	13	15	4	5	12	1	6	13	14	9	1562	10884
0	15	3	7	2	3	1	11	7	10	4	2	5	6	6	14	12	4	15	12	14	8	13	0	11	1	8	9	9	13	10	5	5385	8192
0	15	6	13	9	14	15	12	8	5	14	7	1	4	7	6	12	2	10	0	5	3	3	1	4	8	2	10	13	9	11	11	527	132
0	15	8	11	2	7	10	3	3	9	11	13	1	1	9	5	7	2	15	6	5	10	13	14	4	4	12	0	6	12	14	8	1562	2714
1	0	2	8	3	12	0	4	6	5	5	13	4	9	7	1	13	11	14	3	15	7	12	15	10	14	9	6	8	2	11	10	1280	85
1	0	7	2	8	1	14	3	9	10	15	8	0	11	6	9	13	13	11	15	4	12	2	14	5	7	3	5	12	6	10	4	623	814
1	0	9	4	3	8	11	12	2	6	10	2	0	14	8	10	6	13	14	9	4	5	12	1	5	11	13	15	7	3	15	7	281	5376
1	1	2	9	3	13	0	5	6	4	5	12	4	8	7	0	13	10	14	2	15	6	12	14	10	15	9	7	8	3	11	11	1382	4106
1	1	7	3	8	0	14	2	9	11	15	9	0	10	6	8	13	12	11	14	4	13	2	15	5	6	3	4	12	7	10	5	1579	884
1	1	9	5	3	9	11	13	2	7	10	3	0	15	8	11	6	12	14	8	4	4	12	0	5	10	13	14	7	2	15	6	1892	5376
1	1	14	0	9	8	6	9	13	5	2	4	5	12	10	13	7	3	8	2	15	10	0	11	11	7	4	6	3	14	12	15	5489	5175
1	2	2	10	3	14	0	6	6	7	5	15	4	11	7	3	13	9	14	1	15	5	12	13	10	12	9	4	8	0	11	8	1376	4096
1	2	7	0	8	3	14	1	9	8	15	10	0	9	6	11	13	15	11	13	4	14	2	12	5	5	3	7	12	4	10	6	893	938
1	2	9	6	3	10	11	14	2	4	10	0	0	12	8	8	6	15	14	11	4	7	12	3	5	9	13	13	7	1	15	5	1906	5504
1	3	2	11	3	15	0	7	6	6	5	14	4	10	7	2	13	8	14	0	15	4	12	12	10	13	9	5	8	1	11	9	1280	4266
1	3	7	1	8	2	14	0	9	9	15	11	0	8	6	10	13	14	11	12	4	15	2	13	5	4	3	6	12	5	10	7	4630	913
1	3	9	7	3	11	11	15	2	5	10	1	0	13	8	9	6	14	14	10	4	6	12	2	5	8	13	12	7	0	15	4	1614	1317
1	4	2	12	3	8	0	0	6	1	5	9	4	13	7	5	13	15	14	7	15	3	12	11	10	10	9	2	8	6	11	14	1289	4101
1	4	7	6	8	5	14	7	9	14	15	12	0	15	6	13	13	9	11	11	4	8	2	10	5	3	3	1	12	2	10	0	1032	4935
1	4	9	0	3	12	11	8	2	2	10	6	0	10	8	14	6	9	14	13	4	1	12	5	5	15	13	11	7	7	15	3	1562	2586
1	4	14	5	9	13	6	12	13	0	2	1	5	9	10	8	7	6	8	7	15	15	0	14	11	2	4	3	3	11	12	10	1136	841
1	5	2	13	3	9	0	1	6	0	5	8	4	12	7	4	13	14	14	6	15	2	12	10	10	11	9	3	8	7	11	15	5385	4096
1	5	7	7	8	4	14	6	9	15	15	13	0	14	6	12	13	8	11	10	4	9	2	11	5	2	3	0	12	3	10	1	768	90
1	5	9	1	3	13	11	9	2	3	10	7	0	11	8	15	6	8	14	12	4	0	12	4	5	14	13	10	7	6	15	2	1626	2712
1	6	2	14	3	10	0	2	6	3	5	11	4	15	7	7	13	13	14	5	15	1	12	9	10	8	9	0	8	4	11	12	1280	4106
1	6	7	4	8	7	14	5	9	12	15	14	0	13	6	15	13	11	11	9	4	10	2	8	5	1	3	3	12	0	10	2	1345	4943
1	6	9	2	3	14	11	10	2	0	10	4	0	8	8	12	6	11	14	15	4	3	12	7	5	13	13	9	7	5	15	1	1551	2918
1	7	2	15	3	11	0	3	6	2	5	10	4	14	7	6	13	12	14	4	15	0	12	8	10	9	9	1	8	5	11	13	5376	0
1	7	7	5	8	6	14	4	9	13	15	15	0	12	6	14	13	10	11	8	4	11	2	9	5	0	3	2	12	1	10	3	4623	4966
1	7	9	3	3	15	11	11	2	1	10	5	0	9	8	13	6	10	14	14	4	2	12	6	5	12	13	8	7	4	15	0	1548	2661
1	7	14	6	9	14	6	15	13	3	2	2	5	10	10	11	7	5	8	4	15	12	0	13	11	1	4	0	3	8	12	9	1300	4992
1	8	2	0	3	4	0	12	6	13	5	5	4	1	7	9	13	3	14	11	15	15	12	7	10	6	9	14	8	10	11	2	1280	85
1	8	7	10	8	9	14	11	9	2	15	0	0	3	6	1	13	5	11	7	4	4	2	6	5	15	3	13	12	14	10	12	527	11490
1	8	9	12	3	0	11	4	2	14	10	10	0	6	8	2	6	5	14	1	4	13	12	9	5	3	13	7	7	11	15	15	1548	1446
1	8	14	9	9	1	6	0	13	12	2	13	5	5	10	4	7	10	8	11	15	3	0	2	11	14	4	15	3	7	12	6	5912	11297
1	9	2	1	3	5	0	13	6	12	5	4	4	0	7	8	13	2	14	10	15	14	12	6	10	7	9	15	8	11	11	3	1280	8197
1	9	7	11	8	8	14	10	9	3	15	1	0	2	6	0	13	4	11	6	4	5	2	7	5	14	3	12	12	15	10	13	1347	11506
1	9	9	13	3	1	11	5	2	15	10	11	0	7	8	3	6	4	14	0	4	12	12	8	5	2	13	6	7	10	15	14	1572	1344
1	9	14	8	9	0	6	1	13	13	2	12	5	4	10	5	7	11	8	10	15	2	0	3	11	15	4	14	3	6	12	7	875	3237
1	10	2	2	3	6	0	14	6	15	5	7	4	3	7	11	13	1	14	9	15	13	12	5	10	4	9	12	8	8	11	0	5385	8192
1	10	7	8	8	11	14	9	9	0	15	2	0	1	6	3	13	7	11	5	4	6	2	4	5	13	3	15	12	12	10	14	768	90
1	10	9	14	3	2	11	6	2	12	10	8	0	4	8	0	6	7	14	3	4	15	12	11	5	1	13	5	7	9	15	13	1894	1280
1	10	14	11	9	3	6	2	13	14	2	15	5	7	10	6	7	8	8	9	15	1	0	0	11	12	4	13	3	5	12	4	1365	11314
1	11	2	3	3	7	0	15	6	14	5	6	4	2	7	10	13	0	14	8	15	12	12	4	10	5	9	13	8	9	11	1	5385	8192
1	11	7	9	8	10	14	8	9	1	15	3	0	0	6	2	13	6	11	4	4	7	2	5	5	12	3	14	12	13	10	15	4623	11417
1	11	9	15	3	3	11	7	2	13	10	9	0	5	8	1	6	6	14	2	4	14	12	10	5	0	13	4	7	8	15	12	1561	1368
1	11	14	10	9	2	6	3	13	15	2	14	5	6	10	7	7	9	8	8	15	0	0	1	11	13	4	12	3	4	12	5	1301	11281
1	12	2	4	3	0	0	8	6	9	5	1	4	5	7	13	13	7	14	15	15	11	12	3	10	2	9	10	8	14	11	6	1280	8277
1	12	7	14	8	13	14	15	9	6	15	4	0	7	6	5	13	1	11	3	4	0	2	2	5	11	3	9	12	10	10	8	4630	3209
1	12	9	8	3	4	11	0	2	10	10	14	0	2	8	6	6	1	14	5	4	9	12	13	5	7	13	3	7	15	15	11	1904	10940
1	13	2	5	3	1	0	9	6	8	5	0	4	4	7	12	13	6	14	14	15	10	12	2	10	3	9	11	8	15	11	7	5376	8437
1	13	7	15	8	12	14	14	9	7	15	5	0	6	6	4	13	0	11	2	4	1	2	3	5	10	3	8	12	11	10	9	768	165
1	13	9	9	3	5	11	1	2	11	10	15	0	3	8	7	6	0	14	4	4	8	12	12	5	6	13	2	7	14	15	10	1906	10753
1	13	14	12	9	4	6	5	13	9	2	8	5	0	10	1	7	15	8	14	15	6	0	7	11	11	4	10	3	2	12	3	4198	85
1	14	2	6	3	2	0	10	6	11	5	3	4	7	7	15	13	5	14	13	15	9	12	1	10	0	9	8	8	12	11	4	1280	10
1	14	7	12	8	15	14	13	9	4	15	6	0	5	6	7	13	3	11	1	4	2	2	0	5	9	3	11	12	8	10	10	1548	222
1	14	9	10	3	6	11	2	2	8	10	12	0	0	8	4	6	3	14	7	4	11	12	15	5	5	13	1	7	13	15	9	1892	10752
1	15	2	7	3	3	0	11	6	10	5	2	4	6	7	14	13	4	14	12	15	8	12	0	10	1	9	9	8	13	11	5	5376	0
1	15	7	13	8	14	14	12	9	5	15	7	0	4	6	6	13	2	11	0	4	3	2	1	5	8	3	10	12	9	10	11	623	3188
1	15	9	11	3	7	11	3	2	9	10	13	0	1	8	5	6	2	14	6	4	10	12	14	5	4	13	0	7	12	15	8	1817	10878
2	0	1	8	0	12	3	4	5	5	6	13	7	9	4	1	14	11	13	3	12	7	15	15	9	14	10	6	11	2	8	10	1280	85
2	0	4	2	11	1	13	3	10	10	12	8	3	11	5	9	14	13	8	15	7	12	1	14	6	7	0	5	15	6	9	4	1302	4450
2	0	10	4	0	8	8	12	1	6	9	2	3	14	11	10	5	13	13	9	7	5	15	1	6	11	14	15	4	3	12	7	1561	1317
2	1	1	9	0	13	3	5	5	4	6	12	7	8	4	0	14	10	13	2	12	6	15	14	9	15	10	7	11	3	8	11	5376	4191
2	1	4	3	11	0	13	2	10	11	12	9	3	10	5	8	14	12	8	14	7	13	1	15	6	6	0	4	15	7	9	5	1807	33
2	1	10	5	0	9	8	13	1	7	9	3	3	15	11	11	5	12	13	8	7	4	15	0	6	10	14	14	4	2	12	6	1689	1368
2	1	13	0	10	8	5	9	14	5	1	4	6	12	9	13	4	3	11	2	12	10	3	11	8	7	7	6	0	14	15	15	5426	5229
2	2	1	10	0	14	3	6	5	7	6	15	7	11	4	3	14	9	13	1	12	5	15	13	9	12	10	4	11	0	8	8	1947	660
2	2	4	0	11	3	13	1	10	8	12	10	3	9	5	11	14	15	8	13	7	14	1	12	6	5	0	7	15	4	9	6	1152	905
2	2	10	6	0	10	8	14	1	4	9	0	3	12	11	8	5	15	13	11	7	7	15	3	6	9	14	13	4	1	12	5	1573	1281
2	3	1	11	0	15	3	7	5	6	6	14	7	10	4	2	14	8	13	0	12	4	15	12	9	13	10	5	11	1	8	9	1286	4101
2	3	4	1	11	2	13	0	10	9	12	11	3	8	5	10	14	14	8	12	7	15	1	13	6	4	0	6	15	5	9	7	654	5048
2	3	10	7	0	11	8	15	1	5	9	1	3	13	11	9	5	14	13	10	7	6	15	2	6	8	14	12	4	0	12	4	153	5683
2	3	13	2	10	10	5	11	14	7	1	6	6	14	9	15	4	1	11	0	12	8	3	9	8	5	7	4	0	12	15	13	5547	5043
2	4	1	12	0	8	3	0	5	1	6	9	7	13	4	5	14	15	13	7	12	3	15	11	9	10	10	2	11	6	8	14	1280	85
2	4	4	6	11	5	13	7	10	14	12	12	3	15	5	13	14	9	8	11	7	8	1	10	6	3	0	1	15	2	9	0	4107	853
2	4	10	0	0	12	8	8	1	2	9	6	3	10	11	14	5	9	13	13	7	1	15	5	6	15	14	11	4	7	12	3	4358	6785
2	4	13	5	10	13	5	12	14	0	1	1	6	9	9	8	4	6	11	7	12	15	3	14	8	2	7	3	0	11	15	10	5391	4556
2	5	1	13	0	9	3	1	5	0	6	8	7	12	4	4	14	14	13	6	12	2	15	10	9	11	10	3	11	7	8	15	1280	4101
2	5	4	7	11	4	13	6	10	15	12	13	3	14	5	12	14	8	8	10	7	9	1	11	6	2	0	0	15	3	9	1	1310	4419
2	5	10	1	0	13	8	9	1	3	9	7	3	11	11	15	5	8	13	12	7	0	15	4	6	14	14	10	4	6	12	2	1548	2714
2	6	1	14	0	10	3	2	5	3	6	11	7	15	4	7	14	13	13	5	12	1	15	9	9	8	10	0	11	4	8	12	1280	10
2	6	4	4	11	7	13	5	10	12	12	14	3	13	5	15	14	11	8	9	7	10	1	8	6	1	0	3	15	0	9	2	1033	814
2	6	10	2	0	14	8	10	1	0	9	4	3	8	11	12	5	11	13	15	7	3	15	7	6	13	14	9	4	5	12	1	1551	2916
2	6	13	7	10	15	5	14	14	2	1	3	6	11	9	10	4	4	11	5	12	13	3	12	8	0	7	1	0	9	15	8	1451	898
2	7	1	15	0	11	3	3	5	2	6	10	7	14	4	6	14	12	13	4	12	0	15	8	9	9	10	1	11	5	8	13	5376	0
2	7	4	5	11	6	13	4	10	13	12	15	3	12	5	14	14	10	8	8	7	11	1	9	6	0	0	2	15	1	9	3	398	814
2	7	10	3	0	15	8	11	1	1	9	5	3	9	11	13	5	10	13	14	7	2	15	6	6	12	14	8	4	4	12	0	269	6784
2	8	1	0	0	4	3	12	5	13	6	5	7	1	4	9	14	3	13	11	12	15	15	7	9	6	10	14	11	10	8	2	1280	85
2	8	4	10	11	9	13	11	10	2	12	0	3	3	5	1	14	5	8	7	7	4	1	6	6	15	0	13	15	14	9	12	4239	3157
2	8	10	12	0	0	8	4	1	14	9	10	3	6	11	2	5	5	13	1	7	13	15	9	6	3	14	7	4	11	12	15	1551	3430
2	8	13	9	10	1	5	0	14	12	1	13	6	5	9	4	4	10	11	11	12	3	3	2	8	14	7	15	0	7	15	6	526	3204
2	9	1	1	0	5	3	13	5	12	6	4	7	0	4	8	14	2	13	10	12	14	15	6	9	7	10	15	11	11	8	3	1280	80
2	9	4	11	11	8	13	10	10	3	12	1	3	2	5	0	14	4	8	6	7	5	1	7	6	14	0	12	15	15	9	13	1033	3188
2	9	10	13	0	1	8	5	1	15	9	11	3	7	11	3	5	4	13	0	7	12	15	8	6	2	14	6	4	10	12	14	1551	3366
2	10	1	2	0	6	3	14	5	15	6	7	7	3	4	11	14	1	13	9	12	13	15	5	9	4	10	12	11	8	8	0	1280	8202
2	10	4	8	11	11	13	9	10	0	12	2	3	1	5	3	14	7	8	5	7	6	1	4	6	13	0	15	15	12	9	14	1968	33
2	10	10	14	0	2	8	6	1	12	9	8	3	4	11	0	5	7	13	3	7	15	15	11	6	1	14	5	4	9	12	13	1548	1369
2	10	13	11	10	3	5	2	14	14	1	15	6	7	9	6	4	8	11	9	12	1	3	0	8	12	7	13	0	5	15	4	6040	3177
2	11	1	3	0	7	3	15	5	14	6	6	7	2	4	10	14	0	13	8	12	12	15	4	9	5	10	13	11	9	8	1	5376	240
2	11	4	9	11	10	13	8	10	1	12	3	3	0	5	2	14	6	8	4	7	7	1	5	6	12	0	14	15	13	9	15	1430	1043
2	11	10	15	0	3	8	7	1	13	9	9	3	5	11	1	5	6	13	2	7	14	15	10	6	0	14	4	4	8	12	12	1572	1281
2	11	13	10	10	2	5	3	14	15	1	14	6	6	9	7	4	9	11	8	12	0	3	1	8	13	7	12	0	4	15	5	663	3144
2	12	1	4	0	0	3	8	5	9	6	1	7	5	4	13	14	7	13	15	12	11	15	3	9	2	10	10	11	14	8	6	1286	8352
2	12	4	14	11	13	13	15	10	6	12	4	3	7	5	5	14	1	8	3	7	0	1	2	6	11	0	9	15	10	9	8	1332	11325
2	12	10	8	0	4	8	0	1	10	9	14	3	2	11	6	5	1	13	5	7	9	15	13	6	7	14	3	4	15	12	11	1548	2649
2	12	13	13	10	5	5	4	14	8	1	9	6	1	9	0	4	14	11	15	12	7	3	6	8	10	7	11	0	3	15	2	1294	11516
2	13	1	5	0	1	3	9	5	8	6	0	7	4	4	12	14	6	13	14	12	10	15	2	9	3	10	11	11	15	8	7	943	2220
2	13	4	15	11	12	13	14	10	7	12	5	3	6	5	4	14	0	8	2	7	1	1	3	6	10	0	8	15	11	9	9	1340	60
2	13	10	9	0	5	8	1	1	11	9	15	3	3	11	7	5	0	13	4	7	8	15	12	6	6	14	2	4	14	12	10	1548	2724
2	13	13	12	10	4	5	5	14	9	1	8	6	0	9	1	4	15	11	14	12	6	3	7	8	11	7	10	0	2	15	3	5821	112
2	14	1	6	0	2	3	10	5	11	6	3	7	7	4	15	14	5	13	13	12	9	15	1	9	0	10	8	11	12	8	4	1280	8272
2	14	4	12	11	15	13	13	10	4	12	6	3	5	5	7	14	3	8	1	7	2	1	0	6	9	0	11	15	8	9	10	1024	11366
2	14	10	10	0	6	8	2	1	8	9	12	3	0	11	4	5	3	13	7	7	11	15	15	6	5	14	1	4	13	12	9	1807	10768
2	15	1	7	0	3	3	11	5	10	6	2	7	6	4	14	14	4	13	12	12	8	15	0	9	1	10	9	11	13	8	5	1280	8362
2	15	4	13	11	14	13	12	10	5	12	7	3	4	5	6	14	2	8	0	7	3	1	1	6	8	0	10	15	9	9	11	512	3182
2	15	10	11	0	7	8	3	1	9	9	13	3	1	11	5	5	2	13	6	7	10	15	14	6	4	14	0	4	12	12	8	397	10760
2	15	13	14	10	6	5	7	14	11	1	10	6	2	9	3	4	13	11	12	12	4	3	5	8	9	7	8	0	0	15	1	535	11282
3	0	0	8	1	12	2	4	4	5	7	13	6	9	5	1	15	11	12	3	13	7	14	15	8	14	11	6	10	2	9	10	1280	85
3	0	5	2	10	1	12	3	11	10	13	8	2	11	4	9	15	13	9	15	6	12	0	14	7	7	1	5	14	6	8	4	1293	828
3	0	11	4	1	8	9	12	0	6	8	2	2	14	10	10	4	13	12	9	6	5	14	1	7	11	15	15	5	3	13	7	4374	1280
3	1	0	9	1	13	2	5	4	4	7	12	6	8	5	0	15	10	12	2	13	6	14	14	8	15	11	7	10	3	9	11	1280	4101
3	1	5	3	10	0	12	2	11	11	13	9	2	10	4	8	15	12	9	14	6	13	0	15	7	6	1	4	14	7	8	5	1293	833
3	1	11	5	1	9	9	13	0	7	8	3	2	15	10	11	4	12	12	8	6	4	14	0	7	10	15	14	5	2	13	6	1548	1368
3	1	12	0	11	8	4	9	15	5	0	4	7	12	8	13	5	3	10	2	13	10	2	11	9	7	6	6	1	14	14	15	5918	4936
3	2	0	10	1	14	2	6	4	7	7	15	6	11	5	3	15	9	12	1	13	5	14	13	8	12	11	4	10	0	9	8	1280	10
3	2	5	0	10	3	12	1	11	8	13	10	2	9	4	11	15	15	9	13	6	14	0	12	7	5	1	7	14	4	8	6	1024	5017
3	2	11	6	1	10	9	14	0	4	8	0	2	12	10	8	4	15	12	11	6	7	14	3	7	9	15	13	5	1	13	5	1551	4630
3	2	12	3	11	11	4	10	15	6	0	7	7	15	8	14	5	0	10	1	13	9	2	8	9	4	6	5	1	13	14	12	1046	916
3	3	0	11	1	15	2	7	4	6	7	14	6	10	5	2	15	8	12	0	13	4	14	12	8	13	11	5	10	1	9	9	1280	165
3	3	5	1	10	2	12	0	11	9	13	11	2	8	4	10	15	14	9	12	6	15	0	13	7	4	1	6	14	5	8	7	527	5048
3	3	11	7	1	11	9	15	0	5	8	1	2	13	10	9	4	14	12	10	6	6	14	2	7	8	15	12	5	0	13	4	409	1280
3	4	0	12	1	8	2	0	4	1	7	9	6	13	5	5	15	15	12	7	13	3	14	11	8	10	11	2	10	6	9	14	1280	4181
3	4	5	6	10	5	12	7	11	14	13	12	2	15	4	13	15	9	9	11	6	8	0	10	7	3	1	1	14	2	8	0	1414	7057
3	4	11	0	1	12	9	8	0	2	8	6	2	10	10	14	4	9	12	13	6	1	14	5	7	15	15	11	5	7	13	3	409	6656
3	5	0	13	1	9	2	1	4	0	7	8	6	12	5	4	15	14	12	6	13	2	14	10	8	11	11	3	10	7	9	15	1280	4106
3	5	5	7	10	4	12	6	11	15	13	13	2	14	4	12	15	8	9	10	6	9	0	11	7	2	1	0	14	3	8	1	1152	925
3	5	11	1	1	13	9	9	0	3	8	7	2	11	10	15	4	8	12	12	6	0	14	4	7	14	15	10	5	6	13	2	1551	537
3	6	0	14	1	10	2	2	4	3	7	11	6	15	5	7	15	13	12	5	13	1	14	9	8	8	11	0	10	4	9	12	283	902
3	6	5	4	10	7	12	5	11	12	13	14	2	13	4	15	15	11	9	9	6	10	0	8	7	1	1	3	14	0	8	2	1038	33
3	6	11	2	1	14	9	10	0	0	8	4	2	8	10	12	4	11	12	15	6	3	14	7	7	13	15	9	5	5	13	1	1548	2726
3	6	12	7	11	15	4	14	15	2	0	3	7	11	8	10	5	4	10	5	13	13	2	12	9	0	6	1	1	9	14	8	5793	896
3	7	0	15	1	11	2	3	4	2	7	10	6	14	5	6	15	12	12	4	13	0	14	8	8	9	11	1	10	5	9	13	1286	4101
3	7	5	5	10	6	12	4	11	13	13	15	2	12	4	14	15	10	9	8	6	11	0	9	7	0	1	2	14	1	8	3	512	866
3	7	11	3	1	15	9	11	0	1	8	5	2	9	10	13	4	10	12	14	6	2	14	6	7	12	15	8	5	4	13	0	1572	2598
3	7	12	6	11	14	4	15	15	3	0	2	7	10	8	11	5	5	10	4	13	12	2	13	9	1	6	0	1	8	14	9	918	170
3	8	0	0	1	4	2	12	4	13	7	5	6	1	5	9	15	3	12	11	13	15	14	7	8	6	11	14	10	10	9	2	1286	8352
3	8	5	10	10	9	12	11	11	2	13	0	2	3	4	1	15	5	9	7	6	4	0	6	7	15	1	13	14	14	8	12	4111	165
3	8	11	12	1	0	9	4	0	14	8	10	2	6	10	2	4	5	12	1	6	13	14	9	7	3	15	7	5	11	13	15	1700	1344
3	9	0	1	1	5	2	13	4	12	7	4	6	0	5	8	15	2	12	10	13	14	14	6	8	7	11	15	10	11	9	3	1312	3447
3	9	5	11	10	8	12	10	11	3	13	1	2	2	4	0	15	4	9	6	6	5	0	7	7	14	1	12	14	15	8	13	1038	132
3	9	11	13	1	1	9	5	0	15	8	11	2	7	10	3	4	4	12	0	6	12	14	8	7	2	15	6	5	10	13	14	1805	9472
3	9	12	8	11	0	4	1	15	13	0	12	7	4	8	5	5	11	10	10	13	2	2	3	9	15	6	14	1	6	14	7	1420	11312
3	10	0	2	1	6	2	14	4	15	7	7	6	3	5	11	15	1	12	9	13	13	14	5	8	4	11	12	10	8	9	0	5376	8442
3	10	5	8	10	11	12	9	11	0	13	2	2	1	4	3	15	7	9	5	6	6	0	4	7	13	1	15	14	12	8	14	1413	11657
3	10	11	14	1	2	9	6	0	12	8	8	2	4	10	0	4	7	12	3	6	15	14	11	7	1	15	5	5	9	13	13	1551	9320
3	10	12	11	11	3	4	2	15	14	0	15	7	7	8	6	5	8	10	9	13	1	2	0	9	12	6	13	1	5	14	4	1295	11569
3	11	0	3	1	7	2	15	4	14	7	6	6	2	5	10	15	0	12	8	13	12	14	4	8	5	11	13	10	9	9	1	1280	250
3	11	5	9	10	10	12	8	11	1	13	3	2	0	4	2	15	6	9	4	6	7	0	5	7	12	1	14	14	13	8	15	1414	11657
3	11	11	15	1	3	9	7	0	13	8	9	2	5	10	1	4	6	12	2	6	14	14	10	7	0	15	4	5	8	13	12	4864	8432
3	12	0	4	1	0	2	8	4	9	7	1	6	5	5	13	15	7	12	15	13	11	14	3	8	2	11	10	10	14	9	6	1280	85
3	12	5	14	10	13	12	15	11	6	13	4	2	7	4	5	15	1	9	3	6	0	0	2	7	11	1	9	14	10	8	8	1415	713
3	12	11	8	1	4	9	0	0	10	8	14	2	2	10	6	4	1	12	5	6	9	14	13	7	7	15	3	5	15	13	11	4358	10776
3	12	12	13	11	5	4	4	15	8	0	9	7	1	8	0	5	14	10	15	13	7	2	6	9	10	6	11	1	3	14	2	5427	2776
3	13	0	5	1	1	2	9	4	8	7	0	6	4	5	12	15	6	12	14	13	10	14	2	8	3	11	11	10	15	9	7	1280	80
3	13	5	15	10	12	12	14	11	7	13	5	2	6	4	4	15	0	9	2	6	1	0	3	7	10	1	8	14	11	8	9	1428	8732
3	13	11	9	1	5	9	1	0	11	8	15	2	3	10	7	4	0	12	4	6	8	14	12	7	6	15	2	5	14	13	10	1551	9320
3	13	12	12	11	4	4	5	15	9	0	8	7	0	8	1	5	15	10	14	13	6	2	7	9	11	6	10	1	2	14	3	1431	11264
3	14	0	6	1	2	2	10	4	11	7	3	6	7	5	15	15	5	12	13	13	9	14	1	8	0	11	8	10	12	9	4	1280	8202
3	14	5	12	10	15	12	13	11	4	13	6	2	5	4	7	15	3	9	1	6	2	0	0	7	9	1	11	14	8	8	10	1032	11490
3	14	11	10	1	6	9	2	0	8	8	12	2	0	10	4	4	3	12	7	6	11	14	15	7	5	15	1	5	13	13	9	1548	2586
3	15	0	7	1	3	2	11	4	10	7	2	6	6	5	14	15	4	12	12	13	8	14	0	8	1	11	9	10	13	9	5	1280	90
3	15	5	13	10	14	12	12	11	5	13	7	2	4	4	6	15	2	9	0	6	3	0	1	7	8	1	10	14	9	8	11	768	90
3	15	11	11	1	7	9	3	0	9	8	13	2	1	10	5	4	2	12	6	6	10	14	14	7	4	15	0	5	12	13	8	1549	2660
3	15	12	14	11	6	4	7	15	11	0	10	7	2	8	3	5	13	10	12	13	4	2	5	9	9	6	8	1	0	14	1	4638	11486
4	0	2	2	13	1	11	3	12	10	10	8	5	11	3	9	8	13	14	15	1	12	7	14	0	7	6	5	9	6	15	4	2317	880
4	0	6	6	15	9	13	15	11	2	9	4	0	11	2	13	1	5	3	3	10	12	8	10	14	7	12	1	5	14	7	8	717	1304
4	0	7	8	6	12	5	4	3	5	0	13	1	9	2	1	8	11	11	3	10	7	9	15	15	14	12	6	13	2	14	10	2566	4176
4	0	12	4	6	8	14	12	7	6	15	2	5	14	13	10	3	13	11	9	1	5	9	1	0	11	8	15	2	3	10	7	2062	5439
4	1	2	3	13	0	11	2	12	11	10	9	5	10	3	8	8	12	14	14	1	13	7	15	0	6	6	4	9	7	15	5	2062	839
4	1	7	9	6	13	5	5	3	4	0	12	1	8	2	0	8	10	11	2	10	6	9	14	15	15	12	7	13	3	14	11	2566	4101
4	1	11	0	12	8	3	9	8	5	7	4	0	12	15	13	2	3	13	2	10	10	5	11	14	7	1	6	6	14	9	15	6685	4868
4	1	12	5	6	9	14	13	7	7	15	3	5	15	13	11	3	12	11	8	1	4	9	0	0	10	8	14	2	2	10	6	2062	5376
4	2	2	0	13	3	11	1	12	8	10	10	5	9	3	11	8	15	14	13	1	14	7	12	0	5	6	7	9	4	15	6	2321	1084
4	2	7	10	6	14	5	6	3	7	0	15	1	11	2	3	8	9	11	1	10	5	9	13	15	12	12	4	13	0	14	8	6656	0
4	2	11	3	12	11	3	10	8	6	7	7	0	15	15	14	2	0	13	1	10	9	5	8	14	4	1	5	6	13	9	12	6529	1075
4	2	12	6	6	10	14	14	7	4	15	0	5	12	13	8	3	15	11	11	1	7	9	3	0	9	8	13	2	1	10	5	2200	5376
4	3	2	1	13	2	11	0	12	9	10	11	5	8	3	10	8	14	14	12	1	15	7	13	0	4	6	6	9	5	15	7	2650	1299
4	3	7	11	6	15	5	7	3	6	0	14	1	10	2	2	8	8	11	0	10	4	9	12	15	13	12	5	13	1	14	9	2560	4106
4	3	11	2	12	10	3	11	8	7	7	6	0	14	15	15	2	1	13	0	10	8	5	9	14	5	1	4	6	12	9	13	6735	5175
4	3	12	7	6	11	14	15	7	5	15	1	5	13	13	9	3	14	11	10	1	6	9	2	0	8	8	12	2	0	10	4	281	1304
4	4	2	6	13	5	11	7	12	14	10	12	5	15	3	13	8	9	14	11	1	8	7	10	0	3	6	1	9	2	15	0	2582	7057
4	4	6	2	15	13	13	11	11	6	9	0	0	15	2	9	1	1	3	7	10	8	8	14	14	3	12	5	5	10	7	12	4693	6784
4	4	7	12	6	8	5	0	3	1	0	9	1	13	2	5	8	15	11	7	10	3	9	11	15	10	12	2	13	6	14	14	2560	10
4	4	12	0	6	12	14	8	7	2	15	6	5	10	13	14	3	9	11	13	1	1	9	5	0	15	8	11	2	7	10	3	4482	6720
4	5	2	7	13	4	11	6	12	15	10	13	5	14	3	12	8	8	14	10	1	9	7	11	0	2	6	0	9	3	15	1	2376	4879
4	5	7	13	6	9	5	1	3	0	0	8	1	12	2	4	8	14	11	6	10	2	9	10	15	11	12	3	13	7	14	15	2560	85
4	5	12	1	6	13	14	9	7	3	15	7	5	11	13	15	3	8	11	12	1	0	9	4	0	14	8	10	2	6	10	2	6278	6722
4	6	2	4	13	7	11	5	12	12	10	14	5	13	3	15	8	11	14	9	1	10	7	8	0	1	6	3	9	0	15	2	2063	33
4	6	7	14	6	10	5	2	3	3	0	11	1	15	2	7	8	13	11	5	10	1	9	9	15	8	12	0	13	4	14	12	2560	4266
4	6	11	7	12	15	3	14	8	2	7	3	0	11	15	10	2	4	13	5	10	13	5	12	14	0	1	1	6	9	9	8	2966	4936
4	6	12	2	6	14	14	10	7	0	15	4	5	8	13	12	3	11	11	15	1	3	9	7	0	13	8	9	2	5	10	1	2062	6656
4	7	2	5	13	6	11	4	12	13	10	15	5	12	3	14	8	10	14	8	1	11	7	9	0	0	6	2	9	1	15	3	2444	5059
4	7	7	15	6	11	5	3	3	2	0	10	1	14	2	6	8	12	11	4	10	0	9	8	15	9	12	1	13	5	14	13	2560	4101
4	7	11	6	12	14	3	15	8	3	7	2	0	10	15	11	2	5	13	4	10	12	5	13	14	1	1	0	6	8	9	9	6741	11
4	7	12	3	6	15	14	11	7	1	15	5	5	9	13	13	3	10	11	14	1	2	9	6	0	12	8	8	2	4	10	0	409	6658
4	8	2	10	13	9	11	11	12	2	10	0	5	3	3	1	8	5	14	7	1	4	7	6	0	15	6	13	9	14	15	12	4107	3157
4	8	6	14	15	1	13	7	11	10	9	12	0	3	2	5	1	13	3	11	10	4	8	2	14	15	12	9	5	6	7	0	6741	1126
4	8	7	0	6	4	5	12	3	13	0	5	1	1	2	9	8	3	11	11	10	15	9	7	15	6	12	14	13	10	14	2	2560	8352
4	8	12	12	6	0	14	4	7	14	15	10	5	6	13	2	3	5	11	1	1	13	9	9	0	3	8	7	2	11	10	15	4358	9601
4	9	2	11	13	8	11	10	12	3	10	1	5	2	3	0	8	4	14	6	1	5	7	7	0	14	6	12	9	15	15	13	2312	128
4	9	7	1	6	5	5	13	3	12	0	4	1	0	2	8	8	2	11	10	10	14	9	6	15	7	12	15	13	11	14	3	2560	8277
4	9	11	8	12	0	3	1	8	13	7	12	0	4	15	5	2	11	13	10	10	2	5	3	14	15	1	14	6	6	9	7	6490	48
4	9	12	13	6	1	14	5	7	15	15	11	5	7	13	3	3	4	11	0	1	12	9	8	0	2	8	6	2	10	10	14	2520	1318
4	10	2	8	13	11	11	9	12	0	10	2	5	1	3	3	8	7	14	5	1	6	7	4	0	13	6	15	9	12	15	14	2064	3256
4	10	7	2	6	6	5	14	3	15	0	7	1	3	2	11	8	1	11	9	10	13	9	5	15	4	12	12	13	8	14	0	2560	170
4	10	12	14	6	2	14	6	7	12	15	8	5	4	13	0	3	7	11	3	1	15	9	11	0	1	8	5	2	9	10	13	2200	1304
4	11	2	9	13	10	11	8	12	1	10	3	5	0	3	2	8	6	14	4	1	7	7	5	0	12	6	14	9	13	15	15	2582	11657
4	11	7	3	6	7	5	15	3	14	0	6	1	2	2	10	8	0	11	8	10	12	9	4	15	5	12	13	13	9	14	1	2560	10
4	11	11	10	12	2	3	3	8	15	7	14	0	6	15	7	2	9	13	8	10	0	5	1	14	13	1	12	6	4	9	5	4745	3177
4	11	12	15	6	3	14	7	7	13	15	9	5	5	13	1	3	6	11	2	1	14	9	10	0	0	8	4	2	8	10	12	4482	9474
4	12	2	14	13	13	11	15	12	6	10	4	5	7	3	5	8	1	14	3	1	0	7	2	0	11	6	9	9	10	15	8	2710	8764
4	12	6	10	15	5	13	3	11	14	9	8	0	7	2	1	1	9	3	15	10	0	8	6	14	11	12	13	5	2	7	4	972	10812
4	12	7	4	6	0	5	8	3	9	0	1	1	5	2	13	8	7	11	15	10	11	9	3	15	2	12	10	13	14	14	6	2560	8197
4	12	11	13	12	5	3	4	8	8	7	9	0	1	15	0	2	14	13	15	10	7	5	6	14	10	1	11	6	3	9	2	4761	3169
4	12	12	8	6	4	14	0	7	10	15	14	5	2	13	6	3	1	11	5	1	9	9	13	0	7	8	3	2	15	10	11	4482	2596
4	13	2	15	13	12	11	14	12	7	10	5	5	6	3	4	8	0	14	2	1	1	7	3	0	10	6	8	9	11	15	9	2321	572
4	13	7	5	6	1	5	9	3	8	0	0	1	4	2	12	8	6	11	14	10	10	9	2	15	3	12	11	13	15	14	7	2560	85
4	13	11	12	12	4	3	5	8	9	7	8	0	0	15	1	2	15	13	14	10	6	5	7	14	11	1	10	6	2	9	3	2964	3176
4	13	12	9	6	5	14	1	7	11	15	15	5	3	13	7	3	0	11	4	1	8	9	12	0	6	8	2	2	14	10	10	2200	10752
4	14	2	12	13	15	11	13	12	4	10	6	5	5	3	7	8	3	14	1	1	2	7	0	0	9	6	11	9	8	15	10	2062	3298
4	14	7	6	6	2	5	10	3	11	0	3	1	7	2	15	8	5	11	13	10	9	9	1	15	0	12	8	13	12	14	4	2566	8352
4	14	11	15	12	7	3	6	8	10	7	11	0	3	15	2	2	12	13	13	10	5	5	4	14	8	1	9	6	1	9	0	2708	11266
4	14	12	10	6	6	14	2	7	8	15	12	5	0	13	4	3	3	11	7	1	11	9	15	0	5	8	1	2	13	10	9	2062	10752
4	15	2	13	13	14	11	12	12	5	10	7	5	4	3	6	8	2	14	0	1	3	7	1	0	8	6	10	9	9	15	11	2694	588
4	15	7	7	6	3	5	11	3	10	0	2	1	6	2	14	8	4	11	12	10	8	9	0	15	1	12	9	13	13	14	5	2566	8202
4	15	12	11	6	7	14	3	7	9	15	13	5	1	13	5	3	2	11	6	1	10	9	14	0	4	8	0	2	12	10	8	2520	2726
5	0	3	2	12	1	10	3	13	10	11	8	4	11	2	9	9	13	15	15	0	12	6	14	1	7	7	5	8	6	14	4	656	839
5	0	6	8	7	12	4	4	2	5	1	13	0	9	3	1	9	11	10	3	11	7	8	15	14	14	13	6	12	2	15	10	2560	10
5	0	13	4	7	8	15	12	6	6	14	2	4	14	12	10	2	13	10	9	0	5	8	1	1	11	9	15	3	3	11	7	2393	5409
5	1	3	3	12	0	10	2	13	11	11	9	4	10	2	8	9	12	15	14	0	13	6	15	1	6	7	4	8	7	14	5	2389	1331
5	1	6	9	7	13	4	5	2	4	1	12	0	8	3	0	9	10	10	2	11	6	8	14	14	15	13	7	12	3	15	11	2560	85
5	1	13	5	7	9	15	13	6	7	14	3	4	15	12	11	2	12	10	8	0	4	8	0	1	10	9	14	3	2	11	6	2062	5376
5	2	3	0	12	3	10	1	13	8	11	10	4	9	2	11	9	15	15	13	0	14	6	12	1	5	7	7	8	4	14	6	2063	132
5	2	6	10	7	14	4	6	2	7	1	15	0	11	3	3	9	9	10	1	11	5	8	13	14	12	13	4	12	0	15	8	2704	4266
5	2	13	6	7	10	15	14	6	4	14	0	4	12	12	8	2	15	10	11	0	7	8	3	1	9	9	13	3	1	11	5	2200	5376
5	3	3	1	12	2	10	0	13	9	11	11	4	8	2	10	9	14	15	12	0	15	6	13	1	4	7	6	8	5	14	7	896	938
5	3	6	11	7	15	4	7	2	6	1	14	0	10	3	2	9	8	10	0	11	4	8	12	14	13	13	5	12	1	15	9	2560	4101
5	3	13	7	7	11	15	15	6	5	14	1	4	13	12	9	2	14	10	10	0	6	8	2	1	8	9	12	3	0	11	4	2316	1434
5	4	3	6	12	5	10	7	13	14	11	12	4	15	2	13	9	9	15	11	0	8	6	10	1	3	7	1	8	2	14	0	270	222
5	4	6	12	7	8	4	0	2	1	1	9	0	13	3	5	9	15	10	7	11	3	8	11	14	10	13	2	12	6	15	14	2566	4176
5	4	13	0	7	12	15	8	6	2	14	6	4	10	12	14	2	9	10	13	0	1	8	5	1	15	9	11	3	7	11	3	2319	2969
5	5	3	7	12	4	10	6	13	15	11	13	4	14	2	12	9	8	15	10	0	9	6	11	1	2	7	0	8	3	14	1	2316	4879
5	5	6	13	7	9	4	1	2	0	1	8	0	12	3	4	9	14	10	6	11	2	8	10	14	11	13	3	12	7	15	15	2566	4101
5	5	13	1	7	13	15	9	6	3	14	7	4	11	12	15	2	8	10	12	0	0	8	4	1	14	9	10	3	6	11	2	6411	2969
5	6	3	4	12	7	10	5	13	12	11	14	4	13	2	15	9	11	15	9	0	10	6	8	1	1	7	3	8	0	14	2	2062	814
5	6	6	14	7	10	4	2	2	3	1	11	0	15	3	7	9	13	10	5	11	1	8	9	14	8	13	0	12	4	15	12	2560	165
5	6	13	2	7	14	15	10	6	0	14	4	4	8	12	12	2	11	10	15	0	3	8	7	1	13	9	9	3	5	11	1	2062	6656
5	7	3	5	12	6	10	4	13	13	11	15	4	12	2	14	9	10	15	8	0	11	6	9	1	0	7	2	8	1	14	3	921	2665
5	7	6	15	7	11	4	3	2	2	1	10	0	14	3	6	9	12	10	4	11	0	8	8	14	9	13	1	12	5	15	13	6656	4096
5	7	13	3	7	15	15	11	6	1	14	5	4	9	12	13	2	10	10	14	0	2	8	6	1	12	9	8	3	4	11	0	4864	4111
5	8	3	10	12	9	10	11	13	2	11	0	4	3	2	1	9	5	15	7	0	4	6	6	1	15	7	13	8	14	14	12	2582	10310
5	8	6	0	7	4	4	12	2	13	1	5	0	1	3	9	9	3	10	11	11	15	8	7	14	6	13	14	12	10	15	2	2560	8197
5	8	10	9	13	1	2	0	9	12	6	13	1	5	14	4	3	10	12	11	11	3	4	2	15	14	0	15	7	7	8	6	6593	1075
5	8	13	12	7	0	15	4	6	14	14	10	4	6	12	2	2	5	10	1	0	13	8	9	1	3	9	7	3	11	11	15	4864	8432
5	9	3	11	12	8	10	10	13	3	11	1	4	2	2	0	9	4	15	6	0	5	6	7	1	14	7	12	8	15	14	13	2062	3188
5	9	6	1	7	5	4	13	2	12	1	4	0	0	3	8	9	2	10	10	11	14	8	6	14	7	13	15	12	11	15	3	2560	85
5	9	13	13	7	1	15	5	6	15	14	11	4	7	12	3	2	4	10	0	0	12	8	8	1	2	9	6	3	10	11	14	2062	9472
5	10	3	8	12	11	10	9	13	0	11	2	4	1	2	3	9	7	15	5	0	6	6	4	1	13	7	15	8	12	14	14	2316	11448
5	10	6	2	7	6	4	14	2	15	1	7	0	3	3	11	9	1	10	9	11	13	8	5	14	4	13	12	12	8	15	0	6662	8192
5	10	10	11	13	3	2	2	9	14	6	15	1	7	14	6	3	8	12	9	11	1	4	0	15	12	0	13	7	5	8	4	6297	11369
5	10	13	14	7	2	15	6	6	12	14	8	4	4	12	0	2	7	10	3	0	15	8	11	1	1	9	5	3	9	11	13	2200	9472
5	11	3	9	12	10	10	8	13	1	11	3	4	0	2	2	9	6	15	4	0	7	6	5	1	12	7	14	8	13	14	15	768	90
5	11	6	3	7	7	4	15	2	14	1	6	0	2	3	10	9	0	10	8	11	12	8	4	14	5	13	13	12	9	15	1	2566	8202
5	11	10	10	13	2	2	3	9	15	6	14	1	6	14	7	3	9	12	8	11	0	4	1	15	13	0	12	7	4	8	5	4242	3162
5	11	13	15	7	3	15	7	6	13	14	9	4	5	12	1	2	6	10	2	0	14	8	10	1	0	9	4	3	8	11	12	4498	9536
5	12	3	14	12	13	10	15	13	6	11	4	4	7	2	5	9	1	15	3	0	0	6	2	1	11	7	9	8	10	14	8	2440	2108
5	12	6	4	7	0	4	8	2	9	1	1	0	5	3	13	9	7	10	15	11	11	8	3	14	2	13	10	12	14	15	6	2560	8352
5	12	10	13	13	5	2	4	9	8	6	9	1	1	14	0	3	14	12	15	11	7	4	6	15	10	0	11	7	3	8	2	6671	10476
5	12	13	8	7	4	15	0	6	10	14	14	4	2	12	6	2	1	10	5	0	9	8	13	1	7	9	3	3	15	11	11	397	10768
5	13	3	15	12	12	10	14	13	7	11	5	4	6	2	4	9	0	15	2	0	1	6	3	1	10	7	8	8	11	14	9	2063	33
5	13	6	5	7	1	4	9	2	8	1	0	0	4	3	12	9	6	10	14	11	10	8	2	14	3	13	11	12	15	15	7	2704	8277
5	13	10	12	13	4	2	5	9	9	6	8	1	0	14	1	3	15	12	14	11	6	4	7	15	11	0	10	7	2	8	3	6614	3072
5	13	13	9	7	5	15	1	6	11	14	15	4	3	12	7	2	0	10	4	0	8	8	12	1	6	9	2	3	14	11	10	2392	2660
5	14	3	12	12	15	10	13	13	4	11	6	4	5	2	7	9	3	15	1	0	2	6	0	1	9	7	11	8	8	14	10	2389	2764
5	14	6	6	7	2	4	10	2	11	1	3	0	7	3	15	9	5	10	13	11	9	8	1	14	0	13	8	12	12	15	4	2560	170
5	14	10	15	13	7	2	6	9	10	6	11	1	3	14	2	3	12	12	13	11	5	4	4	15	8	0	9	7	1	8	0	6488	3072
5	14	13	10	7	6	15	2	6	8	14	12	4	0	12	4	2	3	10	7	0	11	8	15	1	5	9	1	3	13	11	9	2062	10752
5	15	3	13	12	14	10	12	13	5	11	7	4	4	2	6	9	2	15	0	0	3	6	1	1	8	7	10	8	9	14	11	4107	3242
5	15	6	7	7	3	4	11	2	10	1	2	0	6	3	14	9	4	10	12	11	8	8	0	14	1	13	9	12	13	15	5	2560	10
5	15	10	14	13	6	2	7	9	11	6	10	1	2	14	3	3	13	12	12	11	4	4	5	15	9	0	8	7	0	8	1	6488	3326
5	15	13	11	7	7	15	3	6	9	14	13	4	1	12	5	2	2	10	6	0	10	8	14	1	4	9	0	3	12	11	8	2509	2724
6	0	0	2	15	1	9	3	14	10	8	8	7	11	1	9	10	13	12	15	3	12	5	14	2	7	4	5	11	6	13	4	2695	5176
6	0	5	8	4	12	7	4	1	5	2	13	3	9	0	1	10	11	9	3	8	7	11	15	13	14	14	6	15	2	12	10	2560	4106
6	0	14	4	4	8	12	12	5	6	13	2	7	14	15	10	1	13	9	9	3	5	11	1	2	11	10	15	0	3	8	7	4834	5442
6	1	0	3	15	0	9	2	14	11	8	9	7	10	1	8	10	12	12	14	3	13	5	15	2	6	4	4	11	7	13	5	896	853
6	1	5	9	4	13	7	5	1	4	2	12	3	8	0	0	10	10	9	2	8	6	11	14	13	15	14	7	15	3	12	11	2560	4181
6	1	14	5	4	9	12	13	5	7	13	3	7	15	15	11	1	12	9	8	3	4	11	0	2	10	10	14	0	2	8	6	2086	1316
6	2	0	0	15	3	9	1	14	8	8	10	7	9	1	11	10	15	12	13	3	14	5	12	2	5	4	7	11	4	13	6	996	938
6	2	5	10	4	14	7	6	1	7	2	15	3	11	0	3	10	9	9	1	8	5	11	13	13	12	14	4	15	0	12	8	2569	4101
6	2	14	6	4	10	12	14	5	4	13	0	7	12	15	8	1	15	9	11	3	7	11	3	2	9	10	13	0	1	8	5	2062	5376
6	3	0	1	15	2	9	0	14	9	8	11	7	8	1	10	10	14	12	12	3	15	5	13	2	4	4	6	11	5	13	7	2312	1
6	3	5	11	4	15	7	7	1	6	2	14	3	10	0	2	10	8	9	0	8	4	11	12	13	13	14	5	15	1	12	9	484	1336
6	3	14	7	4	11	12	15	5	5	13	1	7	13	15	9	1	14	9	10	3	6	11	2	2	8	10	12	0	0	8	4	4715	5505
6	4	0	6	15	5	9	7	14	14	8	12	7	15	1	13	10	9	12	11	3	8	5	10	2	3	4	1	11	2	13	0	270	132
6	4	5	12	4	8	7	0	1	1	2	9	3	13	0	5	10	15	9	7	8	3	11	11	13	10	14	2	15	6	12	14	2560	4101
6	4	9	5	14	13	1	12	10	0	5	1	2	9	13	8	0	6	15	7	8	15	7	14	12	2	3	3	4	11	11	10	2766	4992
6	4	14	0	4	12	12	8	5	2	13	6	7	10	15	14	1	9	9	13	3	1	11	5	2	15	10	11	0	7	8	3	4457	2560
6	5	0	7	15	4	9	6	14	15	8	13	7	14	1	12	10	8	12	10	3	9	5	11	2	2	4	0	11	3	13	1	526	4935
6	5	5	13	4	9	7	1	1	0	2	8	3	12	0	4	10	14	9	6	8	2	11	10	13	11	14	3	15	7	12	15	2560	85
6	5	9	4	14	12	1	13	10	1	5	0	2	8	13	9	0	7	15	6	8	14	7	15	12	3	3	2	4	10	11	11	2829	918
6	5	14	1	4	13	12	9	5	3	13	7	7	11	15	15	1	8	9	12	3	0	11	4	2	14	10	10	0	6	8	2	2319	2969
6	6	0	4	15	7	9	5	14	12	8	14	7	13	1	15	10	11	12	9	3	10	5	8	2	1	4	3	11	0	13	2	512	905
6	6	5	14	4	10	7	2	1	3	2	11	3	15	0	7	10	13	9	5	8	1	11	9	13	8	14	0	15	4	12	12	2560	165
6	6	9	7	14	15	1	14	10	2	5	3	2	11	13	10	0	4	15	5	8	13	7	12	12	0	3	1	4	9	11	8	4718	902
6	6	14	2	4	14	12	10	5	0	13	4	7	8	15	12	1	11	9	15	3	3	11	7	2	13	10	9	0	5	8	1	2086	6720
6	7	0	5	15	6	9	4	14	13	8	15	7	12	1	14	10	10	12	8	3	11	5	9	2	0	4	2	11	1	13	3	4615	4935
6	7	5	15	4	11	7	3	1	2	2	10	3	14	0	6	10	12	9	4	8	0	11	8	13	9	14	1	15	5	12	13	2560	10
6	7	14	3	4	15	12	11	5	1	13	5	7	9	15	13	1	10	9	14	3	2	11	6	2	12	10	8	0	4	8	0	2532	4710
6	8	0	10	15	9	9	11	14	2	8	0	7	3	1	1	10	5	12	7	3	4	5	6	2	15	4	13	11	14	13	12	2725	1329
6	8	5	0	4	4	7	12	1	13	2	5	3	1	0	9	10	3	9	11	8	15	11	7	13	6	14	14	15	10	12	2	2560	80
6	8	14	12	4	0	12	4	5	14	13	10	7	6	15	2	1	5	9	1	3	13	11	9	2	3	10	7	0	11	8	15	4482	9488
6	9	0	11	15	8	9	10	14	3	8	1	7	2	1	0	10	4	12	6	3	5	5	7	2	14	4	12	11	15	13	13	6155	3174
6	9	5	1	4	5	7	13	1	12	2	4	3	0	0	8	10	2	9	10	8	14	11	6	13	7	14	15	15	11	12	3	2560	85
6	9	9	8	14	0	1	1	10	13	5	12	2	4	13	5	0	11	15	10	8	2	7	3	12	15	3	14	4	6	11	7	4096	1382
6	9	14	13	4	1	12	5	5	15	13	11	7	7	15	3	1	4	9	0	3	12	11	8	2	2	10	6	0	10	8	14	2086	9474
6	10	0	8	15	11	9	9	14	0	8	2	7	1	1	3	10	7	12	5	3	6	5	4	2	13	4	15	11	12	13	14	2574	3202
6	10	5	2	4	6	7	14	1	15	2	7	3	3	0	11	10	1	9	9	8	13	11	5	13	4	14	12	15	8	12	0	2560	90
6	10	9	11	14	3	1	2	10	14	5	15	2	7	13	6	0	8	15	9	8	1	7	0	12	12	3	13	4	5	11	4	6663	10312
6	10	14	14	4	2	12	6	5	12	13	8	7	4	15	0	1	7	9	3	3	15	11	11	2	1	10	5	0	9	8	13	2062	9472
6	11	0	9	15	10	9	8	14	1	8	3	7	0	1	2	10	6	12	4	3	7	5	5	2	12	4	14	11	13	13	15	270	33
6	11	5	3	4	7	7	15	1	14	2	6	3	2	0	10	10	0	9	8	8	12	11	4	13	5	14	13	15	9	12	1	2665	8272
6	11	9	10	14	2	1	3	10	15	5	14	2	6	13	7	0	9	15	8	8	0	7	1	12	13	3	12	4	4	11	5	2602	11283
6	11	14	15	4	3	12	7	5	13	13	9	7	5	15	1	1	6	9	2	3	14	11	10	2	0	10	4	0	8	8	12	4457	1280
6	12	0	14	15	13	9	15	14	6	8	4	7	7	1	5	10	1	12	3	3	0	5	2	2	11	4	9	11	10	13	8	264	3256
6	12	5	4	4	0	7	8	1	9	2	1	3	5	0	13	10	7	9	15	8	11	11	3	13	2	14	10	15	14	12	6	448	2568
6	12	9	13	14	5	1	4	10	8	5	9	2	1	13	0	0	14	15	15	8	7	7	6	12	10	3	11	4	3	11	2	6699	2161
6	12	14	8	4	4	12	0	5	10	13	14	7	2	15	6	1	1	9	5	3	9	11	13	2	7	10	3	0	15	8	11	2532	2660
6	13	0	15	15	12	9	14	14	7	8	5	7	6	1	4	10	0	12	2	3	1	5	3	2	10	4	8	11	11	13	9	4107	3157
6	13	5	5	4	1	7	9	1	8	2	0	3	4	0	12	10	6	9	14	8	10	11	2	13	3	14	11	15	15	12	7	2569	8352
6	13	14	9	4	5	12	1	5	11	13	15	7	3	15	7	1	0	9	4	3	8	11	12	2	6	10	2	0	14	8	10	2062	10752
6	14	0	12	15	15	9	13	14	4	8	6	7	5	1	7	10	3	12	1	3	2	5	0	2	9	4	11	11	8	13	10	898	3242
6	14	5	6	4	2	7	10	1	11	2	3	3	7	0	15	10	5	9	13	8	9	11	1	13	0	14	8	15	12	12	4	2560	8362
6	14	14	10	4	6	12	2	5	8	13	12	7	0	15	4	1	3	9	7	3	11	11	15	2	5	10	1	0	13	8	9	2316	2724
6	15	0	13	15	14	9	12	14	5	8	7	7	4	1	6	10	2	12	0	3	3	5	1	2	8	4	10	11	9	13	11	2408	11504
6	15	5	7	4	3	7	11	1	10	2	2	3	6	0	14	10	4	9	12	8	8	11	0	13	1	14	9	15	13	12	5	2560	8272
6	15	14	11	4	7	12	3	5	9	13	13	7	1	15	5	1	2	9	6	3	10	11	14	2	4	10	0	0	12	8	8	4834	10818
7	0	1	2	14	1	8	3	15	10	9	8	6	11	0	9	11	13	13	15	2	12	4	14	3	7	5	5	10	6	12	4	2440	572
7	0	4	8	5	12	6	4	0	5	3	13	2	9	1	1	11	11	8	3	9	7	10	15	12	14	15	6	14	2	13	10	2560	4101
7	0	15	4	5	8	13	12	4	6	12	2	6	14	14	10	0	13	8	9	2	5	10	1	3	11	11	15	1	3	9	7	2319	4713
7	1	1	3	14	0	8	2	15	11	9	9	6	10	0	8	11	12	13	14	2	13	4	15	3	6	5	4	10	7	12	5	526	797
7	1	4	9	5	13	6	5	0	4	3	12	2	8	1	0	11	10	8	2	9	6	10	14	12	15	15	7	14	3	13	11	2560	85
7	1	8	0	15	8	0	9	11	5	4	4	3	12	12	13	1	3	14	2	9	10	6	11	13	7	2	6	5	14	10	15	4745	790
7	1	15	5	5	9	13	13	4	7	12	3	6	15	14	11	0	12	8	8	2	4	10	0	3	10	11	14	1	2	9	6	4450	5502
7	2	1	0	14	3	8	1	15	8	9	10	6	9	0	11	11	15	13	13	2	14	4	12	3	5	5	7	10	4	12	6	623	814
7	2	4	10	5	14	6	6	0	7	3	15	2	11	1	3	11	9	8	1	9	5	10	13	12	12	15	4	14	0	13	8	2560	165
7	2	15	6	5	10	13	14	4	4	12	0	6	12	14	8	0	15	8	11	2	7	10	3	3	9	11	13	1	1	9	5	2062	5376
7	3	1	1	14	2	8	0	15	9	9	11	6	8	0	10	11	14	13	12	2	15	4	13	3	4	5	6	10	5	12	7	4615	793
7	3	4	11	5	15	6	7	0	6	3	14	2	10	1	2	11	8	8	0	9	4	10	12	12	13	15	5	14	1	13	9	2560	10
7	3	8	2	15	10	0	11	11	7	4	6	3	14	12	15	1	1	14	0	9	8	6	9	13	5	2	4	5	12	10	13	2665	5000
7	3	15	7	5	11	13	15	4	5	12	1	6	13	14	9	0	14	8	10	2	6	10	2	3	8	11	12	1	0	9	4	2380	1446
7	4	1	6	14	5	8	7	15	14	9	12	6	15	0	13	11	9	13	11	2	8	4	10	3	3	5	1	10	2	12	0	264	907
7	4	4	12	5	8	6	0	0	1	3	9	2	13	1	5	11	15	8	7	9	3	10	11	12	10	15	2	14	6	13	14	2560	4106
7	4	15	0	5	12	13	8	4	2	12	6	6	10	14	14	0	9	8	13	2	1	10	5	3	15	11	11	1	7	9	3	2316	2649
7	5	1	7	14	4	8	6	15	15	9	13	6	14	0	12	11	8	13	10	2	9	4	11	3	2	5	0	10	3	12	1	4107	853
7	5	4	13	5	9	6	1	0	0	3	8	2	12	1	4	11	14	8	6	9	2	10	10	12	11	15	3	14	7	13	15	2560	4181
7	5	15	1	5	13	13	9	4	3	12	7	6	11	14	15	0	8	8	12	2	0	10	4	3	14	11	10	1	6	9	2	2062	6656
7	6	1	4	14	7	8	5	15	12	9	14	6	13	0	15	11	11	13	9	2	10	4	8	3	1	5	3	10	0	12	2	896	938
7	6	4	14	5	10	6	2	0	3	3	11	2	15	1	7	11	13	8	5	9	1	10	9	12	8	15	0	14	4	13	12	2569	4101
7	6	15	2	5	14	13	10	4	0	12	4	6	8	14	12	0	11	8	15	2	3	10	7	3	13	11	9	1	5	9	1	2086	6658
7	7	1	5	14	6	8	4	15	13	9	15	6	12	0	14	11	10	13	8	2	11	4	9	3	0	5	2	10	1	12	3	2633	6950
7	7	4	15	5	11	6	3	0	2	3	10	2	14	1	6	11	12	8	4	9	0	10	8	12	9	15	1	14	5	13	13	2697	391
7	7	15	3	5	15	13	11	4	1	12	5	6	9	14	13	0	10	8	14	2	2	10	6	3	12	11	8	1	4	9	0	269	6688
7	8	1	10	14	9	8	11	15	2	9	0	6	3	0	1	11	5	13	7	2	4	4	6	3	15	5	13	10	14	12	12	2191	33
7	8	4	0	5	4	6	12	0	13	3	5	2	1	1	9	11	3	8	11	9	15	10	7	12	6	15	14	14	10	13	2	776	1062
7	8	15	12	5	0	13	4	4	14	12	10	6	6	14	2	0	5	8	1	2	13	10	9	3	3	11	7	1	11	9	15	269	9476
7	9	1	11	14	8	8	10	15	3	9	1	6	2	0	0	11	4	13	6	2	5	4	7	3	14	5	12	10	15	12	13	526	11473
7	9	4	1	5	5	6	13	0	12	3	4	2	0	1	8	11	2	8	10	9	14	10	6	12	7	15	15	14	11	13	3	6665	8432
7	9	8	8	15	0	0	1	11	13	4	12	3	4	12	5	1	11	14	10	9	2	6	3	13	15	2	14	5	6	10	7	2603	11571
7	9	15	13	5	1	13	5	4	15	12	11	6	7	14	3	0	4	8	0	2	12	10	8	3	2	11	6	1	10	9	14	2086	9536
7	10	1	8	14	11	8	9	15	0	9	2	6	1	0	3	11	7	13	5	2	6	4	4	3	13	5	15	10	12	12	14	772	3242
7	10	4	2	5	6	6	14	0	15	3	7	2	3	1	11	11	1	8	9	9	13	10	5	12	4	15	12	14	8	13	0	6656	8192
7	10	15	14	5	2	13	6	4	12	12	8	6	4	14	0	0	7	8	3	2	15	10	11	3	1	11	5	1	9	9	13	2062	9472
7	11	1	9	14	10	8	8	15	1	9	3	6	0	0	2	11	6	13	4	2	7	4	5	3	12	5	14	10	13	12	15	2474	1331
7	11	4	3	5	7	6	15	0	14	3	6	2	2	1	10	11	0	8	8	9	12	10	4	12	5	15	13	14	9	13	1	2560	80
7	11	8	10	15	2	0	3	11	15	4	14	3	6	12	7	1	9	14	8	9	0	6	1	13	13	2	12	5	4	10	5	6567	3073
7	11	15	15	5	3	13	7	4	13	12	9	6	5	14	1	0	6	8	2	2	14	10	10	3	0	11	4	1	8	9	12	2468	9544
7	12	1	14	14	13	8	15	15	6	9	4	6	7	0	5	11	1	13	3	2	0	4	2	3	11	5	9	10	10	12	8	2785	8888
7	12	4	4	5	0	6	8	0	9	3	1	2	5	1	13	11	7	8	15	9	11	10	3	12	2	15	10	14	14	13	6	2560	80
7	12	15	8	5	4	13	0	4	10	12	14	6	2	14	6	0	1	8	5	2	9	10	13	3	7	11	3	1	15	9	11	2316	2661
7	13	1	15	14	12	8	14	15	7	9	5	6	6	0	4	11	0	13	2	2	1	4	3	3	10	5	8	10	11	12	9	2884	11293
7	13	4	5	5	1	6	9	0	8	3	0	2	4	1	12	11	6	8	14	9	10	10	2	12	3	15	11	14	15	13	7	2560	85
7	13	15	9	5	5	13	1	4	11	12	15	6	3	14	7	0	0	8	4	2	8	10	12	3	6	11	2	1	14	9	10	2062	10752
7	14	1	12	14	15	8	13	15	4	9	6	6	5	0	7	11	3	13	1	2	2	4	0	3	9	5	11	10	8	12	10	2664	8898
7	14	4	6	5	2	6	10	0	11	3	3	2	7	1	15	11	5	8	13	9	9	10	1	12	0	15	8	14	12	13	4	2560	90
7	14	8	15	15	7	0	6	11	10	4	11	3	3	12	2	1	12	14	13	9	5	6	4	13	8	2	9	5	1	10	0	6826	242
7	14	15	10	5	6	13	2	4	8	12	12	6	0	14	4	0	3	8	7	2	11	10	15	3	5	11	1	1	13	9	9	2341	2660
7	15	1	13	14	14	8	12	15	5	9	7	6	4	0	6	11	2	13	0	2	3	4	1	3	8	5	10	10	9	12	11	2440	1212
7	15	4	7	5	3	6	11	0	10	3	2	2	6	1	14	11	4	8	12	9	8	10	0	12	1	15	9	14	13	13	5	2560	8202
7	15	15	11	5	7	13	3	4	9	12	13	6	1	14	5	0	2	8	6	2	10	10	14	3	4	11	0	1	12	9	8	269	10754
8	0	0	4	10	8	2	12	11	6	3	2	9	14	1	10	15	13	7	9	13	5	5	1	12	11	4	15	14	3	6	7	2224	5440
8	0	10	6	3	9	1	15	7	2	5	4	12	11	14	13	13	5	15	3	6	12	4	10	2	7	0	1	9	14	11	8	2352	5725
8	0	11	8	10	12	9	4	15	5	12	13	13	9	14	1	4	11	7	3	6	7	5	15	3	14	0	6	1	2	2	10	9472	4096
8	0	14	2	1	1	7	3	0	10	6	8	9	11	15	9	4	13	2	15	13	12	11	14	12	7	10	5	5	6	3	4	1302	5176
8	1	0	5	10	9	2	13	11	7	3	3	9	15	1	11	15	12	7	8	13	4	5	0	12	10	4	14	14	2	6	6	2224	5437
8	1	7	0	0	8	15	9	4	5	11	4	12	12	3	13	14	3	1	2	6	10	9	11	2	7	13	6	10	14	5	15	9361	790
8	1	11	9	10	13	9	5	15	4	12	12	13	8	14	0	4	10	7	2	6	6	5	14	3	15	0	7	1	3	2	11	9472	0
8	1	14	3	1	0	7	2	0	11	6	9	9	10	15	8	4	12	2	14	13	13	11	15	12	6	10	4	5	7	3	5	3568	4980
8	2	0	6	10	10	2	14	11	4	3	0	9	12	1	8	15	15	7	11	13	7	5	3	12	9	4	13	14	1	6	5	10336	5565
8	2	7	3	0	11	15	10	4	6	11	7	12	15	3	14	14	0	1	1	6	9	9	8	2	4	13	5	10	13	5	12	8454	951
8	2	11	10	10	14	9	6	15	7	12	15	13	11	14	3	4	9	7	1	6	5	5	13	3	12	0	4	1	0	2	8	1376	4256
8	2	14	0	1	3	7	1	0	8	6	10	9	9	15	11	4	15	2	13	13	14	11	12	12	5	10	7	5	4	3	6	1392	956
8	3	0	7	10	11	2	15	11	5	3	1	9	13	1	9	15	14	7	10	13	6	5	2	12	8	4	12	14	0	6	4	2150	5376
8	3	7	2	0	10	15	11	4	7	11	6	12	14	3	15	14	1	1	0	6	8	9	9	2	5	13	4	10	12	5	13	10737	4864
8	3	11	11	10	15	9	7	15	6	12	14	13	10	14	2	4	8	7	0	6	4	5	12	3	13	0	5	1	1	2	9	1376	4106
8	3	14	1	1	2	7	0	0	9	6	11	9	8	15	10	4	14	2	12	13	15	11	13	12	4	10	6	5	5	3	7	2448	4879
8	4	0	0	10	12	2	8	11	2	3	6	9	10	1	14	15	9	7	13	13	1	5	5	12	15	4	11	14	7	6	3	2086	6672
8	4	10	2	3	13	1	11	7	6	5	0	12	15	14	9	13	1	15	7	6	8	4	14	2	3	0	5	9	10	11	12	9573	2649
8	4	11	12	10	8	9	0	15	1	12	9	13	13	14	5	4	15	7	7	6	3	5	11	3	10	0	2	1	6	2	14	1280	4106
8	4	14	6	1	5	7	7	0	14	6	12	9	15	15	13	4	9	2	11	13	8	11	10	12	3	10	1	5	2	3	0	1415	2972
8	5	0	1	10	13	2	9	11	3	3	7	9	11	1	15	15	8	7	12	13	0	5	4	12	14	4	10	14	6	6	2	10342	2779
8	5	7	4	0	12	15	13	4	1	11	0	12	8	3	9	14	7	1	6	6	14	9	15	2	3	13	2	10	10	5	11	8230	858
8	5	11	13	10	9	9	1	15	0	12	8	13	12	14	4	4	14	7	6	6	2	5	10	3	11	0	3	1	7	2	15	9472	4096
8	5	14	7	1	4	7	6	0	15	6	13	9	14	15	12	4	8	2	10	13	9	11	11	12	2	10	0	5	3	3	1	3104	853
8	6	0	2	10	14	2	10	11	0	3	4	9	8	1	12	15	11	7	15	13	3	5	7	12	13	4	9	14	5	6	1	10305	2791
8	6	7	7	0	15	15	14	4	2	11	3	12	11	3	10	14	4	1	5	6	13	9	12	2	0	13	1	10	9	5	8	8550	877
8	6	11	14	10	10	9	2	15	3	12	11	13	15	14	7	4	13	7	5	6	1	5	9	3	8	0	0	1	4	2	12	1424	4101
8	6	14	4	1	7	7	5	0	12	6	14	9	13	15	15	4	11	2	9	13	10	11	8	12	1	10	3	5	0	3	2	3328	866
8	7	0	3	10	15	2	11	11	1	3	5	9	9	1	13	15	10	7	14	13	2	5	6	12	12	4	8	14	4	6	0	2150	2560
8	7	11	15	10	11	9	3	15	2	12	10	13	14	14	6	4	12	7	4	6	0	5	8	3	9	0	1	1	5	2	13	211	173
8	7	14	5	1	6	7	4	0	13	6	15	9	12	15	14	4	10	2	8	13	11	11	9	12	0	10	2	5	1	3	3	2289	839
8	8	0	12	10	0	2	4	11	14	3	10	9	6	1	2	15	5	7	1	13	13	5	9	12	3	4	7	14	11	6	15	2406	1317
8	8	10	14	3	1	1	7	7	10	5	12	12	3	14	5	13	13	15	11	6	4	4	2	2	15	0	9	9	6	11	0	9285	9476
8	8	11	0	10	4	9	12	15	13	12	5	13	1	14	9	4	3	7	11	6	15	5	7	3	6	0	14	1	10	2	2	2500	3317
8	8	14	10	1	9	7	11	0	2	6	0	9	3	15	1	4	5	2	7	13	4	11	6	12	15	10	13	5	14	3	12	2512	3313
8	9	0	13	10	1	2	5	11	15	3	11	9	7	1	3	15	4	7	0	13	12	5	8	12	2	4	6	14	10	6	14	10305	1511
8	9	7	8	0	0	15	1	4	13	11	12	12	4	3	5	14	11	1	10	6	2	9	3	2	15	13	14	10	6	5	7	8294	85
8	9	11	1	10	5	9	13	15	12	12	4	13	0	14	8	4	2	7	10	6	14	5	6	3	7	0	15	1	11	2	3	9616	8432
8	9	14	11	1	8	7	10	0	3	6	1	9	2	15	0	4	4	2	6	13	5	11	7	12	14	10	12	5	15	3	13	1136	11473
8	10	0	14	10	2	2	6	11	12	3	8	9	4	1	0	15	7	7	3	13	15	5	11	12	1	4	5	14	9	6	13	10342	1499
8	10	11	2	10	6	9	14	15	15	12	7	13	3	14	11	4	1	7	9	6	13	5	5	3	4	0	12	1	8	2	0	9472	240
8	10	14	8	1	11	7	9	0	0	6	2	9	1	15	3	4	7	2	5	13	6	11	4	12	13	10	15	5	12	3	14	1428	11713
8	11	0	15	10	3	2	7	11	13	3	9	9	5	1	1	15	6	7	2	13	14	5	10	12	0	4	4	14	8	6	12	9430	9496
8	11	11	3	10	7	9	15	15	14	12	6	13	2	14	10	4	0	7	8	6	12	5	4	3	5	0	13	1	9	2	1	1280	8272
8	11	14	9	1	10	7	8	0	1	6	3	9	0	15	2	4	6	2	4	13	7	11	5	12	12	10	14	5	13	3	15	2323	3312
8	12	0	8	10	4	2	0	11	10	3	14	9	2	1	6	15	1	7	5	13	9	5	13	12	7	4	3	14	15	6	11	2404	2724
8	12	10	10	3	5	1	3	7	14	5	8	12	7	14	1	13	9	15	15	6	0	4	6	2	11	0	13	9	2	11	4	2454	8297
8	12	11	4	10	0	9	8	15	9	12	1	13	5	14	13	4	7	7	15	6	11	5	3	3	2	0	10	1	14	2	6	9472	0
8	12	14	14	1	13	7	15	0	6	6	4	9	7	15	5	4	1	2	3	13	0	11	2	12	11	10	9	5	10	3	8	1414	8856
8	13	0	9	10	5	2	1	11	11	3	15	9	3	1	7	15	0	7	4	13	8	5	12	12	6	4	2	14	14	6	10	10336	10941
8	13	11	5	10	1	9	9	15	8	12	0	13	4	14	12	4	6	7	14	6	10	5	2	3	3	0	11	1	15	2	7	9472	0
8	13	14	15	1	12	7	14	0	7	6	5	9	6	15	4	4	0	2	2	13	1	11	3	12	10	10	8	5	11	3	9	3111	3157
8	14	0	10	10	6	2	2	11	8	3	12	9	0	1	4	15	3	7	7	13	11	5	15	12	5	4	1	14	13	6	9	102	9932
8	14	11	6	10	2	9	10	15	11	12	3	13	7	14	15	4	5	7	13	6	9	5	1	3	0	0	8	1	12	2	4	9472	240
8	14	14	12	1	15	7	13	0	4	6	6	9	5	15	7	4	3	2	1	13	2	11	0	12	9	10	11	5	8	3	10	1136	3256
8	15	0	11	10	7	2	3	11	9	3	13	9	1	1	5	15	2	7	6	13	10	5	14	12	4	4	0	14	12	6	8	2224	10754
8	15	11	7	10	3	9	11	15	10	12	2	13	6	14	14	4	4	7	12	6	8	5	0	3	1	0	9	1	13	2	5	1376	8192
8	15	14	13	1	14	7	12	0	5	6	7	9	4	15	6	4	2	2	0	13	3	11	1	12	8	10	10	5	9	3	11	503	3256
9	0	1	4	11	8	3	12	10	6	2	2	8	14	0	10	14	13	6	9	12	5	4	1	13	11	5	15	15	3	7	7	2340	1370
9	0	10	8	11	12	8	4	14	5	13	13	12	9	15	1	5	11	6	3	7	7	4	15	2	14	1	6	0	2	3	10	9472	4191
9	0	15	2	0	1	6	3	1	10	7	8	8	11	14	9	5	13	3	15	12	12	10	14	13	7	11	5	4	6	2	4	9350	878
9	1	1	5	11	9	3	13	10	7	2	3	8	15	0	11	14	12	6	8	12	4	4	0	13	10	5	14	15	2	7	6	484	1316
9	1	6	0	1	8	14	9	5	5	10	4	13	12	2	13	15	3	0	2	7	10	8	11	3	7	12	6	11	14	4	15	8263	858
9	1	10	9	11	13	8	5	14	4	13	12	12	8	15	0	5	10	6	2	7	6	4	14	2	15	1	7	0	3	3	11	9472	4096
9	1	15	3	0	0	6	2	1	11	7	9	8	10	14	8	5	12	3	14	12	13	10	15	13	6	11	4	4	7	2	5	1302	4408
9	2	1	6	11	10	3	14	10	4	2	0	8	12	0	8	14	15	6	11	12	7	4	3	13	9	5	13	15	1	7	5	486	1280
9	2	6	3	1	11	14	10	5	6	10	7	13	15	2	14	15	0	0	1	7	9	8	8	3	4	12	5	11	13	4	12	9543	4876
9	2	10	10	11	14	8	6	14	7	13	15	12	11	15	3	5	9	6	1	7	5	4	13	2	12	1	4	0	0	3	8	9616	4111
9	2	15	0	0	3	6	1	1	8	7	10	8	9	14	11	5	15	3	13	12	14	10	12	13	5	11	7	4	4	2	6	1414	4377
9	3	1	7	11	11	3	15	10	5	2	1	8	13	0	9	14	14	6	10	12	6	4	2	13	8	5	12	15	0	7	4	2086	5377
9	3	10	11	11	15	8	7	14	6	13	14	12	10	15	2	5	8	6	0	7	4	4	12	2	13	1	5	0	1	3	9	3122	1454
9	3	15	1	0	2	6	0	1	9	7	11	8	8	14	10	5	14	3	12	12	15	10	13	13	4	11	6	4	5	2	7	496	33
9	4	1	0	11	12	3	8	10	2	2	6	8	10	0	14	14	9	6	13	12	1	4	5	13	15	5	11	15	7	7	3	2086	6664
9	4	6	5	1	13	14	12	5	0	10	1	13	9	2	8	15	6	0	7	7	15	8	14	3	2	12	3	11	11	4	10	10677	896
9	4	10	12	11	8	8	0	14	1	13	9	12	13	15	5	5	15	6	7	7	3	4	11	2	10	1	2	0	6	3	14	1280	4101
9	4	15	6	0	5	6	7	1	14	7	12	8	15	14	13	5	9	3	11	12	8	10	10	13	3	11	1	4	2	2	0	368	839
9	5	1	1	11	13	3	9	10	3	2	7	8	11	0	15	14	8	6	12	12	0	4	4	13	14	5	10	15	6	7	2	10305	2779
9	5	10	13	11	9	8	1	14	0	13	8	12	12	15	4	5	14	6	6	7	2	4	10	2	11	1	3	0	7	3	15	1280	85
9	5	15	7	0	4	6	6	1	15	7	13	8	14	14	12	5	8	3	10	12	9	10	11	13	2	11	0	4	3	2	1	3072	90
9	6	1	2	11	14	3	10	10	0	2	4	8	8	0	12	14	11	6	15	12	3	4	7	13	13	5	9	15	5	7	1	10310	6887
9	6	6	7	1	15	14	14	5	2	10	3	13	11	2	10	15	4	0	5	7	13	8	12	3	0	12	1	11	9	4	8	9479	3009
9	6	10	14	11	10	8	2	14	3	13	11	12	15	15	7	5	13	6	5	7	1	4	9	2	8	1	0	0	4	3	12	1280	165
9	6	15	4	0	7	6	5	1	12	7	14	8	13	14	15	5	11	3	9	12	10	10	8	13	1	11	3	4	0	2	2	3360	870
9	7	1	3	11	15	3	11	10	1	2	5	8	9	0	13	14	10	6	14	12	2	4	6	13	12	5	8	15	4	7	0	2086	2596
9	7	10	15	11	11	8	3	14	2	13	10	12	14	15	6	5	12	6	4	7	0	4	8	2	9	1	1	0	5	3	13	9472	0
9	7	15	5	0	6	6	4	1	13	7	15	8	12	14	14	5	10	3	8	12	11	10	9	13	0	11	2	4	1	2	3	1143	868
9	8	1	12	11	0	3	4	10	14	2	10	8	6	0	2	14	5	6	1	12	13	4	9	13	3	5	7	15	11	7	15	2224	9504
9	8	6	9	1	1	14	0	5	12	10	13	13	5	2	4	15	10	0	11	7	3	8	2	3	14	12	15	11	7	4	6	1303	3377
9	8	10	0	11	4	8	12	14	13	13	5	12	1	15	9	5	3	6	11	7	15	4	7	2	6	1	14	0	10	3	2	9472	0
9	8	15	10	0	9	6	11	1	2	7	0	8	3	14	1	5	5	3	7	12	4	10	6	13	15	11	13	4	14	2	12	1430	10467
9	9	1	13	11	1	3	5	10	15	2	11	8	7	0	3	14	4	6	0	12	12	4	8	13	2	5	6	15	10	7	14	2343	9318
9	9	10	1	11	5	8	13	14	12	13	4	12	0	15	8	5	2	6	10	7	14	4	6	2	7	1	15	0	11	3	3	1280	85
9	9	15	11	0	8	6	10	1	3	7	1	8	2	14	0	5	4	3	6	12	5	10	7	13	14	11	12	4	15	2	13	3136	3157
9	10	1	14	11	2	3	6	10	12	2	8	8	4	0	0	14	7	6	3	12	15	4	11	13	1	5	5	15	9	7	13	368	9472
9	10	10	2	11	6	8	14	14	15	13	7	12	3	15	11	5	1	6	9	7	13	4	5	2	4	1	12	0	8	3	0	9472	0
9	10	15	8	0	11	6	9	1	0	7	2	8	1	14	3	5	7	3	5	12	6	10	4	13	13	11	15	4	12	2	14	1136	11490
9	11	1	15	11	3	3	7	10	13	2	9	8	5	0	1	14	6	6	2	12	14	4	10	13	0	5	4	15	8	7	12	2086	9488
9	11	10	3	11	7	8	15	14	14	13	6	12	2	15	10	5	0	6	8	7	12	4	4	2	5	1	13	0	9	3	1	9472	8192
9	11	15	9	0	10	6	8	1	1	7	3	8	0	14	2	5	6	3	4	12	7	10	5	13	12	11	14	4	13	2	15	9440	3281
9	12	1	8	11	4	3	0	10	10	2	14	8	2	0	6	14	1	6	5	12	9	4	13	13	7	5	3	15	15	7	11	2086	10880
9	12	6	13	1	5	14	4	5	8	10	9	13	1	2	0	15	14	0	15	7	7	8	6	3	10	12	11	11	3	4	2	10630	11264
9	12	10	4	11	0	8	8	14	9	13	1	12	5	15	13	5	7	6	15	7	11	4	3	2	2	1	10	0	14	3	6	1367	3756
9	12	15	14	0	13	6	15	1	6	7	4	8	7	14	5	5	1	3	3	12	0	10	2	13	11	11	9	4	10	2	8	2320	128
9	13	1	9	11	5	3	1	10	11	2	15	8	3	0	7	14	0	6	4	12	8	4	12	13	6	5	2	15	14	7	10	2468	2585
9	13	6	12	1	4	14	5	5	9	10	8	13	0	2	1	15	15	0	14	7	6	8	7	3	11	12	10	11	2	4	3	9712	10313
9	13	10	5	11	1	8	9	14	8	13	0	12	4	15	12	5	6	6	14	7	10	4	2	2	3	1	11	0	15	3	7	9616	8432
9	13	15	15	0	12	6	14	1	7	7	5	8	6	14	4	5	0	3	2	12	1	10	3	13	10	11	8	4	11	2	9	1473	11456
9	14	1	10	11	6	3	2	10	8	2	12	8	0	0	4	14	3	6	7	12	11	4	15	13	5	5	1	15	13	7	9	10503	1126
9	14	6	15	1	7	14	6	5	10	10	11	13	3	2	2	15	12	0	13	7	5	8	4	3	8	12	9	11	1	4	0	1520	10444
9	14	10	6	11	2	8	10	14	11	13	3	12	7	15	15	5	5	6	13	7	9	4	1	2	0	1	8	0	12	3	4	1280	8362
9	14	15	12	0	15	6	13	1	4	7	6	8	5	14	7	5	3	3	1	12	2	10	0	13	9	11	11	4	8	2	10	1302	10268
9	15	1	11	11	7	3	3	10	9	2	13	8	1	0	5	14	2	6	6	12	10	4	14	13	4	5	0	15	12	7	8	2224	10816
9	15	6	14	1	6	14	7	5	11	10	10	13	2	2	3	15	13	0	12	7	4	8	5	3	9	12	8	11	0	4	1	10391	3204
9	15	10	7	11	3	8	11	14	10	13	2	12	6	15	14	5	4	6	12	7	8	4	0	2	1	1	9	0	13	3	5	9472	8442
9	15	15	13	0	14	6	12	1	5	7	7	8	4	14	6	5	2	3	0	12	3	10	1	13	8	11	10	4	9	2	11	9350	3188
10	0	2	4	8	8	0	12	9	6	1	2	11	14	3	10	13	13	5	9	15	5	7	1	14	11	6	15	12	3	4	7	2200	1316
10	0	9	8	8	12	11	4	13	5	14	13	15	9	12	1	6	11	5	3	4	7	7	15	1	14	2	6	3	2	0	10	1280	10
10	0	12	2	3	1	5	3	2	10	4	8	11	11	13	9	6	13	0	15	15	12	9	14	14	7	8	5	7	6	1	4	3568	94
10	1	2	5	8	9	0	13	9	7	1	3	11	15	3	11	13	12	5	8	15	4	7	0	14	10	6	14	12	2	4	6	9514	5466
10	1	5	0	2	8	13	9	6	5	9	4	14	12	1	13	12	3	3	2	4	10	11	11	0	7	15	6	8	14	7	15	9696	4461
10	1	9	9	8	13	11	5	13	4	14	12	15	8	12	0	6	10	5	2	4	6	7	14	1	15	2	7	3	3	0	11	1280	85
10	1	12	3	3	0	5	2	2	11	4	9	11	10	13	8	6	12	0	14	15	13	9	15	14	6	8	4	7	7	1	5	2474	1331
10	2	2	6	8	10	0	14	9	4	1	0	11	12	3	8	13	15	5	11	15	7	7	3	14	9	6	13	12	1	4	5	281	5376
10	2	5	3	2	11	13	10	6	6	9	7	14	15	1	14	12	0	3	1	4	9	11	8	0	4	15	5	8	13	7	12	9714	4531
10	2	9	10	8	14	11	6	13	7	14	15	15	11	12	3	6	9	5	1	4	5	7	13	1	12	2	4	3	0	0	8	1280	165
10	2	12	0	3	3	5	1	2	8	4	10	11	9	13	11	6	15	0	13	15	14	9	12	14	5	8	7	7	4	1	6	3328	925
10	3	2	7	8	11	0	15	9	5	1	1	11	13	3	9	13	14	5	10	15	6	7	2	14	8	6	12	12	0	4	4	9368	5400
10	3	5	2	2	10	13	11	6	7	9	6	14	14	1	15	12	1	3	0	4	8	11	9	0	5	15	4	8	12	7	13	3176	933
10	3	9	11	8	15	11	7	13	6	14	14	15	10	12	2	6	8	5	0	4	4	7	12	1	13	2	5	3	1	0	9	9472	4271
10	3	12	1	3	2	5	0	2	9	4	11	11	8	13	10	6	14	0	12	15	15	9	13	14	4	8	6	7	5	1	7	1024	5017
10	4	2	0	8	12	0	8	9	2	1	6	11	10	3	14	13	9	5	13	15	1	7	5	14	15	6	11	12	7	4	3	2520	2969
10	4	9	12	8	8	11	0	13	1	14	9	15	13	12	5	6	15	5	7	4	3	7	11	1	10	2	2	3	6	0	14	1520	4181
10	4	12	6	3	5	5	7	2	14	4	12	11	15	13	13	6	9	0	11	15	8	9	10	14	3	8	1	7	2	1	0	1152	925
10	5	2	1	8	13	0	9	9	3	1	7	11	11	3	15	13	8	5	12	15	0	7	4	14	14	6	10	12	6	4	2	2456	2586
10	5	5	4	2	12	13	13	6	1	9	0	14	8	1	9	12	7	3	6	4	14	11	15	0	3	15	2	8	10	7	11	10673	4864
10	5	9	13	8	9	11	1	13	0	14	8	15	12	12	4	6	14	5	6	4	2	7	10	1	11	2	3	3	7	0	15	1376	4101
10	5	12	7	3	4	5	6	2	15	4	13	11	14	13	12	6	8	0	10	15	9	9	11	14	2	8	0	7	3	1	1	3360	921
10	6	2	2	8	14	0	10	9	0	1	4	11	8	3	12	13	11	5	15	15	3	7	7	14	13	6	9	12	5	4	1	8632	6785
10	6	5	7	2	15	13	14	6	2	9	3	14	11	1	10	12	4	3	5	4	13	11	12	0	0	15	1	8	9	7	8	8665	4936
10	6	9	14	8	10	11	2	13	3	14	11	15	15	12	7	6	13	5	5	4	1	7	9	1	8	2	0	3	4	0	12	9472	0
10	6	12	4	3	7	5	5	2	12	4	14	11	13	13	15	6	11	0	9	15	10	9	8	14	1	8	3	7	0	1	2	368	814
10	7	2	3	8	15	0	11	9	1	1	5	11	9	3	13	13	10	5	14	15	2	7	6	14	12	6	8	12	4	4	0	2200	6656
10	7	9	15	8	11	11	3	13	2	14	10	15	14	12	6	6	12	5	4	4	0	7	8	1	9	2	1	3	5	0	13	1280	4106
10	7	12	5	3	6	5	4	2	13	4	15	11	12	13	14	6	10	0	8	15	11	9	9	14	0	8	2	7	1	1	3	1370	2595
10	8	2	12	8	0	0	4	9	14	1	10	11	6	3	2	13	5	5	1	15	13	7	9	14	3	6	7	12	11	4	15	2200	9472
10	8	9	0	8	4	11	12	13	13	14	5	15	1	12	9	6	3	5	11	4	15	7	7	1	6	2	14	3	10	0	2	9472	8192
10	8	12	10	3	9	5	11	2	2	4	0	11	3	13	1	6	5	0	7	15	4	9	6	14	15	8	13	7	14	1	12	1496	3092
10	9	2	13	8	1	0	5	9	15	1	11	11	7	3	3	13	4	5	0	15	12	7	8	14	2	6	6	12	10	4	14	2331	9313
10	9	5	8	2	0	13	1	6	13	9	12	14	4	1	5	12	11	3	10	4	2	11	3	0	15	15	14	8	6	7	7	9577	3187
10	9	9	1	8	5	11	13	13	12	14	4	15	0	12	8	6	2	5	10	4	14	7	6	1	7	2	15	3	11	0	3	1280	85
10	9	12	11	3	8	5	10	2	3	4	1	11	2	13	0	6	4	0	6	15	5	9	7	14	14	8	12	7	15	1	13	368	3188
10	10	2	14	8	2	0	6	9	12	1	8	11	4	3	0	13	7	5	3	15	15	7	11	14	1	6	5	12	9	4	13	2328	1344
10	10	5	11	2	3	13	2	6	14	9	15	14	7	1	6	12	8	3	9	4	1	11	0	0	12	15	13	8	5	7	4	10584	11264
10	10	9	2	8	6	11	14	13	15	14	7	15	3	12	11	6	1	5	9	4	13	7	5	1	4	2	12	3	8	0	0	1376	8352
10	10	12	8	3	11	5	9	2	0	4	2	11	1	13	3	6	7	0	5	15	6	9	4	14	13	8	15	7	12	1	14	1385	10435
10	11	2	15	8	3	0	7	9	13	1	9	11	5	3	1	13	6	5	2	15	14	7	10	14	0	6	4	12	8	4	12	2224	9600
10	11	9	3	8	7	11	15	13	14	14	6	15	2	12	10	6	0	5	8	4	12	7	4	1	5	2	13	3	9	0	1	1520	8362
10	11	12	9	3	10	5	8	2	1	4	3	11	0	13	2	6	6	0	4	15	7	9	5	14	12	8	14	7	13	1	15	2547	11403
10	12	2	8	8	4	0	0	9	10	1	14	11	2	3	6	13	1	5	5	15	9	7	13	14	7	6	3	12	15	4	11	2520	2585
10	12	9	4	8	0	11	8	13	9	14	1	15	5	12	13	6	7	5	15	4	11	7	3	1	2	2	10	3	14	0	6	1376	8357
10	12	12	14	3	13	5	15	2	6	4	4	11	7	13	5	6	1	0	3	15	0	9	2	14	11	8	9	7	10	1	8	1385	10268
10	13	2	9	8	5	0	1	9	11	1	15	11	3	3	7	13	0	5	4	15	8	7	12	14	6	6	2	12	14	4	10	2328	2596
10	13	5	12	2	4	13	5	6	9	9	8	14	0	1	1	12	15	3	14	4	6	11	7	0	11	15	10	8	2	7	3	9712	10476
10	13	9	5	8	1	11	9	13	8	14	0	15	4	12	12	6	6	5	14	4	10	7	2	1	3	2	11	3	15	0	7	9472	8192
10	13	12	15	3	12	5	14	2	7	4	5	11	6	13	4	6	0	0	2	15	1	9	3	14	10	8	8	7	11	1	9	264	3281
10	14	2	10	8	6	0	2	9	8	1	12	11	0	3	4	13	3	5	7	15	11	7	15	14	5	6	1	12	13	4	9	368	10752
10	14	9	6	8	2	11	10	13	11	14	3	15	7	12	15	6	5	5	13	4	9	7	1	1	0	2	8	3	12	0	4	9472	0
10	14	12	12	3	15	5	13	2	4	4	6	11	5	13	7	6	3	0	1	15	2	9	0	14	9	8	11	7	8	1	10	1321	10310
10	15	2	11	8	7	0	3	9	9	1	13	11	1	3	5	13	2	5	6	15	10	7	14	14	4	6	0	12	12	4	8	2200	2596
10	15	5	14	2	6	13	7	6	11	9	10	14	2	1	3	12	13	3	12	4	4	11	5	0	9	15	8	8	0	7	1	9321	11282
10	15	9	7	8	3	11	11	13	10	14	2	15	6	12	14	6	4	5	12	4	8	7	0	1	1	2	9	3	13	0	5	9472	0
10	15	12	13	3	14	5	12	2	5	4	7	11	4	13	6	6	2	0	0	15	3	9	1	14	8	8	10	7	9	1	11	2312	254
11	0	3	4	9	8	1	12	8	6	0	2	10	14	2	10	12	13	4	9	14	5	6	1	15	11	7	15	13	3	5	7	368	5439
11	0	8	8	9	12	10	4	12	5	15	13	14	9	13	1	7	11	4	3	5	7	6	15	0	14	3	6	2	2	1	10	1376	4176
11	0	13	2	2	1	4	3	3	10	5	8	10	11	12	9	7	13	1	15	14	12	8	14	15	7	9	5	6	6	0	4	1136	4935
11	1	3	5	9	9	1	13	8	7	0	3	10	15	2	11	12	12	4	8	14	4	6	0	15	10	7	14	13	2	5	6	2328	1304
11	1	8	9	9	13	10	5	12	4	15	12	14	8	13	0	7	10	4	2	5	6	6	14	0	15	3	7	2	3	1	11	1376	4101
11	1	13	3	2	0	4	2	3	11	5	9	10	10	12	8	7	12	1	14	14	13	8	15	15	6	9	4	6	7	0	5	2321	1084
11	2	3	6	9	10	1	14	8	4	0	0	10	12	2	8	12	15	4	11	14	7	6	3	15	9	7	13	13	1	5	5	2457	1445
11	2	4	3	3	11	12	10	7	6	8	7	15	15	0	14	13	0	2	1	5	9	10	8	1	4	14	5	9	13	6	12	1395	4872
11	2	8	10	9	14	10	6	12	7	15	15	14	11	13	3	7	9	4	1	5	5	6	13	0	12	3	4	2	0	1	8	1280	165
11	2	13	0	2	3	4	1	3	8	5	10	10	9	12	11	7	15	1	13	14	14	8	12	15	5	9	7	6	4	0	6	1353	5176
11	3	3	7	9	11	1	15	8	5	0	1	10	13	2	9	12	14	4	10	14	6	6	2	15	8	7	12	13	0	5	4	2200	1304
11	3	4	2	3	10	12	11	7	7	8	6	15	14	0	15	13	1	2	0	5	8	10	9	1	5	14	4	9	12	6	13	1256	5047
11	3	8	11	9	15	10	7	12	6	15	14	14	10	13	2	7	8	4	0	5	4	6	12	0	13	3	5	2	1	1	9	1280	4106
11	3	13	1	2	2	4	0	3	9	5	11	10	8	12	10	7	14	1	12	14	15	8	13	15	4	9	6	6	5	0	7	1024	905
11	4	3	0	9	12	1	8	8	2	0	6	10	10	2	14	12	9	4	13	14	1	6	5	15	15	7	11	13	7	5	3	2224	6784
11	4	4	5	3	13	12	12	7	0	8	1	15	9	0	8	13	6	2	7	5	15	10	14	1	2	14	3	9	11	6	10	1265	790
11	4	8	12	9	8	10	0	12	1	15	9	14	13	13	5	7	15	4	7	5	3	6	11	0	10	3	2	2	6	1	14	1280	10
11	4	13	6	2	5	4	7	3	14	5	12	10	15	12	13	7	9	1	11	14	8	8	10	15	3	9	1	6	2	0	0	1032	793
11	5	3	1	9	13	1	9	8	3	0	7	10	11	2	15	12	8	4	12	14	0	6	4	15	14	7	10	13	6	5	2	2393	6674
11	5	4	4	3	12	12	13	7	1	8	0	15	8	0	9	13	7	2	6	5	14	10	15	1	3	14	2	9	10	6	11	8521	4996
11	5	8	13	9	9	10	1	12	0	15	8	14	12	13	4	7	14	4	6	5	2	6	10	0	11	3	3	2	7	1	15	1520	0
11	5	13	7	2	4	4	6	3	15	5	13	10	14	12	12	7	8	1	10	14	9	8	11	15	2	9	0	6	3	0	1	264	797
11	6	3	2	9	14	1	10	8	0	0	4	10	8	2	12	12	11	4	15	14	3	6	7	15	13	7	9	13	5	5	1	496	6688
11	6	8	14	9	10	10	2	12	3	15	11	14	15	13	7	7	13	4	5	5	1	6	9	0	8	3	0	2	4	1	12	1280	4266
11	6	13	4	2	7	4	5	3	12	5	14	10	13	12	15	7	11	1	9	14	10	8	8	15	1	9	3	6	0	0	2	496	33
11	7	3	3	9	15	1	11	8	1	0	5	10	9	2	13	12	10	4	14	14	2	6	6	15	12	7	8	13	4	5	0	2200	6656
11	7	4	6	3	14	12	15	7	3	8	2	15	10	0	11	13	5	2	4	5	12	10	13	1	1	14	0	9	8	6	9	9642	4876
11	7	8	15	9	11	10	3	12	2	15	10	14	14	13	6	7	12	4	4	5	0	6	8	0	9	3	1	2	5	1	13	9472	4271
11	7	13	5	2	6	4	4	3	13	5	15	10	12	12	14	7	10	1	8	14	11	8	9	15	0	9	2	6	1	0	3	1473	4867
11	8	3	12	9	0	1	4	8	14	0	10	10	6	2	2	12	5	4	1	14	13	6	9	15	3	7	7	13	11	5	15	2200	9472
11	8	4	9	3	1	12	0	7	12	8	13	15	5	0	4	13	10	2	11	5	3	10	2	1	14	14	15	9	7	6	6	1520	11571
11	8	8	0	9	4	10	12	12	13	15	5	14	1	13	9	7	3	4	11	5	15	6	7	0	6	3	14	2	10	1	2	9472	8437
11	8	13	10	2	9	4	11	3	2	5	0	10	3	12	1	7	5	1	7	14	4	8	6	15	15	9	13	6	14	0	12	2417	11459
11	9	3	13	9	1	1	5	8	15	0	11	10	7	2	3	12	4	4	0	14	12	6	8	15	2	7	6	13	10	5	14	2328	1281
11	9	4	8	3	0	12	1	7	13	8	12	15	4	0	5	13	11	2	10	5	2	10	3	1	15	14	14	9	6	6	7	10520	371
11	9	8	1	9	5	10	13	12	12	15	4	14	0	13	8	7	2	4	10	5	14	6	6	0	7	3	15	2	11	1	3	1280	245
11	9	13	11	2	8	4	10	3	3	5	1	10	2	12	0	7	4	1	6	14	5	8	7	15	14	9	12	6	15	0	13	3392	11366
11	10	3	14	9	2	1	6	8	12	0	8	10	4	2	0	12	7	4	3	14	15	6	11	15	1	7	5	13	9	5	13	2393	9544
11	10	8	2	9	6	10	14	12	15	15	7	14	3	13	11	7	1	4	9	5	13	6	5	0	4	3	12	2	8	1	0	1280	170
11	10	13	8	2	11	4	9	3	0	5	2	10	1	12	3	7	7	1	5	14	6	8	4	15	13	9	15	6	12	0	14	3328	3217
11	11	3	15	9	3	1	7	8	13	0	9	10	5	2	1	12	6	4	2	14	14	6	10	15	0	7	4	13	8	5	12	2224	9473
11	11	4	10	3	2	12	3	7	15	8	14	15	6	0	7	13	9	2	8	5	0	10	1	1	13	14	12	9	4	6	5	8344	3162
11	11	8	3	9	7	10	15	12	14	15	6	14	2	13	10	7	0	4	8	5	12	6	4	0	5	3	13	2	9	1	1	9472	0
11	11	13	9	2	10	4	8	3	1	5	3	10	0	12	2	7	6	1	4	14	7	8	5	15	12	9	14	6	13	0	15	2161	3211
11	12	3	8	9	4	1	0	8	10	0	14	10	2	2	6	12	1	4	5	14	9	6	13	15	7	7	3	13	15	5	11	10305	2596
11	12	8	4	9	0	10	8	12	9	15	1	14	5	13	13	7	7	4	15	5	11	6	3	0	2	3	10	2	14	1	6	9472	240
11	12	13	14	2	13	4	15	3	6	5	4	10	7	12	5	7	1	1	3	14	0	8	2	15	11	9	9	6	10	0	8	1355	8732
11	13	3	9	9	5	1	1	8	11	0	15	10	3	2	7	12	0	4	4	14	8	6	12	15	6	7	2	13	14	5	10	2457	2724
11	13	8	5	9	1	10	9	12	8	15	0	14	4	13	12	7	6	4	14	5	10	6	2	0	3	3	11	2	15	1	7	1280	85
11	13	13	15	2	12	4	14	3	7	5	5	10	6	12	4	7	0	1	2	14	1	8	3	15	10	9	8	6	11	0	9	3360	3224
11	14	3	10	9	6	1	2	8	8	0	12	10	0	2	4	12	3	4	7	14	11	6	15	15	5	7	1	13	13	5	9	8632	10776
11	14	4	15	3	7	12	6	7	10	8	11	15	3	0	2	13	12	2	13	5	5	10	4	1	8	14	9	9	1	6	0	9593	3276
11	14	8	6	9	2	10	10	12	11	15	3	14	7	13	15	7	5	4	13	5	9	6	1	0	0	3	8	2	12	1	4	9568	8192
11	14	13	12	2	15	4	13	3	4	5	6	10	5	12	7	7	3	1	1	14	2	8	0	15	9	9	11	6	8	0	10	1321	8856
11	15	3	11	9	7	1	3	8	9	0	13	10	1	2	5	12	2	4	6	14	10	6	14	15	4	7	0	13	12	5	8	9369	9940
11	15	8	7	9	3	10	11	12	10	15	2	14	6	13	14	7	4	4	12	5	8	6	0	0	1	3	9	2	13	1	5	1376	8202
11	15	13	13	2	14	4	12	3	5	5	7	10	4	12	6	7	2	1	0	14	3	8	1	15	8	9	10	6	9	0	11	1024	11366
12	0	4	4	14	8	6	12	15	6	7	2	13	14	5	10	11	13	3	9	9	5	1	1	8	11	0	15	10	3	2	7	9368	5400
12	0	10	2	5	1	3	3	4	10	2	8	13	11	11	9	0	13	6	15	9	12	15	14	8	7	14	5	1	6	7	4	1024	4966
12	0	14	6	7	9	5	15	3	2	1	4	8	11	10	13	9	5	11	3	2	12	0	10	6	7	4	1	13	14	15	8	2728	1024
12	0	15	8	14	12	13	4	11	5	8	13	9	9	10	1	0	11	3	3	2	7	1	15	7	14	4	6	5	2	6	10	2560	85
12	1	4	5	14	9	6	13	15	7	7	3	13	15	5	11	11	12	3	8	9	4	1	0	8	10	0	14	10	2	2	6	3736	1304
12	1	10	3	5	0	3	2	4	11	2	9	13	10	11	8	0	12	6	14	9	13	15	15	8	6	14	4	1	7	7	5	3760	814
12	1	15	9	14	13	13	5	11	4	8	12	9	8	10	0	0	10	3	2	2	6	1	14	7	15	4	7	5	3	6	11	2656	4096
12	2	3	3	4	11	11	10	0	6	15	7	8	15	7	14	10	0	5	1	2	9	13	8	6	4	9	5	14	13	1	12	2729	5018
12	2	4	6	14	10	6	14	15	4	7	0	13	12	5	8	11	15	3	11	9	7	1	3	8	9	0	13	10	1	2	5	3736	5380
12	2	10	0	5	3	3	1	4	8	2	10	13	9	11	11	0	15	6	13	9	14	15	12	8	5	14	7	1	4	7	6	1540	4879
12	2	15	10	14	14	13	6	11	7	8	15	9	11	10	3	0	9	3	1	2	5	1	13	7	12	4	4	5	0	6	8	2560	10
12	3	3	2	4	10	11	11	0	7	15	6	8	14	7	15	10	1	5	0	2	8	13	9	6	5	9	4	14	12	1	13	1257	902
12	3	4	7	14	11	6	15	15	5	7	1	13	13	5	9	11	14	3	10	9	6	1	2	8	8	0	12	10	0	2	4	1752	4742
12	3	10	1	5	2	3	0	4	9	2	11	13	8	11	10	0	14	6	12	9	15	15	13	8	4	14	6	1	5	7	7	2605	1847
12	3	15	11	14	15	13	7	11	6	8	14	9	10	10	2	0	8	3	0	2	4	1	12	7	13	4	5	5	1	6	9	2800	4096
12	4	3	5	4	13	11	12	0	0	15	1	8	9	7	8	10	6	5	7	2	15	13	14	6	2	9	3	14	11	1	10	11000	7126
12	4	4	0	14	12	6	8	15	2	7	6	13	10	5	14	11	9	3	13	9	1	1	5	8	15	0	11	10	7	2	3	9932	4114
12	4	10	6	5	5	3	7	4	14	2	12	13	15	11	13	0	9	6	11	9	8	15	10	8	3	14	1	1	2	7	0	2605	3009
12	4	14	2	7	13	5	11	3	6	1	0	8	15	10	9	9	1	11	7	2	8	0	14	6	3	4	5	13	10	15	12	2781	513
12	4	15	12	14	8	13	0	11	1	8	9	9	13	10	5	0	15	3	7	2	3	1	11	7	10	4	2	5	6	6	14	2560	4181
12	5	3	4	4	12	11	13	0	1	15	0	8	8	7	9	10	7	5	6	2	14	13	15	6	3	9	2	14	10	1	11	2800	2947
12	5	4	1	14	13	6	9	15	3	7	7	13	11	5	15	11	8	3	12	9	0	1	4	8	14	0	10	10	6	2	2	3736	6658
12	5	10	7	5	4	3	6	4	15	2	13	13	14	11	12	0	8	6	10	9	9	15	11	8	2	14	0	1	3	7	1	1748	779
12	5	15	13	14	9	13	1	11	0	8	8	9	12	10	4	0	14	3	6	2	2	1	10	7	11	4	3	5	7	6	15	2713	4096
12	6	3	7	4	15	11	14	0	2	15	3	8	11	7	10	10	4	5	5	2	13	13	12	6	0	9	1	14	9	1	8	11897	46
12	6	4	2	14	14	6	10	15	0	7	4	13	8	5	12	11	11	3	15	9	3	1	7	8	13	0	9	10	5	2	1	3760	6656
12	6	10	4	5	7	3	5	4	12	2	14	13	13	11	15	0	11	6	9	9	10	15	8	8	1	14	3	1	0	7	2	3661	839
12	6	15	14	14	10	13	2	11	3	8	11	9	15	10	7	0	13	3	5	2	1	1	9	7	8	4	0	5	4	6	12	1745	2849
12	7	3	6	4	14	11	15	0	3	15	2	8	10	7	11	10	5	5	4	2	12	13	13	6	1	9	0	14	8	1	9	9337	1005
12	7	4	3	14	15	6	11	15	1	7	5	13	9	5	13	11	10	3	14	9	2	1	6	8	12	0	8	10	4	2	0	9369	6542
12	7	10	5	5	6	3	4	4	13	2	15	13	12	11	14	0	10	6	8	9	11	15	9	8	0	14	2	1	1	7	3	1024	866
12	7	15	15	14	11	13	3	11	2	8	10	9	14	10	6	0	12	3	4	2	0	1	8	7	9	4	1	5	5	6	13	2656	4101
12	8	3	9	4	1	11	0	0	12	15	13	8	5	7	4	10	10	5	11	2	3	13	2	6	14	9	15	14	7	1	6	10837	179
12	8	4	12	14	0	6	4	15	14	7	10	13	6	5	2	11	5	3	1	9	13	1	9	8	3	0	7	10	11	2	15	2224	9600
12	8	10	10	5	9	3	11	4	2	2	0	13	3	11	1	0	5	6	7	9	4	15	6	8	15	14	13	1	14	7	12	8432	165
12	8	14	14	7	1	5	7	3	10	1	12	8	3	10	5	9	13	11	11	2	4	0	2	6	15	4	9	13	6	15	0	2628	1510
12	8	15	0	14	4	13	12	11	13	8	5	9	1	10	9	0	3	3	11	2	15	1	7	7	6	4	14	5	10	6	2	2656	8352
12	9	3	8	4	0	11	1	0	13	15	12	8	4	7	5	10	11	5	10	2	2	13	3	6	15	9	14	14	6	1	7	2637	243
12	9	4	13	14	1	6	5	15	15	7	11	13	7	5	3	11	4	3	0	9	12	1	8	8	2	0	6	10	10	2	14	1548	1446
12	9	10	11	5	8	3	10	4	3	2	1	13	2	11	0	0	4	6	6	9	5	15	7	8	14	14	12	1	15	7	13	1540	1
12	9	15	1	14	5	13	13	11	12	8	4	9	0	10	8	0	2	3	10	2	14	1	6	7	7	4	15	5	11	6	3	3668	309
12	10	4	14	14	2	6	6	15	12	7	8	13	4	5	0	11	7	3	3	9	15	1	11	8	1	0	5	10	9	2	13	3736	9536
12	10	10	8	5	11	3	9	4	0	2	2	13	1	11	3	0	7	6	5	9	6	15	4	8	13	14	15	1	12	7	14	512	3257
12	10	15	2	14	6	13	14	11	15	8	7	9	3	10	11	0	1	3	9	2	13	1	5	7	4	4	12	5	8	6	0	2560	8272
12	11	3	10	4	2	11	3	0	15	15	14	8	6	7	7	10	9	5	8	2	0	13	1	6	13	9	12	14	4	1	5	2792	11571
12	11	4	15	14	3	6	7	15	13	7	9	13	5	5	1	11	6	3	2	9	14	1	10	8	0	0	4	10	8	2	12	2200	9472
12	11	10	9	5	10	3	8	4	1	2	3	13	0	11	2	0	6	6	4	9	7	15	5	8	12	14	14	1	13	7	15	2605	3459
12	11	15	3	14	7	13	15	11	14	8	6	9	2	10	10	0	0	3	8	2	12	1	4	7	5	4	13	5	9	6	1	10752	240
12	12	4	8	14	4	6	0	15	10	7	14	13	2	5	6	11	1	3	5	9	9	1	13	8	7	0	3	10	15	2	11	1752	9313
12	12	10	14	5	13	3	15	4	6	2	4	13	7	11	5	0	1	6	3	9	0	15	2	8	11	14	9	1	10	7	8	2605	3820
12	12	14	10	7	5	5	3	3	14	1	8	8	7	10	1	9	9	11	15	2	0	0	6	6	11	4	13	13	2	15	4	3100	10812
12	12	15	4	14	0	13	8	11	9	8	1	9	5	10	13	0	7	3	15	2	11	1	3	7	2	4	10	5	14	6	6	2560	85
12	13	4	9	14	5	6	1	15	11	7	15	13	3	5	7	11	0	3	4	9	8	1	12	8	6	0	2	10	14	2	10	3736	10784
12	13	10	15	5	12	3	14	4	7	2	5	13	6	11	4	0	0	6	2	9	1	15	3	8	10	14	8	1	11	7	9	10797	8764
12	13	15	5	14	1	13	9	11	8	8	0	9	4	10	12	0	6	3	14	2	10	1	2	7	3	4	11	5	15	6	7	2560	80
12	14	3	15	4	7	11	6	0	10	15	11	8	3	7	2	10	12	5	13	2	5	13	4	6	8	9	9	14	1	1	0	624	3222
12	14	4	10	14	6	6	2	15	8	7	12	13	0	5	4	11	3	3	7	9	11	1	15	8	5	0	1	10	13	2	9	1560	2586
12	14	10	12	5	15	3	13	4	4	2	6	13	5	11	7	0	3	6	1	9	2	15	0	8	9	14	11	1	8	7	10	752	11490
12	14	15	6	14	2	13	10	11	11	8	3	9	7	10	15	0	5	3	13	2	9	1	1	7	0	4	8	5	12	6	4	2560	8202
12	15	3	14	4	6	11	7	0	11	15	10	8	2	7	3	10	13	5	12	2	4	13	5	6	9	9	8	14	0	1	1	9320	46
12	15	4	11	14	7	6	3	15	9	7	13	13	1	5	5	11	2	3	6	9	10	1	14	8	4	0	0	10	12	2	8	1700	2788
12	15	10	13	5	14	3	12	4	5	2	7	13	4	11	6	0	2	6	0	9	3	15	1	8	8	14	10	1	9	7	11	2161	3298
12	15	15	7	14	3	13	11	11	10	8	2	9	6	10	14	0	4	3	12	2	8	1	0	7	1	4	9	5	13	6	5	2809	8272
13	0	5	4	15	8	7	12	14	6	6	2	12	14	4	10	10	13	2	9	8	5	0	1	9	11	1	15	11	3	3	7	9740	638
13	0	11	2	4	1	2	3	5	10	3	8	12	11	10	9	1	13	7	15	8	12	14	14	9	7	15	5	0	6	6	4	2633	4377
13	0	14	8	15	12	12	4	10	5	9	13	8	9	11	1	1	11	2	3	3	7	0	15	6	14	5	6	4	2	7	10	2560	4181
13	1	5	5	15	9	7	13	14	7	6	3	12	15	4	11	10	12	2	8	8	4	0	0	9	10	1	14	11	2	3	6	3737	1280
13	1	11	3	4	0	2	2	5	11	3	9	12	10	10	8	1	12	7	14	8	13	14	15	9	6	15	4	0	7	6	5	3824	33
13	1	14	9	15	13	12	5	10	4	9	12	8	8	11	0	1	10	2	2	3	6	0	14	6	15	5	7	4	3	7	11	10752	4191
13	2	2	3	5	11	10	10	1	6	14	7	9	15	6	14	11	0	4	1	3	9	12	8	7	4	8	5	15	13	0	12	10837	179
13	2	5	6	15	10	7	14	14	4	6	0	12	12	4	8	10	15	2	11	8	7	0	3	9	9	1	13	11	1	3	5	3736	1316
13	2	11	0	4	3	2	1	5	8	3	10	12	9	10	11	1	15	7	13	8	14	14	12	9	5	15	7	0	4	6	6	1732	1
13	2	14	10	15	14	12	6	10	7	9	15	8	11	11	3	1	9	2	1	3	5	0	13	6	12	5	4	4	0	7	8	1568	1441
13	3	5	7	15	11	7	15	14	5	6	1	12	13	4	9	10	14	2	10	8	6	0	2	9	8	1	12	11	0	3	4	2200	5376
13	3	11	1	4	2	2	0	5	9	3	11	12	8	10	10	1	14	7	12	8	15	14	13	9	4	15	6	0	5	6	7	2288	132
13	3	14	11	15	15	12	7	10	6	9	14	8	10	11	2	1	8	2	0	3	4	0	12	6	13	5	5	4	1	7	9	2656	4101
13	4	5	0	15	12	7	8	14	2	6	6	12	10	4	14	10	9	2	13	8	1	0	5	9	15	1	11	11	7	3	3	9257	6722
13	4	11	6	4	5	2	7	5	14	3	12	12	15	10	13	1	9	7	11	8	8	14	10	9	3	15	1	0	2	6	0	1033	977
13	4	14	12	15	8	12	0	10	1	9	9	8	13	11	5	1	15	2	7	3	3	0	11	6	10	5	2	4	6	7	14	2656	4101
13	5	5	1	15	13	7	9	14	3	6	7	12	11	4	15	10	8	2	12	8	0	0	4	9	14	1	10	11	6	3	2	1548	2649
13	5	11	7	4	4	2	6	5	15	3	13	12	14	10	12	1	8	7	10	8	9	14	11	9	2	15	0	0	3	6	1	753	797
13	5	14	13	15	9	12	1	10	0	9	8	8	12	11	4	1	14	2	6	3	2	0	10	6	11	5	3	4	7	7	15	10752	4096
13	6	5	2	15	14	7	10	14	0	6	4	12	8	4	12	10	11	2	15	8	3	0	7	9	13	1	9	11	5	3	1	3760	6656
13	6	11	4	4	7	2	5	5	12	3	14	12	13	10	15	1	11	7	9	8	10	14	8	9	1	15	3	0	0	6	2	3760	839
13	6	14	14	15	10	12	2	10	3	9	11	8	15	11	7	1	13	2	5	3	1	0	9	6	8	5	0	4	4	7	12	10752	0
13	7	5	3	15	15	7	11	14	1	6	5	12	9	4	13	10	10	2	14	8	2	0	6	9	12	1	8	11	4	3	0	1752	2852
13	7	11	5	4	6	2	4	5	13	3	15	12	12	10	14	1	10	7	8	8	11	14	9	9	0	15	2	0	1	6	3	2725	2600
13	7	14	15	15	11	12	3	10	2	9	10	8	14	11	6	1	12	2	4	3	0	0	8	6	9	5	1	4	5	7	13	2560	165
13	8	2	9	5	1	10	0	1	12	14	13	9	5	6	4	11	10	4	11	3	3	12	2	7	14	8	15	15	7	0	6	1264	3220
13	8	5	12	15	0	7	4	14	14	6	10	12	6	4	2	10	5	2	1	8	13	0	9	9	3	1	7	11	11	3	15	1752	3364
13	8	11	10	4	9	2	11	5	2	3	0	12	3	10	1	1	5	7	7	8	4	14	6	9	15	15	13	0	14	6	12	2725	1300
13	8	14	0	15	4	12	12	10	13	9	5	8	1	11	9	1	3	2	11	3	15	0	7	6	6	5	14	4	10	7	2	2704	8197
13	9	2	8	5	0	10	1	1	13	14	12	9	4	6	5	11	11	4	10	3	2	12	3	7	15	8	14	15	6	0	7	9841	3073
13	9	5	13	15	1	7	5	14	15	6	11	12	7	4	3	10	4	2	0	8	12	0	8	9	2	1	6	11	10	3	14	3760	9472
13	9	11	11	4	8	2	10	5	3	3	1	12	2	10	0	1	4	7	6	8	5	14	7	9	14	15	12	0	15	6	13	2601	10310
13	9	14	1	15	5	12	13	10	12	9	4	8	0	11	8	1	2	2	10	3	14	0	6	6	7	5	15	4	11	7	3	2560	80
13	10	5	14	15	2	7	6	14	12	6	8	12	4	4	0	10	7	2	3	8	15	0	11	9	1	1	5	11	9	3	13	3736	9474
13	10	11	8	4	11	2	9	5	0	3	2	12	1	10	3	1	7	7	5	8	6	14	4	9	13	15	15	0	12	6	14	1733	3312
13	10	14	2	15	6	12	14	10	15	9	7	8	3	11	11	1	1	2	9	3	13	0	5	6	4	5	12	4	8	7	0	2713	8192
13	11	5	15	15	3	7	7	14	13	6	9	12	5	4	1	10	6	2	2	8	14	0	10	9	0	1	4	11	8	3	12	9257	9538
13	11	11	9	4	10	2	8	5	1	3	3	12	0	10	2	1	6	7	4	8	7	14	5	9	12	15	14	0	13	6	15	1033	3211
13	11	14	3	15	7	12	15	10	14	9	6	8	2	11	10	1	0	2	8	3	12	0	4	6	5	5	13	4	9	7	1	2800	8192
13	12	2	13	5	5	10	4	1	8	14	9	9	1	6	0	11	14	4	15	3	7	12	6	7	10	8	11	15	3	0	2	2673	11516
13	12	5	8	15	4	7	0	14	10	6	14	12	2	4	6	10	1	2	5	8	9	0	13	9	7	1	3	11	15	3	11	1572	2584
13	12	11	14	4	13	2	15	5	6	3	4	12	7	10	5	1	1	7	3	8	0	14	2	9	11	15	9	0	10	6	8	2160	33
13	12	14	4	15	0	12	8	10	9	9	1	8	5	11	13	1	7	2	15	3	11	0	3	6	2	5	10	4	14	7	6	2656	8352
13	13	5	9	15	5	7	1	14	11	6	15	12	3	4	7	10	0	2	4	8	8	0	12	9	6	1	2	11	14	3	10	3736	2596
13	13	11	15	4	12	2	14	5	7	3	5	12	6	10	4	1	0	7	2	8	1	14	3	9	10	15	8	0	11	6	9	3588	3256
13	13	14	5	15	1	12	9	10	8	9	0	8	4	11	12	1	6	2	14	3	10	0	2	6	3	5	11	4	15	7	7	1045	1108
13	14	2	15	5	7	10	6	1	10	14	11	9	3	6	2	11	12	4	13	3	5	12	4	7	8	8	9	15	1	0	0	752	3158
13	14	5	10	15	6	7	2	14	8	6	12	12	0	4	4	10	3	2	7	8	11	0	15	9	5	1	1	11	13	3	9	3737	2560
13	14	11	12	4	15	2	13	5	4	3	6	12	5	10	7	1	3	7	1	8	2	14	0	9	9	15	11	0	8	6	10	1604	3644
13	14	14	6	15	2	12	10	10	11	9	3	8	7	11	15	1	5	2	13	3	9	0	1	6	0	5	8	4	12	7	4	2560	8272
13	15	2	14	5	6	10	7	1	11	14	10	9	2	6	3	11	13	4	12	3	4	12	5	7	9	8	8	15	0	0	1	1264	3218
13	15	5	11	15	7	7	3	14	9	6	13	12	1	4	5	10	2	2	6	8	10	0	14	9	4	1	0	11	12	3	8	1752	2724
13	15	11	13	4	14	2	12	5	5	3	7	12	4	10	6	1	2	7	0	8	3	14	1	9	8	15	10	0	9	6	11	2633	10392
13	15	14	7	15	3	12	11	10	10	9	2	8	6	11	14	1	4	2	12	3	8	0	0	6	1	5	9	4	13	7	5	10752	8192
14	0	6	4	12	8	4	12	13	6	5	2	15	14	7	10	9	13	1	9	11	5	3	1	10	11	2	15	8	3	0	7	1548	1368
14	0	8	2	7	1	1	3	6	10	0	8	15	11	9	9	2	13	4	15	11	12	13	14	10	7	12	5	3	6	5	4	526	797
14	0	13	8	12	12	15	4	9	5	10	13	11	9	8	1	2	11	1	3	0	7	3	15	5	14	6	6	7	2	4	10	2560	85
14	1	6	5	12	9	4	13	13	7	5	3	15	15	7	11	9	12	1	8	11	4	3	0	10	10	2	14	8	2	0	6	3622	5376
14	1	8	3	7	0	1	2	6	11	0	9	15	10	9	8	2	12	4	14	11	13	13	15	10	6	12	4	3	7	5	5	1732	880
14	1	13	9	12	13	15	5	9	4	10	12	11	8	8	0	2	10	1	2	0	6	3	14	5	15	6	7	7	3	4	11	2800	90
14	2	1	3	6	11	9	10	2	6	13	7	10	15	5	14	8	0	7	1	0	9	15	8	4	4	11	5	12	13	3	12	9802	48
14	2	6	6	12	10	4	14	13	4	5	0	15	12	7	8	9	15	1	11	11	7	3	3	10	9	2	13	8	1	0	5	1752	1177
14	2	8	0	7	3	1	1	6	8	0	10	15	9	9	11	2	15	4	13	11	14	13	12	10	5	12	7	3	4	5	6	2062	814
14	2	13	10	12	14	15	6	9	7	10	15	11	11	8	3	2	9	1	1	0	5	3	13	5	12	6	4	7	0	4	8	2560	4101
14	3	1	2	6	10	9	11	2	7	13	6	10	14	5	15	8	1	7	0	0	8	15	9	4	5	11	4	12	12	3	13	9818	143
14	3	6	7	12	11	4	15	13	5	5	1	15	13	7	9	9	14	1	10	11	6	3	2	10	8	2	12	8	0	0	4	3662	5439
14	3	8	1	7	2	1	0	6	9	0	11	15	8	9	10	2	14	4	12	11	15	13	13	10	4	12	6	3	5	5	7	9320	913
14	3	13	11	12	15	15	7	9	6	10	14	11	10	8	2	2	8	1	0	0	4	3	12	5	13	6	5	7	1	4	9	2560	4266
14	4	6	0	12	12	4	8	13	2	5	6	15	10	7	14	9	9	1	13	11	1	3	5	10	15	2	11	8	7	0	3	3598	6875
14	4	8	6	7	5	1	7	6	14	0	12	15	15	9	13	2	9	4	11	11	8	13	10	10	3	12	1	3	2	5	0	2590	385
14	4	13	12	12	8	15	0	9	1	10	9	11	13	8	5	2	15	1	7	0	3	3	11	5	10	6	2	7	6	4	14	2704	4101
14	5	1	4	6	12	9	13	2	1	13	0	10	8	5	9	8	7	7	6	0	14	15	15	4	3	11	2	12	10	3	11	662	5014
14	5	6	1	12	13	4	9	13	3	5	7	15	11	7	15	9	8	1	12	11	0	3	4	10	14	2	10	8	6	0	2	2150	2779
14	5	8	7	7	4	1	6	6	15	0	13	15	14	9	12	2	8	4	10	11	9	13	11	10	2	12	0	3	3	5	1	1604	706
14	5	13	13	12	9	15	1	9	0	10	8	11	12	8	4	2	14	1	6	0	2	3	10	5	11	6	3	7	7	4	15	10896	4096
14	6	6	2	12	14	4	10	13	0	5	4	15	8	7	12	9	11	1	15	11	3	3	7	10	13	2	9	8	5	0	1	1572	2598
14	6	8	4	7	7	1	5	6	12	0	14	15	13	9	15	2	11	4	9	11	10	13	8	10	1	12	3	3	0	5	2	2650	2700
14	6	13	14	12	10	15	2	9	3	10	11	11	15	8	7	2	13	1	5	0	1	3	9	5	8	6	0	7	4	4	12	2560	4106
14	7	6	3	12	15	4	11	13	1	5	5	15	9	7	13	9	10	1	14	11	2	3	6	10	12	2	8	8	4	0	0	3686	2791
14	7	8	5	7	6	1	4	6	13	0	15	15	12	9	14	2	10	4	8	11	11	13	9	10	0	12	2	3	1	5	3	9230	4966
14	7	13	15	12	11	15	3	9	2	10	10	11	14	8	6	2	12	1	4	0	0	3	8	5	9	6	1	7	5	4	13	2560	165
14	8	6	12	12	0	4	4	13	14	5	10	15	6	7	2	9	5	1	1	11	13	3	9	10	3	2	7	8	11	0	15	3686	1511
14	8	8	10	7	9	1	11	6	2	0	0	15	3	9	1	2	5	4	7	11	4	13	6	10	15	12	13	3	14	5	12	2634	11638
14	8	13	0	12	4	15	12	9	13	10	5	11	1	8	9	2	3	1	11	0	15	3	7	5	6	6	14	7	10	4	2	2656	8197
14	9	1	8	6	0	9	1	2	13	13	12	10	4	5	5	8	11	7	10	0	2	15	3	4	15	11	14	12	6	3	7	2646	11430
14	9	6	13	12	1	4	5	13	15	5	11	15	7	7	3	9	4	1	0	11	12	3	8	10	2	2	6	8	10	0	14	1572	1344
14	9	8	11	7	8	1	10	6	3	0	1	15	2	9	0	2	4	4	6	11	5	13	7	10	14	12	12	3	15	5	13	8400	3157
14	9	13	1	12	5	15	13	9	12	10	4	11	0	8	8	2	2	1	10	0	14	3	6	5	7	6	15	7	11	4	3	2560	80
14	10	6	14	12	2	4	6	13	12	5	8	15	4	7	0	9	7	1	3	11	15	3	11	10	1	2	5	8	9	0	13	2150	1499
14	10	8	8	7	11	1	9	6	0	0	2	15	1	9	3	2	7	4	5	11	6	13	4	10	13	12	15	3	12	5	14	1604	1091
14	10	13	2	12	6	15	14	9	15	10	7	11	3	8	11	2	1	1	9	0	13	3	5	5	4	6	12	7	8	4	0	10896	8192
14	11	6	15	12	3	4	7	13	13	5	9	15	5	7	1	9	6	1	2	11	14	3	10	10	0	2	4	8	8	0	12	3598	9691
14	11	8	9	7	10	1	8	6	1	0	3	15	0	9	2	2	6	4	4	11	7	13	5	10	12	12	14	3	13	5	15	528	11490
14	11	13	3	12	7	15	15	9	14	10	6	11	2	8	10	2	0	1	8	0	12	3	4	5	5	6	13	7	9	4	1	2704	8352
14	12	1	13	6	5	9	4	2	8	13	9	10	1	5	0	8	14	7	15	0	7	15	6	4	10	11	11	12	3	3	2	9930	3072
14	12	6	8	12	4	4	0	13	10	5	14	15	2	7	6	9	1	1	5	11	9	3	13	10	7	2	3	8	15	0	11	3598	10940
14	12	8	14	7	13	1	15	6	6	0	4	15	7	9	5	2	1	4	3	11	0	13	2	10	11	12	9	3	10	5	8	624	132
14	12	13	4	12	0	15	8	9	9	10	1	11	5	8	13	2	7	1	15	0	11	3	3	5	2	6	10	7	14	4	6	2560	245
14	13	6	9	12	5	4	1	13	11	5	15	15	3	7	7	9	0	1	4	11	8	3	12	10	6	2	2	8	14	0	10	2126	10941
14	13	8	15	7	12	1	14	6	7	0	5	15	6	9	4	2	0	4	2	11	1	13	3	10	10	12	8	3	11	5	9	1604	252
14	13	13	5	12	1	15	9	9	8	10	0	11	4	8	12	2	6	1	14	0	10	3	2	5	3	6	11	7	15	4	7	2656	8352
14	14	1	15	6	7	9	6	2	10	13	11	10	3	5	2	8	12	7	13	0	5	15	4	4	8	11	9	12	1	3	0	9938	3294
14	14	6	10	12	6	4	2	13	8	5	12	15	0	7	4	9	3	1	7	11	11	3	15	10	5	2	1	8	13	0	9	3622	10752
14	14	8	12	7	15	1	13	6	4	0	6	15	5	9	7	2	3	4	1	11	2	13	0	10	9	12	11	3	8	5	10	2650	2600
14	14	13	6	12	2	15	10	9	11	10	3	11	7	8	15	2	5	1	13	0	9	3	1	5	0	6	8	7	12	4	4	2560	10
14	15	1	14	6	6	9	7	2	11	13	10	10	2	5	3	8	13	7	12	0	4	15	5	4	9	11	8	12	0	3	1	1256	3254
14	15	6	11	12	7	4	3	13	9	5	13	15	1	7	5	9	2	1	6	11	10	3	14	10	4	2	0	8	12	0	8	1636	2562
14	15	8	13	7	14	1	12	6	5	0	7	15	4	9	6	2	2	4	0	11	3	13	1	10	8	12	10	3	9	5	11	526	3256
14	15	13	7	12	3	15	11	9	10	10	2	11	6	8	14	2	4	1	12	0	8	3	0	5	1	6	9	7	13	4	5	2560	170
15	0	7	4	13	8	5	12	12	6	4	2	14	14	6	10	8	13	0	9	10	5	2	1	11	11	3	15	9	3	1	7	3622	5503
15	0	9	2	6	1	0	3	7	10	1	8	14	11	8	9	3	13	5	15	10	12	12	14	11	7	13	5	2	6	4	4	1264	33
15	0	12	8	13	12	14	4	8	5	11	13	10	9	9	1	3	11	0	3	1	7	2	15	4	14	7	6	6	2	5	10	2704	4101
15	1	7	5	13	9	5	13	12	7	4	3	14	15	6	11	8	12	0	8	10	4	2	0	11	10	3	14	9	2	1	6	3686	5376
15	1	9	3	6	0	0	2	7	11	1	9	14	10	8	8	3	12	5	14	10	13	12	15	11	6	13	4	2	7	4	5	2604	36
15	1	12	9	13	13	14	5	8	4	11	12	10	8	9	0	3	10	0	2	1	6	2	14	4	15	7	7	6	3	5	11	10896	4096
15	2	0	3	7	11	8	10	3	6	12	7	11	15	4	14	9	0	6	1	1	9	14	8	5	4	10	5	13	13	2	12	2636	4927
15	2	7	6	13	10	5	14	12	4	4	0	14	12	6	8	8	15	0	11	10	7	2	3	11	9	3	13	9	1	1	5	1548	1434
15	2	9	0	6	3	0	1	7	8	1	10	14	9	8	11	3	15	5	13	10	14	12	12	11	5	13	7	2	4	4	6	2706	1074
15	2	12	10	13	14	14	6	8	7	11	15	10	11	9	3	3	9	0	1	1	5	2	13	4	12	7	4	6	0	5	8	2560	10
15	3	0	2	7	10	8	11	3	7	12	6	11	14	4	15	9	1	6	0	1	8	14	9	5	5	10	4	13	12	2	13	9764	1203
15	3	7	7	13	11	5	15	12	5	4	1	14	13	6	9	8	14	0	10	10	6	2	2	11	8	3	12	9	0	1	4	3598	5565
15	3	9	1	6	2	0	0	7	9	1	11	14	8	8	10	3	14	5	12	10	15	12	13	11	4	13	6	2	5	4	7	1570	1084
15	3	12	11	13	15	14	7	8	6	11	14	10	10	9	2	3	8	0	0	1	4	2	12	4	13	7	5	6	1	5	9	10752	0
15	4	0	5	7	13	8	12	3	0	12	1	11	9	4	8	9	6	6	7	1	15	14	14	5	2	10	3	13	11	2	10	2644	4864
15	4	7	0	13	12	5	8	12	2	4	6	14	10	6	14	8	9	0	13	10	1	2	5	11	15	3	11	9	7	1	3	2200	2560
15	4	9	6	6	5	0	7	7	14	1	12	14	15	8	13	3	9	5	11	10	8	12	10	11	3	13	1	2	2	4	0	2664	4381
15	4	12	12	13	8	14	0	8	1	11	9	10	13	9	5	3	15	0	7	1	3	2	11	4	10	7	2	6	6	5	14	2566	4181
15	5	0	4	7	12	8	13	3	1	12	0	11	8	4	9	9	7	6	6	1	14	14	15	5	3	10	2	13	10	2	11	9892	211
15	5	7	1	13	13	5	9	12	3	4	7	14	11	6	15	8	8	0	12	10	0	2	4	11	14	3	10	9	6	1	2	3598	6660
15	5	9	7	6	4	0	6	7	15	1	13	14	14	8	12	3	8	5	10	10	9	12	11	11	2	13	0	2	3	4	1	2190	839
15	5	12	13	13	9	14	1	8	0	11	8	10	12	9	4	3	14	0	6	1	2	2	10	4	11	7	3	6	7	5	15	2560	10
15	6	0	7	7	15	8	14	3	2	12	3	11	11	4	10	9	4	6	5	1	13	14	12	5	0	10	1	13	9	2	8	662	4969
15	6	7	2	13	14	5	10	12	0	4	4	14	8	6	12	8	11	0	15	10	3	2	7	11	13	3	9	9	5	1	1	3622	6656
15	6	9	4	6	7	0	5	7	12	1	14	14	13	8	15	3	11	5	9	10	10	12	8	11	1	13	3	2	0	4	2	2684	4943
15	6	12	14	13	10	14	2	8	3	11	11	10	15	9	7	3	13	0	5	1	1	2	9	4	8	7	0	6	4	5	12	2560	4101
15	7	7	3	13	15	5	11	12	1	4	5	14	9	6	13	8	10	0	14	10	2	2	6	11	12	3	8	9	4	1	0	2086	6664
15	7	9	5	6	6	0	4	7	13	1	15	14	12	8	14	3	10	5	8	10	11	12	9	11	0	13	2	2	1	4	3	9230	870
15	7	12	15	13	11	14	3	8	2	11	10	10	14	9	6	3	12	0	4	1	0	2	8	4	9	7	1	6	5	5	13	10752	4096
15	8	0	9	7	1	8	0	3	12	12	13	11	5	4	4	9	10	6	11	1	3	14	2	5	14	10	15	13	7	2	6	1046	3286
15	8	7	12	13	0	5	4	12	14	4	10	14	6	6	2	8	5	0	1	10	13	2	9	11	3	3	7	9	11	1	15	1562	1318
15	8	9	10	6	9	0	11	7	2	1	0	14	3	8	1	3	5	5	7	10	4	12	6	11	15	13	13	2	14	4	12	1270	3298
15	8	12	0	13	4	14	12	8	13	11	5	10	1	9	9	3	3	0	11	1	15	2	7	4	6	7	14	6	10	5	2	2560	8277
15	9	7	13	13	1	5	5	12	15	4	11	14	7	6	3	8	4	0	0	10	12	2	8	11	2	3	6	9	10	1	14	3622	9472
15	9	9	11	6	8	0	10	7	3	1	1	14	2	8	0	3	4	5	6	10	5	12	7	11	14	13	12	2	15	4	13	750	3110
15	9	12	1	13	5	14	13	8	12	11	4	10	0	9	8	3	2	0	10	1	14	2	6	4	7	7	15	6	11	5	3	2560	8352
15	10	7	14	13	2	5	6	12	12	4	8	14	4	6	0	8	7	0	3	10	15	2	11	11	1	3	5	9	9	1	13	3598	9504
15	10	9	8	6	11	0	9	7	0	1	2	14	1	8	3	3	7	5	5	10	6	12	4	11	13	13	15	2	12	4	14	2590	3385
15	10	12	2	13	6	14	14	8	15	11	7	10	3	9	11	3	1	0	9	1	13	2	5	4	4	7	12	6	8	5	0	2560	10
15	11	7	15	13	3	5	7	12	13	4	9	14	5	6	1	8	6	0	2	10	14	2	10	11	0	3	4	9	8	1	12	3598	9675
15	11	9	9	6	10	0	8	7	1	1	3	14	0	8	2	3	6	5	4	10	7	12	5	11	12	13	14	2	13	4	15	2574	3202
15	11	12	3	13	7	14	15	8	14	11	6	10	2	9	10	3	0	0	8	1	12	2	4	4	5	7	13	6	9	5	1	2560	170
15	12	0	13	7	5	8	4	3	8	12	9	11	1	4	0	9	14	6	15	1	7	14	6	5	10	10	11	13	3	2	2	2710	11265
15	12	7	8	13	4	5	0	12	10	4	14	14	2	6	6	8	1	0	5	10	9	2	13	11	7	3	3	9	15	1	11	2224	10816
15	12	9	14	6	13	0	15	7	6	1	4	14	7	8	5	3	1	5	3	10	0	12	2	11	11	13	9	2	10	4	8	2582	8856
15	12	12	4	13	0	14	8	8	9	11	1	10	5	9	13	3	7	0	15	1	11	2	3	4	2	7	10	6	14	5	6	2560	85
15	13	7	9	13	5	5	1	12	11	4	15	14	3	6	7	8	0	0	4	10	8	2	12	11	6	3	2	9	14	1	10	1572	2584
15	13	9	15	6	12	0	14	7	7	1	5	14	6	8	4	3	0	5	2	10	1	12	3	11	10	13	8	2	11	4	9	3174	2665
15	13	12	5	13	1	14	9	8	8	11	0	10	4	9	12	3	6	0	14	1	10	2	2	4	3	7	11	6	15	5	7	2560	8197
15	14	7	10	13	6	5	2	12	8	4	12	14	0	6	4	8	3	0	7	10	11	2	15	11	5	3	1	9	13	1	9	230	10812
15	14	9	12	6	15	0	13	7	4	1	6	14	5	8	7	3	3	5	1	10	2	12	0	11	9	13	11	2	8	4	10	1756	252
15	14	12	6	13	2	14	10	8	11	11	3	10	7	9	15	3	5	0	13	1	9	2	1	4	0	7	8	6	12	5	4	2704	8202
15	15	7	11	13	7	5	3	12	9	4	13	14	1	6	5	8	2	0	6	10	10	2	14	11	4	3	0	9	12	1	8	1690	2562
15	15	9	13	6	14	0	12	7	5	1	7	14	4	8	6	3	2	5	0	10	3	12	1	11	8	13	10	2	9	4	11	1264	132
15	15	12	7	13	3	14	11	8	10	11	2	10	6	9	14	3	4	0	12	1	8	2	0	4	1	7	9	6	13	5	5	2800	160
