0.5928446165166826 0.8442657442565983
0.4289728099949149 0.4236258686921656
0.1921908541868783 0.6487673026786172
0.9180393845221955 0.1686980808236445
0.8684001057068038 0.5465830861511963
0.0338045433494515 0.08103525103179213
0.3466222445490382 0.9756496179001259
0.7255871445777029 0.2748200879256259
0.9897373173728337 0.9131975797413642
0.1558775265144898 0.3345019043865014
0.4948966826360444 0.5898611172521602
0.7743149816738186 0.4960105588796936
0.6697726545747117 0.7160703606516841
0.2523100175853777 0.2082595237105803
0.1002830853796243 0.7801642491546994
0.5174647543680513 0.002422043447592274
0.7061828789790566 0.9424029496229951
0.3427797472351533 0.2883732565688349
0.01230975045314121 0.5115034479493475
0.8350144423529502 0.0994418433761983
0.8942034427136515 0.6781884545059966
0.2382714801160215 0.1260639485443893
0.4058168490123101 0.8203478905474808
0.6196166213453338 0.3891857396742725
0.8041598419646832 0.7906397389340366
0.08924090007555913 0.4451971601819954
0.3047267816391609 0.7468737263738606
0.9658597456529396 0.3719280175603464
0.5355107664726254 0.616912736312848
0.4421544564453954 0.05694731999987078
0.1821105807502075 0.8856333503583612
0.632624375817914 0.231164895150274
0.6538014633038796 0.7647658380184345
0.4835318735890169 0.3493734728919675
0.1292807392775522 0.5994431731849593
0.7841729235174412 0.1933704070403384
0.9494982133699155 0.5676261266769753
0.1208314589343424 0.2468378778281553
0.2760799399931596 0.8060508519801254
0.6756301865208564 0.4583521180195836
0.8196122168002588 0.9883154035439417
0.01722891296436027 0.2601247732885756
0.3198739545653744 0.5622119194707433
0.8762390749391744 0.4090647977286932
0.7359277261889412 0.5211536363338113
0.3611500463567585 0.1104281823237168
0.220221645346575 0.8655698663714766
0.70077148312624 0.06911071949692087
0.5097186359525345 0.8980082122758815
0.2889219283949778 0.4710295307250679
0.06263454848320864 0.6916953719897236
0.9807264509321363 0.04326016614696967
0.7647697383413931 0.7255856265976484
0.1620914761929674 0.01835254076539074
0.4675413184213424 0.9336758755758851
0.5591224415875777 0.316492581214098
0.931420436399548 0.830331503774415
0.2061230799359969 0.4059965060135413
0.4207615257216351 0.6572341149324799
0.8513299331162784 0.299940836304521
0.6041749422619961 0.639873307168093
0.3897776725009041 0.172052450913629
0.06143747091390212 0.9577294134686305
0.5660433746128115 0.1536221874712603
0.5503912862791952 0.7979573263923372
0.4549595673641111 0.4619861324027671
0.1704784254475506 0.7309087999178916
0.9430825238552263 0.2380987035343232
0.7958751757696442 0.6029054445720807
0.07572477601702461 0.0312600769686299
0.2928102317988513 0.9000239789449708
0.6473029726198822 0.3530276290904082
0.883778568916472 0.9661024831613965
0.2326442121785628 0.3054564034609823
0.3822159707119432 0.5298449040599972
0.8224320047992659 0.3982237798573278
0.6907603007886618 0.6718656422386583
0.3214312984407255 0.1438157193508813
0.02523461822883288 0.8375405903926886
0.6000876694656534 0.1221039261456892
0.6832139494263439 0.9289666186758034
0.2669353571282726 0.3244784797527355
0.1145015223412311 0.5720872182790439
0.7526665584965725 0.02542023376181109
0.9734036131036662 0.6995936792524686
0.1378765470184451 0.2025320260499412
0.4705845349392824 0.7513244381016322
0.5045533923371308 0.4771645634613494
0.8549796600617033 0.8726577585983005
0.04865325884359396 0.4161540145850126
0.3693878953298749 0.6281773990113871
0.9292149956572596 0.2500673572778391
0.5762958226572653 0.5502485872249372
0.4095133486739195 0.07465902232501925
0.2144103866245516 0.9926832326934049
0.7426050397784476 0.1803384735202801
0.7308706904183891 0.8149068166861388
0.3979434863339395 0.2680672094253509
0.2486632631401648 0.5385641552788935
0.8604544873804925 0.1405227549151565
0.9103555195882331 0.5020972695914659
0.005418326408814613 0.1592680463381738
0.3312173092935815 0.8526817135340428
0.7148044118001666 0.4316492001352145
0.7693027513925661 0.8778166437966599
0.1074224164310707 0.3663702964210735
0.2601061530440156 0.6212414405446219
0.9974300407196155 0.4480387526054541
0.6338760005304829 0.5782214635388937
0.2981024297400603 0.009202008661676685
0.1412646919203181 0.7856328372283002
0.6626642648114498 0.05083730080719246
0.6130593969389782 0.9834137654914892
0.3552445119396984 0.3812909365507396
0.03992938672518025 0.6821764256229129
0.8996390314080882 0.08949565074932925
0.8383845318627245 0.6427480250905911
0.1983987403510403 0.1074726273556879
0.4358832345881084 0.9506319058039138
0.5792405560492847 0.2967306933923309
0.9582130691692667 0.7706879415485614
0.1754750564776857 0.4913783487655863
0.4514884538453817 0.7079441700375313
0.81135835629463 0.3397449165291178
0.5296954359522925 0.7399811648394248
0.4902687281950386 0.2217894725215853
0.07943702877596368 0.9211974959863759
0.5395231618176185 0.2114387823759132
0.5206088421727602 0.8435648824320523
0.3764576887420191 0.4993345464144989
0.150984213428857 0.6645133052584085
0.9876139630373362 0.1448369236827968
0.7781949091194129 0.524178469612146
0.02799617764275023 0.007678832575037215
0.3278381302948779 0.9095215383733052
0.6641321667962439 0.3122262504621401
0.9401242785193581 0.9689251015972061
0.1881992267194164 0.3584089009004484
0.4588146933487698 0.5412978915849159
0.8717771844074262 0.4661277308033686
0.6440841132694303 0.6538179540756499
0.2932160719830402 0.1678087389493337
0.07199734746132126 0.8492685137427896
0.5893077234178912 0.0385203729327078
0.6285282037528211 0.997116309564766
0.3733845523179029 0.3693806570953743
0.0926275838526521 0.5531271120623907
0.7987085049125292 0.07072960631031316
0.9638240743028518 0.6323418732723063
0.1857007451187389 0.1840858920250154
0.4404543915215487 0.8678849574328851
0.531777439660154 0.4203862870400721
0.7540271797974892 0.8260491799430246
0.1096123040585474 0.384009383091161
0.2722445569963509 0.672431369416113
0.9690598220814178 0.2831767313223146
0.6230436555966936 0.5751466937384638
0.4746162202007341 0.09673633731155373
0.2390637909690326 0.9244117317411079
0.7088373669913246 0.1988888829255528
0.6969285700284821 0.7822851320169211
0.4460078465630158 0.3014385238938914
0.2083700997388052 0.5842816958524276
0.7700429740104791 0.1765486588435459
0.881101900671989 0.619916269362405
0.08565980990033972 0.1492619025470897
0.3636452411280112 0.7658349428621025
0.6392103254391882 0.3999993044185738
0.8649650874496377 0.930067150139044
0.0457123784773225 0.3155444620266863
0.3564418714595958 0.5629542944914556
0.9081160938283588 0.4761538015229667
0.7179358462899449 0.5937524187132768
0.3350681615774511 0.04240361053456036
0.2005667247735926 0.7599645656554616
0.7287037762294857 0.02130417215032584
0.5466045020360849 0.9554373225683854
0.3159859755730106 0.4527550255404096
0.02057111145767007 0.7350160841514295
0.9342290903927631 0.01367118630515568
0.8077062847807016 0.6609501865628418
0.2253781761146931 0.04843354109866174
0.3835824196928549 0.8808154979389603
0.5241423117693793 0.2637321570232353
0.9058585389548724 0.8106375426244239
0.2449579470097395 0.4548174221939398
0.4781987347592648 0.6445660706268348
0.758344015423037 0.2728368121486904
0.5580254525430308 0.6868952405655959
0.429864078053169 0.1912405366340579
0.0001975623777132881 0.8907588782090889
0.6146057444439605 0.2436898815514124
0.5944945486489103 0.7764808739952153
0.4998046120785555 0.3909788713750523
0.2287284240818169 0.7114643239450836
0.8903580889218498 0.2070006040464878
0.8280323174318297 0.5861085189921809
0.09421575847118406 0.1199674207722957
0.2559032545045404 0.9646198659497383
0.6941678106558384 0.3308702938243409
0.9176867572516054 0.9061075498183404
0.1647794270826134 0.278375209800332
0.4249368132928542 0.607299048115119
0.7923092941162464 0.4278804014376206
0.720182681028156 0.7269743093871717
0.3491575151447094 0.2389357090558855
0.03643625187300502 0.8032424219857843
0.5527885122386278 0.08230110490570872
0.7482575005496787 0.8882579382441438
0.3112210051758449 0.2562515529876688
0.0518923857740166 0.6114757435994793
0.8584658296581777 0.06096340051751748
0.9248381031378373 0.744273397023051
0.2150491739561035 0.228758115148383
0.4121109258687287 0.7937601412405528
0.5710090271269167 0.4402364644640694
0.8301999335454051 0.7563062474619959
0.01164340368139128 0.482842617253922
0.3379143320937292 0.6968092319057064
0.8982707821718249 0.3227110163927402
0.5018157847779334 0.5134994129846507
0.4012946725567308 0.03112604579598931
0.1336634786266963 0.940848113673484
0.685554438249336 0.1289813014580382
0.6599209416795732 0.8629020147822027
0.4155671760326581 0.3432114066565886
0.1780833756593012 0.5160759598137903
0.8135483863542718 0.2265156038868478
0.9955080802538006 0.5550679975282417
0.05807586127720304 0.2185246544699858
0.3021115994670762 0.8357141991911375
0.7389900789767319 0.4869399001179264
0.7889336595823304 0.9485204721493481
0.06974475266836692 0.2910248191537595
0.2836712297360841 0.5060197699287018
0.948958776865911 0.3761200349847638
0.6777303679824465 0.5350831805576168
0.2791192655249349 0.09240604782327885
0.157632260205712 0.8192335238714316
0.6499583076304172 0.1035554449471875
0.5681854021258728 0.9142727435050664
0.2633456430513215 0.4135573200747543
0.1021245000565513 0.6353840979720851
0.9531521925363786 0.1141052790677758
0.8460959811603108 0.7032588523159411
0.1471489989858179 0.06525439102156909
0.4865814188010854 0.9862515459471358
0.6070893073643665 0.3620018010051755
0.9795156394773822 0.8560761286291089
0.1265987960901812 0.434368074405162
0.3943089109240467 0.7194528679896302
0.8406591384989603 0.3463010690480205
0.5831198724030908 0.6911091018441076
0.4643090001529426 0.1364531278977069
0.1234609645043379 0.9782869372290371
0.513645778721971 0.1637596601140907
0.6173222652270056 0.8228619167593204
0.403354564815367 0.3868237817638024
0.2357267905547143 0.6768631441557676
0.8923596132625652 0.1273871883620374
0.8339624078255159 0.5089011286879355
0.01522081086083023 0.09999906757842136
0.3405202208622423 0.9437753213798377
0.704250561509841 0.2860133525559914
0.9676494848103685 0.8836981888715102
0.1798830354716225 0.3749985345935594
0.4441449790417766 0.6151585014082959
0.8008937677907775 0.4430826790213059
0.629758307107338 0.7496255911275881
0.3075609727538197 0.2337301823425691
0.08648867384615302 0.7926712412858575
0.5377964955258875 0.05515658353894209
0.7240822382609979 0.9739091366079851
0.3439943884506252 0.2758648195652953
0.03263376184748452 0.5436715936019082
0.8699160140578034 0.07989586372903756
0.9208886535240274 0.6522836571489999
0.1952118263021697 0.1701400665743056
0.4261345360662281 0.8462682756606588
0.591679139501006 0.4253035640909046
0.7762269484341298 0.7782119244877218
0.09954059224017772 0.4930894283196043
0.2504497675035081 0.7177163258414979
0.9921000918076451 0.3339677576711638
0.519337269972278 0.5930272842085984
0.4935283216654839 0.0003429661950383149
0.1535465654944246 0.9110667022337018
0.670053595886914 0.2103455999664116
0.6735706559851709 0.807847787942655
0.4659588731448311 0.3202007931088592
0.163569917621091 0.5697381123222693
0.7626811912990429 0.2493525334147756
0.9842515625430963 0.6001011529400944
0.06488371134375723 0.1925452629977428
0.2855890843848155 0.7625029001159525
0.6560739263288614 0.4699299776134932
0.8491000359377794 0.9596793094926566
0.05962190284015704 0.2977604913335903
0.3621525082723039 0.5222477464977432
0.9319910250083574 0.4032592603714211
0.7022381604470938 0.5587064101784213
0.3173476284663037 0.06747865857041688
0.2037625840079501 0.8293106190856878
0.7382453354043179 0.1115267215676201
0.5605936847367275 0.9365916257818189
0.2752650799801106 0.4594265051449481
0.11744788706439 0.7245759503368016
0.9512896017428042 0.01649787968187381
0.7824515750986764 0.6939249911537794
0.1319613338301784 0.04493405627434163
0.4804717774080566 0.8953284246469557
0.5099335991759315 0.3513410826454644
0.8772548158499034 0.8644294465598497
0.2223148682877586 0.4062710924340782
0.3885830962647959 0.6376394845019546
0.8171729933897973 0.2597550647923909
0.563965851279569 0.6596251043270317
0.4195524539047932 0.1552114001072103
0.01763498330948897 0.9909630815687165
0.602717495081195 0.1739547186684583
0.5068861068553479 0.7532059755476512
0.4721884223321119 0.480459581722758
0.140251569892222 0.7022402156701807
0.975113273160096 0.1996764473812948
0.75082513438557 0.5730313160644899
0.1159776906845881 0.02377789643888984
0.2683210321387444 0.927718102828076
0.6803711769556064 0.327233580197383
0.9266190566183182 0.9951524639986467
0.2120291899876292 0.2524399609224127
0.4064818181493846 0.5471709940325887
0.8523161943151931 0.4154126567429046
0.7460272113706329 0.6250128237268745
0.3677256299670575 0.1817994959941225
0.05013849776432202 0.8731923218835601
0.5745746498012507 0.07688305101270487
0.6464270772028902 0.900768906397461
0.2898868080053749 0.3537217869268122
0.07695817350705238 0.6054643986377184
0.7937749999549857 0.03340775251577521
0.9437403466374448 0.7336555487090689
0.1693493040765646 0.2360980986007866
0.4563383707466794 0.7991237238855521
0.5479721922335713 0.4629524684765264
0.8208327166157808 0.8387613171976943
0.02619113346481265 0.3960511215040314
0.3223962227912432 0.6695183115429323
0.8854380334221562 0.3080344063613984
0.5995734945340986 0.5273760909744025
0.3805608424164168 0.1232370468534393
0.230577261520886 0.9680578453817255
0.6882350040667868 0.142422806507619
0.7114956177165904 0.853953021179347
0.4350919612561873 0.2946242083745091
0.1967918808904819 0.5011012596785197
0.8369928550438803 0.1563690115407889
0.9005228305441079 0.5361938092686666
0.0412407076548448 0.1368815064085351
0.3524965213966991 0.8133331921027529
0.7337649914415834 0.3796118606119316
0.8089584589292819 0.9184976865532057
0.08070228567347665 0.3369972649856383
0.2995271316803781 0.5807591518687162
0.9597535331320169 0.4884364041944115
0.6611066743340345 0.6240627005041597
0.2583390124159092 0.05436424900758142
0.1736554514293302 0.772165499458452
0.6359298844663731 0.01099073799720354
0.5804872538236581 0.9512538155215615
0.3296842269390678 0.429814547182103
0.006747991827948767 0.640640901483323
0.9121502922876258 0.1058843598366126
0.8624132706656791 0.6807263264177014
0.2471555073742304 0.08626285805389078
0.3947187285244335 0.9811384646529758
0.6108595092876231 0.2675091310196731
0.9984379403251052 0.7879673990642835
0.14434094791253 0.44717040410208
0.4893548152485473 0.7416002710132433
0.7662329416677476 0.3640641416004617
0.5411700245825678 0.710794336892005
0.4510087259947713 0.2136969072742533
0.1073925754444364 0.875364849503566
0.5281914133714156 0.2205170318487726
0.5334836614340354 0.8693264327899459
0.4115673416692996 0.4390776807330168
0.1851628413969362 0.6307292943617642
0.9610267938904524 0.1856023311939544
0.8005730881637153 0.5509227359377292
0.05328651357924442 0.06007131865147863
0.3722268608881908 0.8900166331765138
0.626683080025623 0.255572397695664
0.9714885495451069 0.9378687103202206
0.2403917131580386 0.3217719068832712
0.4740749767084073 0.5148036572263384
0.8288592735071126 0.480979598986981
0.6847396404401462 0.6744482651581685
0.2702124522565638 0.1312244862575156
0.1126312605663567 0.8279877495145219
0.6241163160228391 0.02827015679899734
0.6671195827967751 0.9610797278019456
0.3256142196928006 0.3296142943938076
0.09690361614146928 0.5259122249154008
0.7807725256491904 0.1184531050368624
0.9857027286754743 0.6661920813587261
0.1496228902083422 0.1475255137006555
0.4964454711991499 0.8409110823719648
0.5234264447852576 0.394281374396633
0.7900447037569278 0.8499491365224697
0.07401845386502914 0.4260668905123992
0.2967805937736952 0.6559861705996664
0.9393106263547472 0.2807956038387283
0.5872270999804565 0.6077875346420502
0.4604620823122668 0.0855535088570132
0.1901902677550286 0.9029378870356666
0.7214030762178285 0.2406270509753819
0.7405418171234388 0.7677057695493125
0.4853130025178692 0.2635393559066633
0.2243425533405014 0.6191313930183968
0.8055774789903847 0.1512638023900479
0.9361336081170556 0.5838835380279742
0.10416093567576 0.1794917550120094
0.3136531514495532 0.7846309478312095
0.6567435323054122 0.4103131730536802
0.8418970493784002 0.893400950726819
0.003500896938927233 0.3441651962190165
0.3326992392922503 0.5959176890745291
0.9030793054842788 0.4566684879570043
0.7284525199620951 0.5653077106860809
0.3585591152744663 0.02316742069584376
0.2434713196720072 0.8089312813782614
0.7153156207353516 0.03944832214446647
0.5254722650289815 0.9864073472313915
0.3664718964240392 0.4860681157707414
0.05571672857484687 0.7063247689225229
0.8807497667682808 0.05045271605309634
0.7728408981301332 0.6346822921697521
0.2103959046175208 0.01495310896076689
0.4174544257898131 0.9169320418190381
0.544746920203375 0.303930027671012
0.9090256691405818 0.759132054566022
0.2025395112608832 0.4741747518290949
0.460972336994024 0.6854235633433218
0.7865049597183371 0.290440285738139
0.5141046436996188 0.6464886476122057
0.3922837393417337 0.2454000576014955
0.04440953125620728 0.9328318424773778
0.5846585136571445 0.1879554653201054
0.5732801988017832 0.7960647700512633
0.437975818752367 0.4185761251374829
0.2175656513370481 0.7425774084535818
0.9232132305049281 0.2269215884423578
0.8560272430907461 0.6106821686875804
0.09051038681936883 0.07229122695547241
0.3096887393913691 0.9999310757358567
0.7477758310841659 0.3682476589343564
0.8946106234631678 0.9220138896283355
0.1358787105719055 0.2843339556493475
0.4003832794582782 0.5777367956303775
0.7575077370443273 0.3860422386704094
0.7100796928505606 0.6987900546752823
0.336068357652348 0.1958459654779909
0.009024373528908758 0.7546174483620972
0.5029466559781705 0.09462642121883072
0.6932172365667734 0.9076235707537471
0.2550565330192135 0.3101745259389997
0.02965746699470397 0.5894110501317222
0.8242881164001938 0.004524970395200522
0.8882890591186151 0.7144858802636017
0.2281031503717417 0.2049269761056751
0.3782281408131016 0.7753107717300642
0.5960900434396832 0.4964921838495771
0.8732153748866596 0.8022175987265989
0.03794797957491999 0.46722589697978
0.3496302730628141 0.7302890479687987
0.915258283122922 0.3558761041294804
0.5510903627986211 0.5408878703796733
0.4235727561887035 0.03518267149951051
0.1662856151656985 0.9724593655516276
0.6413631320440789 0.1653533907977356
0.6369804294617761 0.8337187229406977
0.3857244253110096 0.3605772972268094
0.1447618198793775 0.5576136607167357
0.8445416870182137 0.2151216581854319
0.9566928821331591 0.517733647375646
0.0225988628144052 0.2239590087345017
0.2654107492443741 0.8609280017584309
0.697503362916184 0.4501046465546575
0.7602360703805007 0.9795209383024981
0.1220135357887318 0.2695966749138301
0.279739512953033 0.5313218508016732
0.9769780486381645 0.4361395992918348
0.6513238056708607 0.5041299107852776
0.2825143066890526 0.102551320634324
0.1270005780783919 0.8584412762551011
0.6787777402689167 0.09146092747954074
0.6082398450878675 0.8812693415787306
0.303264653311042 0.4009178388411712
0.08205194326306665 0.6636899177851998
0.9926817247184491 0.0629123374656001
0.8145249653233227 0.737382559977757
0.1772723035702691 0.1164211947571737
0.4484639357802777 0.9540697247428384
0.5688626089039271 0.3405459284542171
0.9470589290668969 0.8165879433421492
0.1590805445075958 0.3770383044534057
0.4334604329267561 0.6891606088612019
0.8653801499351639 0.3139377392658102
0.6163806786101903 0.7223070665947208
0.4801595493411683 0.1620247463832193
0.0678891188516382 0.9459609240187744
0.5554546537303067 0.1335212802837535
0.5652236690562031 0.8281860106050383
0.4213939022783923 0.4033614522255576
0.2054203475320048 0.6588650437409812
0.9298574716866984 0.1560779312599109
0.8180857768868974 0.561497563076743
0.01899405175392474 0.07022138276616528
0.3182316471036299 0.9898935744389018
0.7016651619347438 0.2614960225839185
0.9523215678754848 0.9352656297532982
0.1299139400212683 0.3499919989632932
0.4655572133002515 0.5664927932451689
0.7638675280496655 0.4601561826082033
0.6741351549388009 0.7233524336773685
0.2868885008092836 0.1951534681366512
0.1196897229500608 0.8071604427123875
0.5617971344225042 0.01866656014581168
0.6999682900256777 0.9920224291879844
0.3624158488462767 0.2997121829429796
0.05887041803363541 0.5203863943929208
0.8478364908434552 0.1097101963081547
0.9327263653473413 0.656832554918136
0.2048478296139351 0.1532144992231493
0.3889431509061431 0.8640901304846796
0.5633125229731289 0.404332804367413
0.7627803235537469 0.804972886557951
0.1182116548675983 0.4574306883470959
0.2877419984777289 0.6944481558610764
0.9832793872764319 0.3484667036775211
0.5600509403278006 0.5691440507637594
0.4680605868915599 0.01672634126989908
0.1315240181036764 0.8970018830561303
0.6527336588430119 0.1919833924015194
0.6718641425968519 0.78114886434301
0.4451615851926686 0.3721027972544487
0.1809151736581429 0.6157868769330925
0.8029055424683951 0.2330215173580714
0.9907074939631005 0.591764355443714
0.1005862568750857 0.2096390922400711
0.3078718328626093 0.7898433403212602
0.6682669634130773 0.4936829033785423
0.871042476083794 0.9748974433248437
0.03137849250387479 0.2735188053972873
0.3420535774048482 0.5084813031683671
0.8931556565426143 0.3885334967807811
0.7253845005815603 0.5448209443393596
0.3476017105685512 0.07837983428187066
0.2365379139069906 0.8240425251920357
0.7060220442626675 0.1011107910156796
0.5160298807795598 0.9111925255994785
0.2518583626396181 0.4942542742306306
0.08828817898805835 0.7489724649884577
0.9678528268424087 0.05764643708912203
0.7747020155927115 0.717975679744122
0.1828236917243454 0.05654252939445467
0.4925853264809438 0.9124806919375847
0.5180570284201812 0.3350688073978919
0.9189597620078924 0.847584505454037
0.1926167430868622 0.4242300918451303
0.4026746584675556 0.6788206993119937
0.8329806208439766 0.2873801162463489
0.6206347922558225 0.6767025513523057
0.4268634771526579 0.1691369319642068
0.03452785775094517 0.9731986876812825
0.5922489692409478 0.1716928050353118
0.5402921877847235 0.7730383744294465
0.4526466610130109 0.4897025663149193
0.1739547105115687 0.7092397305467699
0.9576599743310937 0.2138758392604878
0.8124645088079641 0.5818663948889909
0.1062237297313936 0.0520126165841057
0.2590837896370015 0.8785207848312396
0.6611604861276563 0.3655409592705803
0.8990311530769175 0.9820033695068272
0.2492556005646072 0.2661886605201703
0.3967010499915015 0.5354491792126982
0.8622506685180457 0.3818553006131572
0.7326618245015863 0.6830457456569518
0.330582018238915 0.1575744586169172
0.04228549648005089 0.8158905451963225
0.5819470621625953 0.1088449927805239
0.635237530861681 0.9203269248681639
0.2608743771603128 0.3645685678030904
0.1087578839926616 0.6235830924876483
0.810324926938495 0.008094875027050334
0.9963045425367737 0.740701163007657
0.1420245893206685 0.2194787943272482
0.4493839140046195 0.7699295591475368
0.5426759680220149 0.4908053275230282
0.8361311181048815 0.8520234734795539
0.04046402764966452 0.3801010435946102
0.3542993666063661 0.68007650842255
0.9117634423741843 0.2936303277077249
0.6097394695173179 0.5378833773508049
0.4374306874518731 0.1070051264430664
0.2464054467123884 0.9829518369721582
0.7127530204483472 0.1588040687484395
0.6887820797974842 0.8365738367548706
0.3813382372186705 0.3070800298516957
0.2114084813871361 0.5490324228072647
0.8539225581452027 0.1831520512231959
0.8865598512160151 0.5307782304388488
0.02384572149611392 0.1412190547842176
0.3688769904876218 0.8719214542413953
0.7446464392169917 0.4177828630480332
0.7536211324221084 0.926016701505296
0.07798105944481759 0.3519542156288933
0.290280537563052 0.6021506789779162
0.9444870104804443 0.4612518050117997
0.6816296463771048 0.5711661669008136
0.2689059807814533 0.0264810472553998
0.1687787216493545 0.7978169638812452
0.681650240832098 0.02463151375080306
0.6015457912940169 0.9668340663676992
0.323984722046804 0.3973770885463435
0.02657919897059045 0.670506514875485
0.9268916384833478 0.07553919202762968
0.8237592208679577 0.6687608932943869
0.2130745741238576 0.07746026885007365
0.3789099435677522 0.9653939668785904
0.5779337505627195 0.253055054405802
0.9421610257479391 0.8001776463497032
0.1709604692089022 0.4644865343438046
0.4537207738227662 0.733080215698436
0.7966843189278319 0.3549477957082529
0.5048957641591888 0.7018503053806996
0.4693912846750136 0.2002588506106406
0.07512668622387925 0.9017882324960194
0.5496350902627579 0.234975341742951
0.5120257019348258 0.8580075035712744
0.431892601991367 0.4752972770045529
0.1600383944731019 0.686367648767749
0.9788924700088543 0.1609539469316992
0.7590936803785856 0.5325639600000599
0.001192146764480866 0.04030225897440018
0.3581194915080533 0.9307720982655693
0.6764975626089543 0.2708313927931992
0.9541636392106312 0.9541842286702324
0.2235172574370525 0.3626290654550309
0.4856075968774876 0.5564490195499463
0.8159153506056706 0.4521195070029618
0.6575856580357964 0.6362647686608658
0.264046044297324 0.1775559852712
0.1046923374491417 0.8616408220747951
0.566511010921715 0.01422156678340927
0.6489041651813416 0.9468631832348787
0.3567791604358211 0.3131584885783607
0.1221269722153379 0.5341701666711625
0.7611353015137361 0.09331594367848176
0.9482272465564695 0.6838856333299741
0.1281446140334613 0.1630312779422549
0.463346263266845 0.8181625503743823
0.5146754649455402 0.4349538042949085
0.8060303941644498 0.8342005658107229
0.08394604357778103 0.3985282542281856
0.3042165687816791 0.6612797230510203
0.9949912730809692 0.262609827482241
0.6055012720221044 0.6180154992405702
0.4873444295996744 0.06417099010841379
0.2263106182265724 0.8825919446241374
0.695945813602168 0.2234482586801405
0.7226043517545522 0.8043193366548579
0.4576018530512389 0.2801883412645051
0.1886323215724809 0.6085014810461904
0.75522091192154 0.1321087197107473
0.9148883546852755 0.6063398181376071
0.07061621443624275 0.1640720017508319
0.3485988089507755 0.8016569790537809
0.684428489148175 0.3830545163291689
0.8260443794001864 0.9089059367502051
0.05170528134864816 0.3677240667509799
0.3251503979334291 0.5873792628007478
0.8874436165346115 0.4986412188971251
0.7468498202075639 0.6128667497345728
0.3717442123087216 0.06216433660880614
0.2266613436704659 0.7760446432100628
0.749551135487549 0.05879628154846051
0.5537536554646858 0.9714602872680758
0.3396353460042192 0.4816344802205094
0.009789545287665614 0.6974350834856429
0.9162759047156537 0.03679361970090032
0.791770809555111 0.6549505372260991
0.2402092916588585 0.02865516491676471
0.4018322730315037 0.9231959534510267
0.5006713789438094 0.2839069312585506
0.9221064998671669 0.7940194593180635
0.2186201404137882 0.4408938198736311
0.4392223116093605 0.6310950188475121
0.7995144465373711 0.2568921631330839
0.5219146470473986 0.6659836723741784
0.3778683668421735 0.2055113250750726
0.05442626939769708 0.8876355661991877
0.5949023305334973 0.2035878030807232
0.5853262967943764 0.7607808282213884
0.4772504448001695 0.4372908352798878
0.201990135123216 0.6900592574391531
0.9043159207726958 0.2450054649997551
0.8414790293190059 0.5967198405265842
0.1242410716038914 0.0899147303309977
0.2818051973869963 0.9478056141577511
0.7267110230779812 0.3147643203481839
0.8790006760835738 0.8791695169495589
0.1464326620407363 0.2649128219893299
0.3860229679781355 0.6207100254882923
0.8070785339876725 0.4020141354097255
0.6983398235742315 0.7361418266694122
0.3128383906304027 0.2250265226876502
0.05679251429627165 0.7692213273875638
0.5456649911869575 0.1155853115278541
0.7161012496457401 0.8921809862219084
0.2847304091339082 0.2896720774104355
0.04652286178116297 0.5660591270077528
0.863818215797867 0.02220414655496183
0.9036267967103253 0.7201660797003963
0.1997595764654337 0.1891079925346453
0.4314323544182472 0.7582066270699223
0.6158959851138718 0.453481529880658
0.8450194912760475 0.7669102852970739
0.0550945903687145 0.4880356392931121
0.3657191374536343 0.7041257754241961
0.8819333321111361 0.3597270170152599
0.5253253159426582 0.5582998712967339
0.4164682667033739 0.01256124406477333
0.1475490099416512 0.9878762104309644
0.6590835220562372 0.178446763424418
0.6424144250503671 0.848485764748679
0.3987990152903247 0.3235755726811609
0.1657447913782436 0.5400373709665569
0.8315857047816813 0.196963781557217
0.9699718348259241 0.5142568346483817
0.03575535217298438 0.2419436799404889
0.2944168744489905 0.8511737321932239
0.7191771505349809 0.4687245644273953
0.7971908389195572 0.9989041859006536
0.09613984813110343 0.3114902595475747
0.3121863258045786 0.5519977335803848
0.9852464981421752 0.3918269063516494
0.6256102395602279 0.5545048674014212
0.3089249245582317 0.0713719038270023
0.1874130458791201 0.8708320980153507
0.6275386626688324 0.07417380823392374
0.6234351886513476 0.9248804484539419
0.2730020226173278 0.3849669176605721
0.1104337910970986 0.674922993142249
0.9409431531198242 0.08459165808142538
0.8297360484276679 0.6960927942196085
0.1677287004241188 0.08352654651243356
0.4760434519849439 0.9390620579878968
0.62170886806051 0.3210761121693357
0.9625132961389451 0.8684403679126429
0.1843969143022199 0.4213210648755908
0.4102029125012585 0.7456571417633071
0.8572828560832755 0.3703377662974383
0.5973745508090542 0.7121284860214845
0.4977568999337694 0.1459350951841698
0.09489450926809624 0.9624018832790253
0.5346178982300304 0.1853481416944822
0.6017908175271337 0.8671434626211135
0.3871668116061527 0.4093433154024324
0.2208029428558274 0.6392353511509716
0.8783930938759791 0.173409570777027
0.8505239580723151 0.5231600990824548
0.06221868735768434 0.1129760332288659
0.3601876838988724 0.9606619815611883
0.7344113896943917 0.2987850948213768
0.9817553525213139 0.8962044205699101
0.1628548338952973 0.318254298469763
0.4827604934179363 0.6012839956936029
0.7820336440040213 0.4721459942446358
0.654738689930824 0.6931634124332552
0.2773311019685279 0.2488593572968543
0.06588430643128962 0.7640119351899343
0.5079730099816269 0.04621029995995626
0.7370485095141276 0.9587718509486891
0.3192541054337807 0.2580512636178032
0.01656450716050583 0.5601353789137188
0.8191803829763781 0.06669919516637395
0.8759673357389478 0.6379404880930489
0.218875963343063 0.1756897083816845
0.4187376303303779 0.831386622437411
0.6049560001407164 0.4079211463600383
0.7841945362892471 0.7633364480393263
0.06368780733269924 0.469130493389316
0.2737715756902606 0.7261901368445526
0.9510298039917486 0.3191576153434551
0.5109938527275241 0.5976685058412075
0.4814786186668173 0.04430645619494344
0.1608311002906561 0.9356957060535297
0.6721902313729865 0.247726711132093
0.6311324762182946 0.791938777915827
0.4959460747344867 0.3328453181348911
0.1543532011608929 0.5925352823166182
0.7770155473462255 0.2076726870148957
0.965204970114599 0.6134456637273833
0.08760233159109464 0.2322096833473772
0.2534789550667387 0.7786815542897887
0.6301797370232829 0.4434852016468516
0.8348889032691352 0.944991330276392
0.01293215370404728 0.2862283967603717
0.3455504751988179 0.5456946783250402
0.920938405598593 0.4227052266700642
0.7035517561433606 0.5106224579933364
0.3409400471966542 0.09802454161216312
0.1941849985080664 0.8455779371408844
0.7233072397054531 0.08167427415987619
0.5384720695195917 0.8861062603529896
0.3057702991818709 0.4421015627120377
0.09797737234394721 0.7155173559691786
0.9884203885976517 0.001144761621518504
0.8024905912060692 0.7475813859191102
0.1524745674905414 0.003725081528407765
0.4428150387928708 0.8846543211481251
0.5365650377553 0.3732238211378199
0.8911672865653664 0.8217602062500189
0.2350205989222062 0.3905354757432529
0.4278557128559916 0.6512502753082953
0.8678655966091859 0.2772768868437802
0.5902462927373778 0.6500597721307404
0.4048312041103155 0.1283587875950055
0.01438980177875498 0.9418236878508262
0.6183776748024092 0.1252401128634975
0.5291348897464062 0.7863736128845611
0.4885448971184106 0.4490271095580441
0.1433624311114107 0.7387390593182781
0.9998252751901753 0.2216232120225787
0.7673166982241324 0.6227680480899487
0.07890480376106718 0.01066174533802043
0.2970898902628985 0.9191782491601942
0.6331007788240036 0.3360615215947633
0.913293908465984 0.9499288127218907
0.1957854397237565 0.2952845309716987
0.4339895649471507 0.5031316025268123
0.839457225123818 0.4311035516866199
0.7136899493666607 0.6420320445551068
0.3533254855606915 0.139090668655313
0.004669102313987429 0.8544951073509351
0.6114562373133265 0.0870784550505056
0.6633737046519008 0.8764973622016539
0.3002022345878627 0.3386289077709642
0.08132983697333576 0.5792543420046282
0.7685467249069396 0.05302490482362902
0.9601571961962425 0.708528667115676
0.1725546279725304 0.2125022314904393
0.4917939262019795 0.7889609007112844
0.53055782256927 0.4458556591954316
0.8597892571311299 0.8135237144271242
0.007787630398678051 0.4326249053966341
0.3283553441950192 0.6440354531591449
0.9014190621756792 0.2687819674101025
0.5785555311736962 0.5008999909092398
0.3961283940618998 0.08856298172961205
0.197791943853215 0.9529169127997753
0.7316800343129397 0.1376978653069835
0.7433956430083714 0.8742153155597663
0.4079702028220799 0.2517092683249296
0.2335790242564055 0.5292427747111994
0.8217153560938373 0.1427874595624853
0.9278382124520174 0.5485945134127673
0.04952324371787277 0.1807248572358173
0.3212802036311977 0.8391264405161925
0.6896723364833538 0.3946429135652964
0.7941872383386103 0.8990116675175414
0.1139106214168905 0.3266931659313083
0.2661485853089675 0.5735353153642546
0.9736855486411712 0.4792218218471275
0.6483981787554032 0.6038660780204519
0.2918824025772714 0.03499367126438528
0.1368006722056863 0.7522373193559434
0.6447462482003623 0.0330332117164894
0.575495535164209 0.9940074690540839
0.3704406736188721 0.4148332428628336
0.04782145211322583 0.626644557288847
0.8838319690910439 0.1242022469623497
0.8526430204559119 0.6273956905617134
0.2315494051417033 0.1216752857201845
0.4089498278575595 0.9947154722756156
0.5977643991913266 0.3064372822003846
0.9758755150476672 0.7503488038416203
0.1393910708094382 0.4778833832679089
0.4709362276847677 0.7007545030113435
0.7514176315717916 0.3255635604059787
0.5470216283494371 0.7318969384979392
0.4557096718285457 0.2367043202070844
0.1171195915998378 0.9278129765231318
0.5068224364658058 0.2018273893125097
0.5560175696422581 0.8199595349047143
0.3929886173214339 0.4554118950491768
0.1255830371668578 0.6483343131289401
0.9457114089548873 0.1355938086935937
0.7852633248908363 0.5078096220325576
0.04305614393089801 0.01973634230812902
0.33437365668145 0.8938997160254675
0.6515179168352083 0.2921903809181103
0.9939801532155139 0.9848432913194293
0.2074833079172143 0.3417917326620997
0.446429318685354 0.5190748283726849
0.8469771547936297 0.4848103556709344
0.6405715106701534 0.6628028476427005
0.3010463008173678 0.1519420219285921
0.08476466452851998 0.8328166473868499
0.6089997314403357 0.04722921655293544
0.6780607226120045 0.9772098911725922
0.3334503412193895 0.3471212356756562
0.06914326965727373 0.5054389778192087
0.7878600807771465 0.101954305313024
0.9778699629430443 0.6460526025547805
0.1568961051587495 0.1346129469223376
0.4785859766890712 0.8566123794005668
0.5573320785869028 0.3779586981020433
0.7708684647034577 0.8597591235466596
0.1026024782553688 0.4113458958301943
0.2625042082458991 0.6331323691293317
0.9559449194791357 0.3024412194729719
0.5694400908849432 0.5858984203026448
0.4474993552618434 0.1145036962296864
0.209011955795397 0.9153208885905655
0.7417839938956583 0.2173263169749801
0.7075584765828322 0.7556293396666527
0.4728674079213299 0.2818598264037405
0.2414087180769161 0.5760769869010635
0.7892025807281479 0.1664416017688976
0.8965398448280799 0.5767935567758744
0.111824195131476 0.1307216164909364
0.3372440116988235 0.7577043343036922
0.64317183479982 0.4268753615116329
0.8579135185792464 0.8894423973649627
0.0305470558843147 0.3312396088412173
0.3743667001853211 0.6100850810813137
0.9247178516686383 0.4381758732185924
0.6945979544799412 0.5886366870869756
0.3271460818652247 0.0057439547126934
0.2164108259844016 0.7957719549847208
0.692255248713547 0.005944450739465369
0.5024602066501036 0.9404053915161664
0.3506689389952077 0.4652001265631361
0.03820538538476562 0.7283263518549795
0.8963481026287535 0.02963217651331504
0.7564685724597952 0.6738112146597681
0.1910719181906239 0.03719926399401319
0.4224602482151285 0.9044865308170514
0.5524249117450895 0.2777159418430909
0.8890215262504925 0.7736232587421829
0.2299163836049078 0.4977513121514937
0.4988963079805108 0.6676016708752363
0.778616357069142 0.3090165882350835
0.5323861983023441 0.6296529272209911
0.4136467402091926 0.227915363221861
0.02912828518695735 0.906448557200878
0.572802295223479 0.2299480556124648
0.614084428335651 0.8100415170437237
0.4620217891646581 0.3759658162715476
0.2454991620839738 0.7211923892010552
0.9098592236666169 0.1902336353164462
0.866258847994905 0.5640774747846738
0.06697998376804631 0.1045414119166269
0.2775680863903941 0.9792415825516791
0.7176126255914315 0.3450074794758188
0.9352508302059132 0.9171478378662282
0.1788434651525981 0.3035910020132659
0.4141465163157432 0.5824342116762409
0.771551113122335 0.4129748839979834
0.7400699593098548 0.7055259572831822
0.3651698408970995 0.2158737428396749
0.02164267406569791 0.7820410995595378
0.5269897554053821 0.06547403601857935
0.7304607020108153 0.9325257245353524
0.2808010735147691 0.2721395699831921
0.002348246883508152 0.5953243132847115
0.8434822805435873 0.04195191738843324
0.9064396298344392 0.687796378698433
0.2425970582723219 0.2428036390570786
0.3911944428266532 0.8115583363811513
0.5826877654819926 0.4730157370678931
0.812733175373833 0.7837651761665729
0.01973878644922974 0.4504917859634838
0.3148042159998264 0.7371207430287831
0.9367887612338907 0.3418430471763581
0.5431715117367364 0.5170245104968506
0.3841471660870481 0.04903533602040381
0.1762851962559303 0.9563743066281591
0.6379106758141303 0.1496004228132263
0.686774520289652 0.8263063101682872
0.4247945878658039 0.3568149766121086
0.1350616427700157 0.5125754159852577
0.8742116232106667 0.2395210754020249
0.9377838975685433 0.5420048231276825
0.008393966360772522 0.1973006447904392
0.2712587443583487 0.8249476968286324
0.7095197224571063 0.4839534961544675
0.7799591681528421 0.9631764442610367
0.09373108877972468 0.2548304832132878
0.2541035850252327 0.5248874306104765
0.9640431100435298 0.4194338557782039
0.6657254561291941 0.5268999469123163
0.2574674893624663 0.1178395156999935
0.1489541450441009 0.8422498828622232
0.6661739768228152 0.1204358426670611
0.5887143523878512 0.9036011087972299
0.2958206137295311 0.4287751791638888
0.0726547348910309 0.6526061888600463
0.9725530988478558 0.0960137556847962
0.8730141638051845 0.7285287016656463
0.1345199008827455 0.09564825595055804
0.4589847804953643 0.9702088592889965
0.5866560158524087 0.3578985971086299
0.986591727403942 0.8404370691815883
0.1516942771356654 0.3933228437262644
0.3752884128513671 0.7136444339930424
0.8267216059715218 0.3286448295689467
0.5721138765499953 0.7432501392639078
0.4402023202107613 0.187168049844552
0.0909064679365138 0.9964473471437355
0.5197692489407696 0.1468099306877924
