0.050763935022583	0.050778123940290
0.069620795185822	0.012284283383583
0.165856417641825	0.002839583089305
0.211625080139289	0.029517674418054
0.250423452293133	0.053196311984373
0.314006696906641	0.051828176450061
0.412070517174916	0.041431906075201
0.499745013192237	0.026756036261622
0.510593008572607	0.024109511132494
0.600217059612674	0.040889377846240
0.678440916378969	0.007728641505290
0.696061421784354	0.023867188842005
0.757838191553680	0.009714852656986
0.827907482922405	0.053234214150169
0.931229480031466	0.036396804419671
0.973132734471730	0.009484750599248
0.051492262279846	0.064468654979013
0.085218241399903	0.082833068959376
0.187328074985959	0.093107607906709
0.240857994822054	0.070250758088136
0.285240704405643	0.109089691086344
0.352047179572877	0.083566044302091
0.412792990982484	0.113146214350277
0.459520717811426	0.077895746133382
0.530378325296421	0.080591869864867
0.583826678460773	0.080977641879809
0.679301003035926	0.071385364283082
0.714587253088152	0.119848543311201
0.762268714784241	0.075134492627726
0.854493121218866	0.098655858376565
0.922632810074168	0.112168054544522
0.957928422697687	0.098465318319729
0.061966886903850	0.147143179541371
0.111831052924234	0.178384150943808
0.174721284082560	0.134981395067876
0.241747907753859	0.173183775212542
0.283924241427198	0.137305632731250
0.353882749487269	0.142640946044154
0.385273688518855	0.178095414824922
0.461627482922428	0.171939551913980
0.527358064929107	0.126483841872305
0.603566735264861	0.126909303872243
0.651899582901830	0.139802544715885
0.739778320259014	0.127524079071596
0.759524384966824	0.172648876829224
0.829627850140591	0.158780221646018
0.917283148194496	0.150119745775037
0.960500054197735	0.153236258519636
0.040418482802440	0.241916850236458
0.109948816240055	0.220856557215065
0.136731644192881	0.225802863214818
0.218842902460914	0.248884249667494
0.258344110481754	0.238431746486675
0.368513489984561	0.197281664516144
0.390191166505146	0.202205203171402
0.454385777255377	0.213173241811612
0.535589113665183	0.237660028444990
0.611297883104719	0.187826733046753
0.658334533080537	0.236282382302750
0.743972963506582	0.213753358350660
0.798599965503346	0.240656376712293
0.818194790628202	0.229110670576713
0.922469151173711	0.217220781232398
0.961021403700235	0.203020978387916
0.033924226293206	0.292779180173012
0.071952919710766	0.298171239596133
0.135262211787110	0.257804001217662
0.227962871411690	0.253801095809625
0.295051884367725	0.270517392889135
0.325749984377937	0.251489668779306
0.422115798002834	0.276890306623394
0.464846706591744	0.278494194695026
0.513559977308861	0.311340450192532
0.585614140063551	0.260718498425143
0.654609850920297	0.310812097173373
0.690040481481129	0.257571981915988
0.755434444466474	0.275644697153043
0.854257683119331	0.311838279259819
0.932794453575112	0.290624373339960
0.941124283636716	0.270659217644869
0.001073554114805	0.374184911633885
0.082011727809909	0.341065154592173
0.143432166824567	0.371901775258454
0.198719071634398	0.319953853455361
0.287776611739601	0.333119868232897
0.331085338392548	0.373669553431373
0.436004835864530	0.336982437124123
0.468416699928561	0.333930703423436
0.561501864067163	0.373281394509431
0.624456726843947	0.348879582664552
0.653239127487931	0.370061684515109
0.700203059549724	0.361486930644369
0.781027343349654	0.316506167685498
0.867240041681738	0.343610144445815
0.929449653804058	0.362071160078531
0.997139991696957	0.344403082526848
0.043277366824513	0.426129323311297
0.124076230771392	0.422915983752561
0.162799427003553	0.424370609875622
0.211440162171247	0.410995054925674
0.297931644567389	0.433905442651921
0.365303345866339	0.397608584831494
0.410949082238588	0.429291395672316
0.472627346077381	0.425864103538535
0.504738350341734	0.383878746755975
0.602664544241890	0.421903591774032
0.672951636061294	0.436629999705271
0.711291984573191	0.433312391963162
0.787434485356774	0.433843409248824
0.824687203991852	0.375707782819683
0.915760224563596	0.419530548558578
0.957503845905304	0.417996288272668
0.025670766996492	0.485512068157087
0.089909337933038	0.483231844638528
0.181238908450175	0.475398328324174
0.237536907513285	0.471540639577792
0.267478150552483	0.488677565937088
0.321450604491739	0.492596270252856
0.423474385792733	0.477390825859595
0.453998767003417	0.494461325403410
0.560937872636350	0.443542375565400
0.607752793260792	0.485522325729374
0.672736507356804	0.461023646295891
0.711005578870770	0.444992407517855
0.785686984273649	0.437768765041318
0.849643844654119	0.479759715536437
0.919873407208331	0.471705901269849
0.937900608070870	0.463436589058474
0.006533988141812	0.550443989265581
0.118595487509411	0.534050362483610
0.160417997795837	0.509302400855069
0.225965383224181	0.549388560085066
0.294094042207951	0.549810743465743
0.370198468603822	0.556812699024289
0.393570077289727	0.539080819822634
0.483492384893701	0.500819962151772
0.516622577201138	0.551532670227236
0.621955863708736	0.529455109724532
0.641071441776252	0.518226498814935
0.706245058293279	0.523637061507589
0.761753272340692	0.538764995793757
0.844196851823758	0.505340722085172
0.911875604951492	0.531993841177782
0.951566705672668	0.522166218497363
0.049910778104074	0.566567651389997
0.092104806731712	0.599790862580945
0.135491040421298	0.579338047060729
0.212222829772444	0.589230467411510
0.308668103752115	0.591471396422473
0.340373938793287	0.563576932312822
0.417574655099906	0.601331597828849
0.461987805980488	0.601304509496853
0.509199992959434	0.597230281281455
0.570952591197205	0.606677125247469
0.643748499733919	0.596149926110788
0.699990808049913	0.586346908681758
0.773987921062272	0.565175981436082
0.842287097511531	0.613557827408905
0.896439014938995	0.578381256233175
0.978121061469573	0.576828577137047
0.011774830726621	0.652287179508663
0.088702670013579	0.667206555862144
0.160827518172638	0.686384702872342
0.194956246445062	0.662246518777042
0.290360601686491	0.657722017007815
0.322553160922847	0.659470609193544
0.392304114506651	0.666128084989877
0.467434986050342	0.659187373902343
0.547374684054492	0.649645927949959
0.593081733379066	0.632454624706869
0.664749051031482	0.628030883149018
0.729812607062588	0.650740941061112
0.807312460775094	0.642143619541811
0.813959797451729	0.671114212407524
0.906385741829613	0.682968889551230
0.939723150514118	0.638388738999699
0.043275270184566	0.713356036014938
0.124762621155186	0.745629584401178
0.180897151045710	0.699326026052429
0.212293213646578	0.724461187093277
0.256802723744605	0.732646115905988
0.317706446353743	0.693681048318087
0.432904869185971	0.729664892855721
0.443884867550546	0.737904972219352
0.532079749995512	0.723076043920726
0.621798309162096	0.703140283356337
0.681240086020259	0.721602275524429
0.706144326749175	0.726520761303608
0.777113744558793	0.731901798422193
0.818300186046585	0.749395955834048
0.886711388145157	0.742058261659592
0.987869086657970	0.733177185258404
0.040869033846741	0.806074324629985
0.099815636256201	0.803496960170101
0.135395970401679	0.753079996110308
0.244748441835923	0.777779709947128
0.311942166561364	0.808139207000644
0.313192307629085	0.761008429634620
0.416468127814929	0.769844785308196
0.474984234906147	0.793958233519564
0.546624477250531	0.786374978962442
0.595746952669753	0.791653173388716
0.668299755368102	0.801346169782068
0.725748228951299	0.775049389505887
0.810130981058495	0.800629359187006
0.874762262304957	0.809247611977450
0.896259583581416	0.776462698055888
0.996899441596912	0.768124987986666
0.023584569315096	0.871822030457394
0.089088658953921	0.850128456769774
0.165465300068135	0.826394171064346
0.244261943137218	0.854379251740030
0.260522860264877	0.831641491376013
0.369884652113515	0.847374394747865
0.398024017462280	0.861470606858835
0.472178356351722	0.837051110915386
0.500990282220531	0.819111641614375
0.571529137714889	0.818423875987279
0.655768071031959	0.868104323539442
0.710943933538148	0.831374315665773
0.766266845054055	0.872391400989120
0.868035509293092	0.830821842570631
0.912213997720325	0.860277139811143
0.947928020412900	0.845971800394699
0.060496650446555	0.896587479951928
0.068577524756216	0.905475377083168
0.157036366850845	0.926598748495243
0.223991946049266	0.883390576129521
0.258738113627475	0.894813294497974
0.371461677407837	0.880700007620780
0.404658074715910	0.903559969904847
0.472869787548056	0.901376857588505
0.528810844224950	0.897599565743608
0.579636165992621	0.897037780441353
0.670676298188203	0.876949475481978
0.739328859473306	0.929668589697026
0.805115457782549	0.895961788866194
0.828476310085616	0.910318780611343
0.909766699122793	0.918036012876671
0.962979694150384	0.875033973032267
0.011510313171081	0.949396123966876
0.073539132735119	0.965194068360770
0.146152277496562	0.938718173915105
0.213153013397975	0.988102661995940
0.273181825081278	0.972689153489235
0.339091493492385	0.976115919483969
0.395680748906029	0.989524696383631
0.440885664910517	0.947321917500189
0.542365916636159	0.965074609898747
0.617573869980423	0.989643584716167
0.660640337847439	0.983837330346307
0.715822723686188	0.990241026183414
0.767067854092938	0.985312700268187
0.820513948436248	0.958152161624900
0.920468597756226	0.941934483883538
0.954551798222715	0.979946166010328
#
0.004848583573440	0.061999981175060
0.076316655005518	0.035472009834012
0.157932201597242	0.062183663278046
0.201598196890344	0.047925217801338
0.272155934629765	0.023853787852301
0.347572916733933	0.042100664863736
0.381516189985330	0.059567157978790
0.484014086945451	0.008036654502628
0.562102223688178	0.013336264109434
0.611646500325679	0.004178953416222
0.682988151674040	0.038924843503960
0.699703100416740	0.015904785486847
0.798448609854316	0.041616905461209
0.828667123398317	0.059249821409292
0.888921942972560	0.062306355044666
0.957175871420111	0.004318901775246
0.015538007868579	0.077758611008818
0.096947628503420	0.095847058597917
0.151260783130713	0.094130075805967
0.192478975427798	0.107262555272845
0.282330576410710	0.070249755868630
0.321429793885078	0.124412698714741
0.393887720860980	0.077549103243521
0.488905282426603	0.122700060120598
0.557762534996789	0.100780506976480
0.564171126287354	0.105584893691257
0.684375360432750	0.102342514490556
0.714614447998375	0.065412445634816
0.752641648171153	0.090418326471215
0.839733209249036	0.084963211154673
0.930416166897145	0.089374180627492
0.998631776353841	0.104184681995931
0.057118453840869	0.183734506877077
0.094412911181434	0.128221456456981
0.148561047293726	0.157045800522795
0.245944844252301	0.142581231255918
0.262605536222715	0.128409654048367
0.331484677842000	0.141581482883562
0.390099793545110	0.150787480457986
0.485385512173033	0.147146063541795
0.530990741091895	0.185814826152244
0.619955130938896	0.185501863539219
0.679046042377955	0.184285933034677
0.702626823392959	0.168920373088662
0.796619748460157	0.125914646036321
0.874393587859090	0.175830391058310
0.907260089814607	0.128600337907230
0.969614837806349	0.146109019469262
0.004461319390559	0.223902211256535
0.067090089317549	0.200220795002002
0.163321409776300	0.233673627833760
0.239439588328693	0.228435398525543
0.289138724949243	0.230698883106978
0.338413412237636	0.235839323748564
0.376934288535717	0.217712493096528
0.487778462961497	0.220387625137318
0.545915608115824	0.189595609452714
0.574410044998375	0.238444338404444
0.661877773652523	0.249787024440544
0.700629768517830	0.206757978598880
0.798432989624779	0.239636835377812
0.865797375923325	0.224063442431871
0.894445372124190	0.192559622258427
0.984406456376753	0.192116928549860
0.007729385151814	0.265995641359127
0.071164881594285	0.299032649749781
0.129829818602262	0.286706923748531
0.234696771189267	0.280328375861940
0.261769114312313	0.251227034037869
0.361782764489013	0.270667805006534
0.401058661844828	0.270512282212850
0.471342047349629	0.287981405630238
0.532409076586461	0.300633199219157
0.610603126664786	0.294490535360992
0.680707756355570	0.281754433243013
0.700780163522177	0.281405637062598
0.759063437248478	0.253880358956843
0.856224743863271	0.299478888537730
0.915987343784302	0.292679075510865
0.948009794973305	0.283169347203958
0.025565315727858	0.315034188927392
0.110265594205182	0.323318845012882
0.156946030540146	0.355079886702606
0.194406168231369	0.364515250517175
0.253763682384455	0.351049671205936
0.343631480682206	0.331388826486396
0.431150283808506	0.356663970694450
0.462437752028913	0.351287707127931
0.541728820414103	0.371792649209218
0.567947016971988	0.331336526757534
0.641169934086192	0.317979676562939
0.707354155693868	0.365743081723513
0.766404651007360	0.344333188266455
0.823353147485958	0.350841636123564
0.901477589831100	0.317036338238869
0.992735464444322	0.318937249192139
0.039769435150612	0.387834701835605
0.113164985185877	0.390249839347147
0.143113997332545	0.376845552993902
0.247029412813608	0.378998718560091
0.286129546505662	0.399355610954658
0.369952549967555	0.416055777294341
0.379101767744078	0.399867043370583
0.470839175738124	0.408735828394707
0.523027025474125	0.437441811940503
0.604852939747473	0.428645414443720
0.668618272039718	0.417418976440658
0.747399403276481	0.417443643668653
0.804081913736668	0.422554167769862
0.848585213906734	0.412760161788962
0.889364275211553	0.437261550090569
0.940087895549971	0.405602462000237
0.048088864012526	0.464494248334550
0.086171513705321	0.474754215081282
0.162159597393395	0.448900448714011
0.232133370499856	0.451434812977429
0.270641476444584	0.450330416020083
0.339021372338529	0.472662853201656
0.428696801883913	0.459905172237755
0.497198509430093	0.483824688486365
0.501987796175407	0.468899568928499
0.598265813031645	0.451338877191613
0.657660272271060	0.456197724027140
0.749433957680462	0.487746835275960
0.803301267352840	0.454695584183721
0.871382368349326	0.481566632831601
0.929529204700847	0.470902012858051
0.986314104080972	0.452309386211519
0.044141327477792	0.531714949997076
0.086119902791367	0.520010348006620
0.131090578508119	0.531594781721731
0.209803224750167	0.556925270355871
0.257079942430039	0.515536486305771
0.335098658300726	0.533469720562214
0.394857844924521	0.525468098762321
0.449285724770577	0.549429849936727
0.535578295684089	0.557989717765709
0.587216749705774	0.539236785882208
0.631647527525003	0.501371158811117
0.732939374920199	0.510808723268171
0.792480161918206	0.507629018657056
0.822653409445228	0.503853845585569
0.922684898247287	0.504582190043196
0.953436757194213	0.505942836958203
0.032661214012807	0.601459356295867
0.097944268921377	0.563838933187383
0.152889486205040	0.581754815943831
0.249329744546984	0.562699230504269
0.290609734637106	0.620238995716846
0.315489901579681	0.617208910347477
0.396049676162319	0.624789231253040
0.493493507090838	0.579506853977686
0.509808587931285	0.580577827121149
0.602502442105325	0.621587667249629
0.652064673579779	0.580001397382585
0.727246299453486	0.563458327422491
0.758679204214988	0.616357554490412
0.864548429465980	0.563735117597677
0.904466989980886	0.612525125089457
0.962846700690069	0.618604685702269
0.022586487748215	0.637599918572255
0.078083049087572	0.670719478842970
0.154691361945516	0.684967014472342
0.217732503231436	0.641600814302592
0.251492405354276	0.635663438561760
0.316887981710464	0.672569380895018
0.408832439156559	0.653923646379012
0.480553471798905	0.677638185528372
0.528894308291817	0.643893711564339
0.618775783119787	0.635596910144807
0.665940931221922	0.667725564834598
0.700687372914559	0.677000464228797
0.809397848220402	0.661738199554206
0.813671104668447	0.663494845410109
0.905265778615783	0.676615374625920
0.950614147880840	0.634704278682406
0.048085248632842	0.738873159073729
0.108593950859176	0.696536939054853
0.131802950987314	0.736061428568457
0.211677283752751	0.733092601960081
0.310104304691219	0.739108545528517
0.356202581005335	0.699416588368923
0.400128814659577	0.745612115336259
0.447454375100777	0.717091455931564
0.517920795701309	0.714425017219485
0.573220882596383	0.696869479218002
0.672180640333025	0.709808023709876
0.748167586148639	0.736281670524921
0.800893856297106	0.709161062395238
0.841988797059047	0.737883182923632
0.917070459031283	0.690168957575846
0.956467307540930	0.733330259212137
0.048942709163866	0.803146571806433
0.070389669594096	0.766213490689689
0.173361075747726	0.771821402076590
0.230811834316308	0.769370495957409
0.273111314576378	0.761091242517832
0.346109165774218	0.774794782386696
0.420575868552685	0.780943421828780
0.474942081325558	0.750442287826548
0.529060731037534	0.759355585180306
0.608199605423305	0.808184764521589
0.663561447125059	0.762171623096143
0.688345085102097	0.774335095009728
0.754332450641513	0.785042921453142
0.826243986742628	0.810229797614210
0.911588172247654	0.801034757413677
0.945320005850592	0.781753449402576
0.018858518906952	0.830468583754373
0.084057652833070	0.860234706499086
0.159428817053425	0.863278755755345
0.229882575537749	0.821117642192081
0.301982783680894	0.844169361727934
0.349655709936553	0.872813919296678
0.404032795856831	0.867023108117753
0.445857477594599	0.866798703746008
0.530312301947342	0.867710622156786
0.606314197076441	0.839433243926483
0.683366092983253	0.817297945294948
0.689238252366017	0.846242816908342
0.772669433141167	0.862883598191637
0.873831620730653	0.823150176921196
0.917744685352720	0.814889860732921
0.976308110397381	0.859966087617205
0.004475535374828	0.916204496616545
0.093599742314801	0.880166066331478
0.169133237762524	0.897969588511733
0.200059759593583	0.927390344511343
0.278409908430397	0.932579110011593
0.361102390638227	0.925533835162184
0.433736994235948	0.898906903041389
0.476097045446187	0.896291258153224
0.542323814976803	0.912288516681243
0.606691028845774	0.936789924147723
0.625432864224523	0.922219471653160
0.715109117379205	0.906813973291850
0.780430326492742	0.908128273215408
0.836088954811238	0.875820450790534
0.889938485404695	0.902999966120813
0.948123382581543	0.916447625607007
0.015193796851135	0.970867115517232
0.121828126647586	0.971630660883181
0.170105693348475	0.976353817293736
0.199661927111368	0.980828033813934
0.311267926226432	0.943299650608865
0.353705274722005	0.965293028500232
0.411930212570454	0.990019630885804
0.451269585686100	0.969089779399007
0.537035537935918	0.996778218977102
0.585961450886322	0.942189514536222
0.652394162351823	0.969137524683992
0.723838803003039	0.981284113203591
0.796823343171115	0.977177568997065
0.813821886841050	0.939696076312032
0.890772395378042	0.964280799750537
0.997721432474843	0.968301649227110
#
0.000807386735875	0.002747558407194
0.124420356165366	0.060738626896226
0.148622318918612	0.006171858288853
0.217783449326591	0.004100665189116
0.287752833124309	0.052977524928394
0.355084069621536	0.008719547551875
0.384776869791042	0.039492980906389
0.490642841422964	0.014834458142830
0.528394574669864	0.059830764104224
0.592039822403933	0.057938075827071
0.641886073212229	0.030002461898840
0.690205351886737	0.029729360706925
0.752265390402117	0.038243020282416
0.824619927460938	0.053461512228465
0.917980883673411	0.000033621123301
0.986781692784112	0.006416426812978
0.020234950546346	0.087580441459450
0.063133391930171	0.095098702200944
0.167597824179124	0.086385422682829
0.211326794544311	0.090035895663322
0.250529026088894	0.077734716822215
0.339585189233670	0.082048425280850
0.376996575142140	0.086172779882018
0.496490568969513	0.123760499598286
0.505323444930912	0.094975246327807
0.570353442746646	0.122048875418154
0.649429742718216	0.100655873475051
0.731862723939554	0.065356815947536
0.760195002777082	0.124050860904169
0.865136660560415	0.124486604981820
0.883344496122060	0.114705642100821
0.970111943818073	0.071047343854105
0.053478625760991	0.138319186985800
0.082532072531765	0.136883511778289
0.141173507672775	0.140091866069145
0.225275779821159	0.134962737329761
0.264182352711605	0.125175150926266
0.343571126279088	0.184672957853105
0.398014730386323	0.180538656173865
0.499709246927455	0.135637625894308
0.548193329388903	0.150483122770787
0.574997026301570	0.136633610166408
0.645907117568051	0.146483478272330
0.733861566386503	0.135891447748498
0.786777333423211	0.138950137221010
0.826822703110944	0.141721541764383
0.930081993557997	0.132281584928809
0.966910356095040	0.173456777640608
0.061390579183095	0.209747557475289
0.103637311558970	0.212066826765557
0.174765110580429	0.210119802219006
0.245925733600377	0.209302730164910
0.299141425810904	0.249868110215144
0.365378018451826	0.206660081113027
0.405036847041346	0.237252421834216
0.453247876608686	0.216009476126872
0.555216319944643	0.223618624245543
0.576396976775466	0.213685244662614
0.659109727021798	0.222911289450226
0.715477445649560	0.221301450867625
0.779781657991065	0.188109311304430
0.836884340669933	0.206966993345289
0.928097879526461	0.195502275399166
0.964741446782658	0.189767330885461
0.048504172908376	0.273024313972104
0.112669685852637	0.266885763329194
0.161714763112649	0.288126082415838
0.204235194123871	0.308400646462315
0.270277346387221	0.256701452120720
0.327928933726025	0.291495861786300
0.418896918515418	0.252436761075500
0.465270803680241	0.266217402229951
0.512624752928998	0.298800845467206
0.568031508913387	0.304826340199757
0.680414458487745	0.254530974752160
0.730297484663384	0.300282510809550
0.798485902993354	0.272869422251328
0.817473567324917	0.252391593560435
0.896287611501475	0.285547974978818
0.994281696212544	0.303413025130498
0.021484185524514	0.350539606480868
0.074523338337784	0.329882023496293
0.141652727634449	0.332375218077767
0.221236648919000	0.332326120323228
0.269835190473785	0.366804543138553
0.315432649266541	0.324342782073501
0.404107748231992	0.354820213639718
0.448731907573233	0.369310770939177
0.535473688513849	0.352384296677165
0.609585068577920	0.355148879078950
0.663449741486914	0.327755076756062
0.690227845145908	0.356613015096894
0.755312012495196	0.366628230692965
0.846456799474884	0.324579439681740
0.918265992727425	0.360219015925592
0.984848421834723	0.321904947124865
0.008592676897206	0.433114740763701
0.074434752869870	0.422271541345346
0.150025392728282	0.381934382168561
0.191587308844688	0.434294351186672
0.254300302113826	0.408764546177412
0.330089463987409	0.430188708849644
0.429788124905850	0.388257989648440
0.471513803270416	0.426155211168494
0.525232000107698	0.396679988674396
0.577270882556860	0.382624503954459
0.645287077049210	0.406118950930219
0.743026711830876	0.393725669525151
0.761363711050680	0.417432678713215
0.846408621576011	0.380369191292061
0.881925551964535	0.389933392336227
0.948972878893016	0.426586687736932
0.060124890528998	0.465009490398227
0.096093645821929	0.497073048725043
0.138351685938158	0.480650680237019
0.213520986616151	0.480249217066506
0.253980406386308	0.478228695874738
0.366034034986755	0.457010789720693
0.402278077911418	0.460539670389970
0.439929913206126	0.457843270754172
0.536055145095115	0.499103363472177
0.620362729706187	0.469048734572495
0.684393790666222	0.497006321863622
0.726786872817736	0.454508324681550
0.809025419351301	0.491899481885345
0.869759815365486	0.474249448024609
0.913137599150799	0.445858841894860
0.993566621864696	0.441411844091819
0.020129164190760	0.550009820869311
0.119384949967355	0.546011583788440
0.164084840560468	0.534236005850075
0.207145225566846	0.556434545140698
0.259293406025226	0.527009961521721
0.316997779665281	0.535877439056262
0.408617164045250	0.530028615052004
0.473209340963096	0.520437487987903
0.558822845806443	0.560113511324188
0.612900279648695	0.524572920001711
0.664743425784922	0.521776548679168
0.722437341312747	0.503379801565520
0.789087357634350	0.524962154324740
0.866679907497992	0.507144792516400
0.905362477227548	0.532673314308672
0.981797572235646	0.533783803454434
0.021898976474046	0.587273325980588
0.100914441116251	0.592604906363437
0.131448889312788	0.591022474596049
0.218355844415691	0.576909341692671
0.295041296175924	0.602827265868040
0.317496091914362	0.573363566759127
0.379087445021511	0.606336051783021
0.475869404321040	0.586069990784412
0.529049629483267	0.617406171191811
0.571801371219754	0.621978841590341
0.647924011011008	0.615032380589990
0.714432080748242	0.581007450517734
0.801437514467732	0.622716340090315
0.827217635352797	0.607345739084376
0.880283587395163	0.587022895392036
0.988508867752042	0.597689515569990
0.020262081180760	0.678269125519034
0.093448226449184	0.661057373269824
0.156498467178666	0.676197097488608
0.204954904493632	0.639701756535727
0.302259738743831	0.626700568042393
0.363439405814498	0.628356498870616
0.412735449275406	0.683387380077827
0.496570996939338	0.637785846879772
0.539695602399808	0.653082685769904
0.614744547635723	0.673354811832159
0.651222685314418	0.627966401066041
0.691005310088164	0.674236103496336
0.800489488084100	0.639352749905515
0.857786053540252	0.669775643716514
0.935218966099834	0.625381814577939
0.971236553371124	0.661927381408035
0.003072511289053	0.697571989616862
0.077781339252317	0.705061100063627
0.170636088627073	0.747966845097362
0.197019880639743	0.713619403547169
0.298970272979692	0.712264792315491
0.354343061054089	0.743521980867028
0.427517486224537	0.743154214577087
0.439823748398880	0.748438569571226
0.516644760417204	0.701205262349966
0.624305855933764	0.707607681736724
0.679393982672923	0.731583963566014
0.723073609152477	0.720109278969492
0.811845081523490	0.709486277298882
0.874421767337346	0.711937633072244
0.930592325005120	0.711226372024679
0.939868355112236	0.712357731396299
0.047347024443407	0.792157742655756
0.078086899015025	0.787504975081539
0.160722348294389	0.770667347174177
0.225769276230309	0.758011567742916
0.311255968102779	0.799513348200594
0.368315543337566	0.754387312773472
0.402533481194995	0.795514525608861
0.495443181017284	0.754106126959460
0.527342505759406	0.792316185145713
0.589585930551888	0.755081190030342
0.654847446574096	0.753798693332076
0.721740796791678	0.754889270975811
0.778343264733172	0.769736145365689
0.814430553190045	0.802584579866981
0.924736654251985	0.750863665511334
0.965004132746836	0.811287100746712
0.042744076791625	0.854829569575337
0.076288030486039	0.836265943295151
0.140725504741591	0.855449447607493
0.231304990239745	0.873075797018380
0.267962672577231	0.833671872523537
0.315743217507434	0.838720442107581
0.378033467176262	0.864124123717571
0.453318625823203	0.865791204528835
0.533627642442851	0.822020913156336
0.595154308008532	0.847874057662062
0.671411035665989	0.816072784452367
0.742614701184820	0.855262306674328
0.768854954633595	0.873333884359066
0.870838545509227	0.869162927816893
0.923397155795455	0.839159388436042
0.995818823604104	0.844301699056942
0.061279408051348	0.893957692144662
0.075657490411111	0.902332759352246
0.162920986238267	0.903648148908664
0.220813213331465	0.909406474406576
0.291100159704476	0.907484481424322
0.359313697550519	0.921682486758028
0.380820718347868	0.926165279929681
0.491088675740428	0.876205092543667
0.539216044921013	0.922662626570129
0.620612075347596	0.898497855980182
0.671587109081817	0.924086321156725
0.722349754411809	0.912421913768030
0.776610547231769	0.891010415875006
0.841234068742193	0.883470890841789
0.935009162435892	0.910838881297582
0.954424561907520	0.917576490241936
0.047635643448479	0.942205955973991
0.067298053706716	0.978920895979721
0.175065188680325	0.942404634014798
0.197460922807795	0.978172401208587
0.308274300767988	0.945222678232291
0.313760030272827	0.979573536906874
0.424731700372587	0.942669656274414
0.488062149754973	0.981108767907393
0.509703255377175	0.943237498593106
0.606766204229036	0.995496673726709
0.679942997083404	0.939847836926311
0.746663994489742	0.964322794889873
0.758581276766742	0.949123353438131
0.862219966566707	0.996033107962816
0.882709316867452	0.964527582042973
0.943819749708944	0.941003792119679
#
0.005530181254849	0.028439108565436
0.070069940078554	0.056947881907562
0.183528394757544	0.032035128541066
0.239662031218680	0.057931089234290
0.304017221102029	0.053641448653918
0.368409590750446	0.028357507158270
0.380335702271046	0.050201419403358
0.490670027311000	0.015509258217180
0.508706231647219	0.015417357648354
0.563685385714328	0.061127829670703
0.675281990578580	0.015534915732112
0.691546339557168	0.004754106471607
0.786531810919180	0.026308676976200
0.828494069854145	0.018749650688551
0.895694351628934	0.059196965040568
0.955300403151847	0.049062736984124
0.023635576440984	0.080438022767878
0.105516444552461	0.068946598564844
0.164471394216984	0.115884503216572
0.226475946905319	0.074191983020676
0.257989961292010	0.112320712939212
0.317916245215553	0.082986746366482
0.385059088107096	0.078152451638750
0.490172057963249	0.062682261588676
0.523981235039300	0.065577928108531
0.610413199869314	0.091980221833680
0.671582728824365	0.112338704228713
0.704334627258786	0.114885442393107
0.807812002195351	0.073943847720265
0.836560819187216	0.074398643048922
0.926317076225257	0.079398917154618
0.980606278501941	0.064594913070811
0.035605550286268	0.180902384205466
0.101708615455243	0.137841176346490
0.148163369250987	0.149010038416369
0.244561529789833	0.154206252852852
0.273424186196277	0.156656961487992
0.347572170177026	0.166649633795407
0.391512264195832	0.166316075434749
0.456176595446578	0.151969621604534
0.551203384410754	0.154245120829261
0.564698829898191	0.148425615660014
0.675182118135896	0.172886393378812
0.702021586144581	0.149532035624616
0.798252277276654	0.147056375693543
0.817910375380402	0.177134654715107
0.886806683151938	0.127995404139044
0.998498580811079	0.145266877710299
0.027133349248239	0.240226282925048
0.102236942877583	0.194098752313666
0.181983159751860	0.230787062852943
0.245420930673233	0.191870949028379
0.299716230420679	0.221124836367933
0.371864115513015	0.241051607137442
0.413613520164186	0.227521367438608
0.448992866443352	0.195041644054009
0.543691397378266	0.227127120111749
0.572621071378845	0.226396449894271
0.671991469727827	0.209546641262608
0.693517026172722	0.219043519631737
0.772174462623003	0.203787670663741
0.869217060752380	0.193422435536846
0.907207736563801	0.193747248982253
0.974175349570386	0.219694354258756
0.042850132619578	0.303895725866639
0.071300422076322	0.307183364201263
0.136348595277837	0.280196887331595
0.214717874600836	0.274673985119367
0.270497294453205	0.259176858426462
0.348390490116060	0.310479265448050
0.429799649804435	0.262669299222801
0.448525568312855	0.251860602206285
0.551343396303440	0.296165388219213
0.568361156941592	0.267263437174206
0.675573049299552	0.280352155248484
0.706159784055469	0.267787379653376
0.789321271551731	0.252835977473957
0.862703833085881	0.264464736381072
0.875536198131283	0.275370280395232
0.997439919024459	0.290000900402665
0.041962817379265	0.338928185438604
0.096574769770744	0.354626537994395
0.140760520855142	0.342967934084117
0.224860601645163	0.337560564911124
0.305348712672793	0.364028420369497
0.352722647871175	0.364729420090380
0.394069006787396	0.335242170525655
0.449270581538270	0.350190389066164
0.560117720654844	0.328612831192117
0.590746561537554	0.326401059635426
0.642222158760350	0.373508067932215
0.729751279747521	0.322630566998299
0.761060239094906	0.344439966436927
0.866572020180540	0.320411406750304
0.937042566787461	0.317144854519201
0.983734969162321	0.374974608130281
0.037772022967756	0.382892118463151
0.070308847121850	0.419926445126749
0.141321109684375	0.424485485415669
0.200316457677473	0.429045168404478
0.251692385427699	0.417893763452394
0.356435514472876	0.386436571718994
0.403370384017092	0.423397751114307
0.470683190644645	0.390759435660615
0.509779259346491	0.415636357322367
0.563182057143581	0.420171881192404
0.626062513693134	0.420446177882363
0.736546116368623	0.388324687071337
0.757420016221567	0.435378452602396
0.821706018398215	0.424882663672879
0.907542641835181	0.393141437297021
0.940342807473578	0.392786331027813
0.028474211030052	0.451844969156511
0.094977889974247	0.441395300557813
0.135639844712135	0.477589265438167
0.249871268359099	0.483087288619272
0.295220251933257	0.449625166499667
0.338934428894179	0.490868518970876
0.409229743229628	0.492620888746488
0.451131556302689	0.445129465138919
0.534985588027627	0.440389545882444
0.607530040997088	0.456847660189808
0.645489890846189	0.473636704883803
0.702614530051387	0.483069768069677
0.768008860458040	0.497459097895762
0.844246789194701	0.450309480383366
0.929727177002869	0.463043275236977
0.944088638412438	0.483378221000516
0.049354617480853	0.554954384379078
0.077913750228568	0.521609436943920
0.132720853567640	0.536065398782041
0.243523330600821	0.540835064496108
0.278632836845036	0.505708320154973
0.324594699445785	0.517904219731084
0.408998139254166	0.540702428503591
0.456585317199720	0.509731979970176
0.512695471962843	0.511509878709100
0.585765780304388	0.532637073389519
0.645268806697631	0.541509552460981
0.742731736069017	0.555783464528104
0.799516665236912	0.531288143851279
0.834769431172118	0.527342151332959
0.932593707750806	0.530110135128514
0.972594348401784	0.524598883296037
0.034992710171499	0.584061359191328
0.121178633430665	0.591027552093968
0.144096406966936	0.571076505688503
0.235585079204893	0.615788566674057
0.274333728279298	0.612910024455146
0.342098593704193	0.591860040665339
0.382084250553647	0.594060584473554
0.487370349420204	0.588502059100080
0.517960898946147	0.579513394859855
0.617297196744428	0.579083850727553
0.670833257095849	0.610619854993564
0.712432658931341	0.612772898381872
0.775713532921675	0.624671361583674
0.872008037970985	0.611021665445534
0.926349881975644	0.581366739254763
0.939149793499766	0.597084920104729
0.030947450759343	0.659110906032522
0.097680319909165	0.625874596051493
0.157329686590198	0.644460528322254
0.219049529514520	0.662557226599906
0.258255033988565	0.672367387709643
0.346619877681164	0.648083488957045
0.410579064170732	0.631200930352486
0.496798046267195	0.639109999614095
0.555756037936838	0.642323375727242
0.604385408626261	0.668441616212586
0.674074886480015	0.638717247540182
0.743751463216904	0.675107870611853
0.786878213149467	0.629599958033557
0.843541760776085	0.685299892516411
0.885932959240380	0.637735133498845
0.967469449976918	0.628763843415948
0.052611369331742	0.712741674119081
0.073725011027703	0.724716477526752
0.139768266893753	0.715647660595283
0.206304044365255	0.743160162774301
0.292598363982420	0.719592717774700
0.325982487909143	0.734940467675319
0.418064501539470	0.725051971263031
0.444328924424324	0.749401688182704
0.502689522560730	0.718261093330398
0.586684219719419	0.715878553098505
0.644832158102033	0.732427271471808
0.703332585097135	0.737373264532623
0.762894161805253	0.726215084485294
0.870213247805418	0.720879210254266
0.906651443052490	0.705944882782862
0.958340948466989	0.719747936229629
0.039625703468250	0.795570025216571
0.067768169611871	0.787239852384604
0.164127827994904	0.767308222832463
0.195369316150404	0.794120698406273
0.287176785999252	0.791893101860046
0.325159131741421	0.792016201429538
0.389321428086683	0.782710023159210
0.472827765138430	0.802082340055979
0.545590036151835	0.807214523082300
0.566082366612061	0.789936896000858
0.687064568119139	0.809911314586622
0.708679202818004	0.792067316559741
0.798506651987207	0.765199014047440
0.818324425346410	0.759696882773353
0.904727012129670	0.753986018812630
0.988602881753725	0.765789740795337
0.044177496816073	0.853877355979960
0.068090326808880	0.866687632134810
0.141736477573690	0.830906813575632
0.237282238766733	0.870309649107002
0.266104249403836	0.845612237383172
0.341529009885045	0.864171214268233
0.423819376749177	0.865545194535643
0.483115105929462	0.817666176373061
0.548418533082800	0.872388716728284
0.619389523517897	0.844481811371395
0.637994493069824	0.860696321408194
0.691048346446140	0.851217547629778
0.763213009620251	0.869306972409088
0.856687779432206	0.857826873146772
0.911062316395357	0.838416509714657
0.995601501809573	0.859647938876214
0.020669026901752	0.895015455801626
0.070060179934385	0.915034796557164
0.177935680430484	0.911277186512313
0.205049557760951	0.907631026326593
0.297581343457005	0.916721116324589
0.327968875590122	0.921117952424362
0.390141697734977	0.875957867552866
0.449786210784755	0.883884321900291
0.562009230619764	0.904796865048073
0.599775289310439	0.888351948178222
0.647886441647514	0.925871510230557
0.690601050054096	0.887781316417451
0.783021681222138	0.906083847767111
0.855341191719133	0.889161958682621
0.923398308103415	0.918731950655634
0.958121274078875	0.903960062110322
0.015418735176306	0.989731123799512
0.085173375691560	0.955268679438221
0.129746669424290	0.969906650432946
0.219885972918101	0.963272031082486
0.309838578148009	0.986729109263799
0.319638231334309	0.991230399243937
0.429521304800762	0.963813389453877
0.482767902849072	0.977141330799121
0.562351171669399	0.965020180235156
0.602569856530188	0.994945357494276
0.635892082255658	0.997322676222497
0.745874401079112	0.974013241904092
0.782953831767769	0.966547502371610
0.868071598421217	0.962922730285307
0.936441089870394	0.971656486108936
0.955360703902054	0.952109679583136
#
0.040964730617349	0.004050738892181
0.088036437292010	0.029826179095503
0.135647590260056	0.012706836077316
0.220349246629129	0.029154946001166
0.286678211611970	0.008130707023230
0.343325870264281	0.058694654361739
0.428871460649853	0.001320156414602
0.483654924533599	0.009854934719008
0.523938732954892	0.040919195593665
0.572050386838277	0.000955171155733
0.644327673992800	0.016952124864783
0.722912797406994	0.055278674959619
0.758594814850040	0.006526732382254
0.861691580340078	0.012098735404922
0.929832375402873	0.046282609251510
0.991636796954353	0.010722784895502
0.048858713762918	0.074551390632300
0.104697929370380	0.065202243423020
0.146377807633574	0.109620724786567
0.199793916838778	0.088281561015356
0.251286321028901	0.079951533367846
0.336044539615639	0.067649422753055
0.415118560800939	0.069209816299661
0.451285114034844	0.092027429498156
0.532272414981218	0.079363560046038
0.581840954492647	0.112101273884671
0.660034596942722	0.086086427929366
0.708078298271419	0.081860399125577
0.807573490847734	0.108577323084133
0.826279305419600	0.095705098829513
0.910866255749335	0.098176428445307
0.951250845016621	0.119365323479140
0.029368187686048	0.138879464229424
0.086496963505982	0.133615419663516
0.150656598407812	0.147358734777048
0.249022863368509	0.125565244234299
0.296762070585802	0.166327576075291
0.320762941644821	0.154275679720281
0.382267383278177	0.145736442461665
0.484644463369540	0.138126182431152
0.559319551538634	0.187183755580844
0.567442621818614	0.173128510676471
0.626871854387427	0.152191774503955
0.690243102785373	0.177260795663987
0.810100511647202	0.172296051427209
0.865093693280382	0.151810077359972
0.888116939811296	0.165217855896386
0.990681221604622	0.183369989433179
0.012067331164043	0.189722898998815
0.076364246986076	0.232842060485934
0.125662423073818	0.232982141383803
0.219869394357635	0.216632554314363
0.283751082308882	0.193600194617431
0.340718477752693	0.235635256740645
0.429982989879205	0.215740471590133
0.457377114847157	0.217408955540720
0.557838129737144	0.209635425262301
0.614699873707071	0.245755576323894
0.649710013551454	0.234186396915858
0.696581072379854	0.204004074785394
0.776356563123725	0.229194645343044
0.844793094969889	0.225967139407519
0.913145863721880	0.213190121640379
0.995422435064782	0.230135165324932
0.029209393549061	0.300460882394798
0.115244705285934	0.288355122503907
0.137489349962559	0.304338572253901
0.215700718013267	0.256721789499098
0.278297444550157	0.255808192204756
0.357778659086390	0.292568668281908
0.405718582674912	0.255139393791356
0.464418540816852	0.266324830885587
0.557243153349786	0.263050952347240
0.599902534778789	0.284489056598276
0.631732482159099	0.275244572205759
0.718241682312391	0.282059968849542
0.773358452546727	0.291127451312176
0.827880088912877	0.290240048149191
0.906045843359559	0.289002887709998
0.978927261191170	0.298393662520892
0.050098427583021	0.357186620352368
0.099983106987198	0.367579075433332
0.169937597976517	0.324992965284035
0.206668083866050	0.321696344081242
0.289888162189719	0.312567933564439
0.350864265181209	0.327109692767172
0.413204810329062	0.317976134612219
0.441525046976522	0.369495131990871
0.520032386474785	0.346175669307396
0.602796152403531	0.344457862105793
0.630592262257261	0.328017102965507
0.714323105471400	0.352824868541869
0.781334749619438	0.369158377462104
0.835888530235013	0.371571543800312
0.900302848973731	0.337616511757396
0.972430836461119	0.366062451821301
0.047260885676313	0.411485332072826
0.064830817879371	0.410997793785296
0.131142393105231	0.422251396925364
0.218714403999903	0.415832104971244
0.270760872304267	0.429307087730106
0.316623157458758	0.423827842020273
0.423849804789375	0.389980807511015
0.463225187928934	0.400766084762468
0.537971846666297	0.383222022052091
0.593679322591908	0.412666600788400
0.631564211756704	0.423629257460970
0.727996723532094	0.409807828656004
0.810322397548082	0.389482952584974
0.867179347374984	0.423506827934414
0.890246514554659	0.382826076807763
0.980569663016491	0.375551817967918
0.036555866573834	0.439381653661696
0.076352293024271	0.469557293800068
0.171059860596680	0.441528556738405
0.200134525544158	0.499595096014579
0.289029485817074	0.493576026374608
0.335370445964013	0.439924071601691
0.394088478617856	0.472976058162278
0.451692480393497	0.475355315889547
0.533888123660904	0.452145781880744
0.581577486421232	0.474485896594586
0.652230585931621	0.443212431856830
0.707775603693508	0.462374614513799
0.767724293491972	0.443240108464551
0.871602607570030	0.473716337707875
0.930260522886007	0.473074617352820
0.978498534891056	0.491019996448541
0.031158532881797	0.543539750836450
0.073785708594086	0.523813031895858
0.166413120673134	0.529932264885849
0.236791931031456	0.516936668824506
0.253345865116768	0.520709778565380
0.324372743055428	0.548961425473439
0.393671474540297	0.521321223995490
0.493985399456924	0.532481384587586
0.536818937203339	0.515549182691739
0.574000556330197	0.533522409918607
0.667213831717897	0.524412241668187
0.744552557297180	0.541710850661437
0.789774809842295	0.538066991380897
0.848880558836130	0.509417917028632
0.889641299759886	0.539913204857128
0.974973250771284	0.559455477806496
0.019081112700301	0.579630478784007
0.116093529051541	0.619039412499182
0.141781196671487	0.597849582708522
0.200867819370089	0.564844582492333
0.288025787429192	0.581943573114565
0.340644377552239	0.576550284898619
0.425849206873879	0.612206398346393
0.467247620741196	0.602185016725488
0.532961902783825	0.562873520495573
0.604936156024327	0.570415727446767
0.642985142567890	0.607026949360624
0.713196998235233	0.599514041788530
0.764506084484050	0.586913000506911
0.814966616934390	0.564614345960346
0.913021722206152	0.582474174535594
0.970558653695173	0.591009627437687
0.005345053520949	0.663583029055987
0.067843083017004	0.625146800899563
0.184645022337708	0.667271723369433
0.217210619921030	0.681437819467145
0.270286457967080	0.625542932655789
0.340329763951672	0.673251745753398
0.426024458281119	0.639186244679542
0.462683619791685	0.635893509420192
0.543103862170969	0.629728628614621
0.595778236042424	0.630867593850328
0.630441071714261	0.684380649981178
0.690776288029919	0.628472123601467
0.809825062925770	0.648457053035604
0.812781590939332	0.644410696991116
0.887287093416622	0.664853900753044
0.975754911307188	0.654235117959146
0.027072810574219	0.687523761167546
0.083972526806517	0.733439052109825
0.183798142911703	0.722575870176096
0.242665947878888	0.739997837646515
0.261925603949797	0.707009821785500
0.332700954536605	0.696897719465056
0.418134082729959	0.734819921035627
0.439312300732548	0.697001989627490
0.558590341576745	0.737953969652987
0.577593724028578	0.710767133763471
0.640233757909209	0.695238478716402
0.740105682312303	0.733944763192894
0.794114306957720	0.742673841812688
0.846073992398119	0.698942189573180
0.882469909063650	0.690419265069747
0.976354154170573	0.729194102047289
0.055088996012367	0.764108743099870
0.076066609897201	0.775577149156150
0.136647388268995	0.808925283999165
0.240179154044641	0.787912947483806
0.311788154824005	0.759912203082911
0.346688880141985	0.755843997206735
0.383806142434200	0.798672991248586
0.490502394078766	0.765931382953639
0.543677308432217	0.796070666965346
0.562943147466388	0.760628642400407
0.625750346647867	0.792305609454006
0.716253875077528	0.750423809076991
0.781766566513518	0.799060465168222
0.845573554274294	0.795787517370374
0.924070463541795	0.807371049157779
0.988253349755717	0.756687587157750
0.034493441395926	0.869842759550629
0.086009460826989	0.853663531883774
0.132666462859527	0.869196725353062
0.229161804580749	0.831374984646420
0.272610582329242	0.815445344633876
0.336523111187625	0.814191550919016
0.418806760873135	0.856046987940452
0.461029591931968	0.835730589073089
0.509082290433366	0.828197695565922
0.572028367491329	0.832136121815917
0.677016006882073	0.861849925681448
0.696724813157163	0.848556082311216
0.789561669453294	0.870643878383712
0.866697957286192	0.866579008199409
0.910966106218627	0.832217171210730
0.992500673628529	0.826324373763363
0.012009849061610	0.879248699057905
0.101697571613872	0.935163736954020
0.150746105099271	0.896488133546428
0.203055819762069	0.889420092487573
0.297092644843411	0.882634796189408
0.315986431670256	0.875378080352763
0.396511021002431	0.893396579766622
0.481529513587949	0.913091157193550
0.505220261752890	0.929848914454889
0.587070294094056	0.914454233099696
0.644716533953258	0.914839947416293
0.724684810754770	0.889444040225224
0.809391444737416	0.926400250054174
0.853448819029366	0.887925382080820
0.912121597569697	0.900931776259894
0.965294829576228	0.912030874498196
0.014662465884388	0.973801114022802
0.077170621636247	0.947771279289217
0.154320037930580	0.955560312348665
0.190845018660963	0.939181215101080
0.307150549035787	0.949406697432140
0.361942991625854	0.992301397358487
0.395493913097422	0.938334353894073
0.495309004369846	0.973243302382935
0.504104668129958	0.940057661472251
0.580840481391256	0.973586266257587
0.660026134203660	0.979605021838123
0.740690245116290	0.954655956611889
0.803270700545579	0.970602541820403
0.850236163454302	0.996174631857703
0.904075284568028	0.988430068956439
0.969434607650487	0.983130437216170
#
0.024876825386280	0.018700811405131
0.077450630811497	0.031040090783741
0.161186789243642	0.019223918284225
0.199292691892896	0.022441773564192
0.299883488097085	0.013211466695231
0.334619091697880	0.031856209250832
0.390592685263975	0.044173657846212
0.478071654981601	0.017095990701252
0.528717156040649	0.019287690379258
0.615699024723307	0.022399350744067
0.646538378966865	0.035563648526572
0.706617302192984	0.030344990918610
0.757287830741794	0.044953515719961
0.868778375674453	0.038868748038977
0.883920552865933	0.001222254781453
0.982999785813852	0.050429546649784
0.005736324369962	0.097072341662034
0.105235108009711	0.076204418688129
0.140905448486657	0.073001937753987
0.206755961717981	0.076255483221322
0.295603257570905	0.123215119426771
0.325978852229537	0.094095010739773
0.437216579259191	0.093124907078018
0.460310224361674	0.097982701315308
0.515264889665475	0.071390126339134
0.618348364440223	0.081694223733315
0.653143942420870	0.122186469903026
0.721985048185914	0.078864433078879
0.789244575755262	0.092896632275171
0.854542956813714	0.093751813481504
0.889202268069890	0.111463496734845
0.973394697089306	0.085077200875985
0.000396044488390	0.136357864178451
0.119240725251553	0.183027965364868
0.165043933661083	0.138845988261478
0.238032335791046	0.165456921613765
0.276542512647934	0.126854790389620
0.344703300485202	0.170482364348248
0.416947646149073	0.158859765092228
0.479051341894444	0.139810202020991
0.532861998152305	0.183778952093278
0.612447648975637	0.135046725061849
0.628824758111458	0.174940767927896
0.697046994117449	0.168205301360159
0.801268128864762	0.164737719702473
0.852349850125576	0.179829668615672
0.935169045492697	0.177191344480308
0.952403426232027	0.140988205432307
0.013659188614380	0.236975745775149
0.086264865740380	0.233565770478702
0.175395485098217	0.247901917391085
0.237247162000799	0.211407455941408
0.273687543323889	0.240941818481298
0.351614240944412	0.204032260491869
0.398753003077291	0.221218367362446
0.463659876250583	0.195484209210957
0.533710619093317	0.214040562443910
0.619884881859153	0.249783156075814
0.651525099069468	0.245011821402589
0.744204124245258	0.197230810912962
0.760157943865670	0.198785187257171
0.828409478595925	0.192960691814185
0.892080391149987	0.243615306184770
0.996922362857015	0.233343999246914
0.035120948007708	0.311486113845368
0.098672876172041	0.300639927326268
0.147437050201683	0.304883777686018
0.204457114178095	0.273582089392255
0.301874013353226	0.307825947615860
0.314617606273298	0.294873757953144
0.377317651859442	0.308018380367551
0.490532850567958	0.267514392271991
0.533320417606346	0.278367870697604
0.592470693045173	0.286051179625455
0.652401396938344	0.304648335177253
0.738431397197054	0.266628591187561
0.790763868799727	0.286421092439308
0.813413931304452	0.273360738303363
0.917355078151416	0.298998312497628
0.969671510953263	0.278565681458815
0.017149447394686	0.335328531602358
0.113440056125037	0.351266291016076
0.133247127030801	0.328116565553499
0.195238172995215	0.366731364219853
0.299294650056817	0.358375598134211
0.324274221277860	0.341557276907623
0.399826038212591	0.368416159848779
0.455816149119245	0.313998632482602
0.516604277964007	0.362878492652177
0.586950720337208	0.353368497041140
0.679987375157067	0.374636756707247
0.712169885277322	0.314805709917519
0.799312089494037	0.370876078609348
0.826112774058388	0.372961435015421
0.893883432600736	0.331147266410675
0.944974636951805	0.340606971679513
0.010114863677326	0.433972525933402
0.084604182649544	0.426113691614851
0.174139493971397	0.393406596824854
0.205833513308511	0.396985283446728
0.279003082955955	0.398670315471517
0.330046841544110	0.425935107280602
0.427807646961372	0.414980232230150
0.491492731334640	0.396925005222886
0.543137800933476	0.375372486232750
0.618221469512959	0.406489309047230
0.635426716212050	0.432284644250708
0.725534148479471	0.409033260563513
0.756008050667822	0.386844859082914
0.832627484157595	0.376868055944650
0.909744043900805	0.378919335257709
0.955401581017743	0.412166359930338
0.062064580793857	0.454755270464755
0.074172099021769	0.442097799809905
0.160438235973809	0.481536634262078
0.246174652608734	0.469238486977815
0.267692657031629	0.441625274209451
0.359883812063463	0.456656787330670
0.375472645362716	0.496885981715607
0.475180854520337	0.481207320098464
0.511533469590133	0.472187728439967
0.616688564417811	0.485008001978860
0.644093794126900	0.490003172233119
0.736619337182287	0.498142436160856
0.793836954423771	0.441811927042276
0.849769468195101	0.476053971835308
0.895106628672827	0.476300736301649
0.982568500879586	0.497096380159980
0.012354610970908	0.539567292793553
0.120070300907844	0.524858303315672
0.137248416972521	0.517198998805182
0.240337652108361	0.502113254421184
0.277863242291581	0.538825011399185
0.338785949547609	0.530712440136870
0.387698130350373	0.522328563534498
0.474902720694058	0.533396239778585
0.504960041057775	0.504270261081813
0.581681999571547	0.521839759841524
0.636500541312620	0.520299795772368
0.707567722715919	0.519754149999296
0.761286524840115	0.542965897863723
0.855508520190606	0.521258645404889
0.918428018175398	0.553766353723189
0.988471981208066	0.547952239296388
0.033457684644022	0.616757488851263
0.081340118592219	0.601194894794304
0.153122198425262	0.591165095705345
0.210637300571692	0.567015752721232
0.254113581221694	0.570959111168273
0.323643135447903	0.562695574713916
0.413550245206233	0.569503239692306
0.444161455221279	0.603572145099419
0.524197663622721	0.585733658668639
0.566692695182677	0.598261110085473
0.645443425562220	0.597538718729056
0.743538528330051	0.617035284636550
0.784296819366118	0.587892078684036
0.858599389739358	0.563029837620102
0.922031059421024	0.605658624025681
0.954420905622402	0.562982281757398
0.019597122697648	0.667599200048158
0.095864669747736	0.680833446180526
0.147632584723209	0.636608144955036
0.243685957144756	0.658600326402485
0.298591965631603	0.645373235505045
0.340397999934013	0.627031596945490
0.377540580797950	0.649502287115204
0.496933414992977	0.632081392339217
0.521747097057930	0.682644971106817
0.604620320979650	0.663921085966616
0.656649205215310	0.686029789867119
0.693994710121535	0.681223146528640
0.761494359106057	0.663130376002083
0.830550513947511	0.641506341246191
0.928343311764962	0.637416288899820
0.992869445077462	0.663783621910560
0.023810582197344	0.714584407795822
0.089387952501860	0.700160920288218
0.167843085316206	0.720041935397904
0.193164714366003	0.689962035220224
0.271961970434515	0.721532165531891
0.325440871823332	0.699393302321409
0.422866115459559	0.731869749124015
0.441341766215358	0.739738868663492
0.541618136495030	0.730339302938743
0.605064164420488	0.691036328514115
0.682036125580090	0.712854238698574
0.697028555603937	0.726274692869926
0.783323687858256	0.700586049238473
0.848207838652471	0.707069608998617
0.891508377015476	0.710890860607822
0.974825122024008	0.713192494330158
0.033751821022307	0.795213782864789
0.102019014297290	0.792672834470908
0.169947538622643	0.806237147886711
0.188753836584802	0.765064532362755
0.281981286760299	0.790387320603567
0.329865149415532	0.775197997345868
0.375058613426531	0.761814442698801
0.457303252817901	0.763120441496866
0.512734338294886	0.766807521333524
0.612271234070014	0.785238903838964
0.685698235887265	0.780717328066988
0.698402578523011	0.797768851869686
0.775437802824410	0.809755452398619
0.866859382467661	0.807949957902415
0.878713690385621	0.774061855952968
0.961247107121452	0.808507761727904
0.060201811152557	0.821869859052093
0.076398649270739	0.854298700835625
0.148566210982638	0.816210846053718
0.222077035440499	0.813447527674946
0.300508599143477	0.864125778561371
0.363164050952919	0.864879937971099
0.429313863276461	0.826505754248124
0.483534502079951	0.819002726073145
0.532434191183987	0.845646556692814
0.603586299194392	0.874604407188507
0.665488086897644	0.873945927814684
0.744297399606276	0.823490312689331
0.758747939764580	0.818186009565994
0.836983400417255	0.834256220381185
0.924859916992104	0.825838830339685
0.998841173204440	0.872024530762463
0.058688029515019	0.935145112365169
0.114259435167014	0.912921566801477
0.146298075259849	0.919625775811641
0.214600145066413	0.908012704625845
0.307019480939377	0.902643542277544
0.345777555216518	0.935714301798310
0.406162916238807	0.875412637411596
0.468824086077820	0.904922320208843
0.556172323280753	0.927449362495669
0.590125628069538	0.895210789201132
0.651492752839460	0.936382378582233
0.741381930127130	0.876532764712822
0.755861971426839	0.902726487888775
0.818402058824641	0.900466306606649
0.894109505582394	0.897732617571655
0.965365682153000	0.923346115040091
0.023412321408608	0.978636075853984
0.113498594507342	0.982446535093465
0.153071398926101	0.994164500558787
0.206871387655118	0.950602951797331
0.291317080186288	0.985645882461836
0.348426692676364	0.996084559489643
0.384344606255029	0.951599669267679
0.489329963046901	0.944342734119120
0.531309176127265	0.959464540462816
0.586897097926563	0.939643294725600
0.662959178627459	0.979124320113129
0.689106319332869	0.938906536787145
0.777029035400955	0.937612847599693
0.863789439431575	0.977937415979206
0.926900069561531	0.993059507089332
0.968796795285027	0.937648776161985
#
0.038463539933079	0.018628651789885
0.070293419370496	0.043741224998664
0.186855985593716	0.045005857940415
0.194875892820972	0.044994850042275
0.277930785762828	0.055512820805426
0.356243638506565	0.056489290158844
0.404215567271857	0.049424886467616
0.448535290112727	0.009602310924000
0.527105310225069	0.017166434441965
0.569306868639380	0.054005730007544
0.680938346906551	0.041264322887003
0.704499277231982	0.031367271520166
0.792944454088678	0.049170085109461
0.871114692198721	0.054352998280514
0.930536448677428	0.003885117942441
0.988446223939756	0.033025499732007
0.049479558857153	0.082846138456451
0.066329208989355	0.109091676287724
0.131686677633945	0.100959302328052
0.194353705084499	0.089272221061814
0.273638040720517	0.087338098898143
0.360064920180027	0.077971631810179
0.393703396625631	0.115194459152453
0.487213634911974	0.095261528775506
0.538443908206174	0.118900878702733
0.570381077139261	0.115197546981554
0.641492738508734	0.086085231645518
0.709645259854068	0.111238371621291
0.776668209108563	0.104370184456201
0.861407204789903	0.095837006338601
0.925712881534294	0.119856994568803
0.943814961212062	0.087983686381016
0.017890239968055	0.149716116857532
0.093495034692691	0.167449714131060
0.182328749679688	0.169040796517288
0.214208812924733	0.173651365763776
0.312378411792423	0.174571679611009
0.363245502155215	0.176191859526721
0.434719852884235	0.185463253961169
0.466151166961331	0.157858977029184
0.513280492089870	0.156605505231792
0.582189349898763	0.140759896112317
0.646158868641047	0.175420712327566
0.717624315882596	0.154329995937140
0.777125344166911	0.182327997054632
0.870156888499660	0.182756228051208
0.913123270592914	0.162396190813136
0.946936199720236	0.146175717459683
0.024413591562052	0.223039434867222
0.107892671625105	0.209685463681744
0.145434712457455	0.213013563922260
0.210890817606913	0.222613209270084
0.255788293130064	0.224636259264577
0.345548184174241	0.244116940737962
0.394149973556434	0.219350292267476
0.465647672280471	0.218443727288033
0.509062513565659	0.227352733354748
0.580322955826489	0.249586789242943
0.653040963478978	0.245637868631896
0.711865345807598	0.237274609794206
0.771968504259006	0.196400765171601
0.842191092735085	0.197279310976686
0.877887219918866	0.233520192905217
0.975625477914728	0.233956869673323
0.046628968917446	0.288135636097434
0.077873465215758	0.312318341137101
0.147451846399915	0.275738665781854
0.231770975365483	0.311243652016563
0.250397863565105	0.258203222170869
0.339148255478742	0.284273543301219
0.384266083742088	0.279738103614011
0.480873504503601	0.296199863627250
0.524397250139596	0.271725166259386
0.623798321553925	0.275099320095638
0.671928991239851	0.288423751533479
0.745232040730825	0.263631153374708
0.809632768402722	0.284328702161282
0.815385488080882	0.288420257662288
0.886812137631772	0.297813579393042
0.949323127209051	0.253591306290145
0.021042776968340	0.313773540300032
0.070342941909992	0.344580010009133
0.173313903182469	0.350789622761842
0.237721269088849	0.352042878594259
0.274698975370778	0.370266439406613
0.362832740091913	0.337816610705414
0.379494362220749	0.364985091638515
0.460114782186601	0.323707813166829
0.519199634659267	0.357432242289635
0.580808232207971	0.364254563331314
0.674854563342490	0.362593080991086
0.698942922989708	0.312620533266482
0.755453766266688	0.349151745345246
0.813085831556373	0.370588576347355
0.935807835921484	0.330988595324682
0.954583587056162	0.324799702287372
0.005643001380526	0.398679981042789
0.098812502584493	0.394105297066645
0.127006087132498	0.423465393014710
0.240629290024664	0.375333973614111
0.254145384155946	0.398347492422524
0.369383571158835	0.425684913786404
0.402633462951666	0.407446774588885
0.477167558501746	0.424638509238055
0.533251987748838	0.390154968805182
0.621794563178973	0.418934477576156
0.640540923010102	0.393200797804329
0.692565780323363	0.414595733958901
0.750788216013645	0.384834304163194
0.862861365891961	0.427653960954085
0.881472355964122	0.392762602078207
0.973404236757407	0.401296971954009
0.040544764555652	0.477514482592818
0.102075995842944	0.464583539934150
0.166158981267051	0.459992296387789
0.218214958724150	0.497339419874442
0.278785725771167	0.445045284652162
0.334870841490308	0.469943280965077
0.385374109466880	0.468413069909651
0.438450662986946	0.439257780366870
0.515464290339841	0.493654025309639
0.591267433242469	0.474079304034025
0.673151852952585	0.453208505965469
0.738083120170767	0.473345612809841
0.791438942522844	0.455521684027748
0.872412657204529	0.483757164965793
0.897907961601836	0.473484125520565
0.996136220243908	0.487546040644531
0.002328305753141	0.529587486620198
0.103395872555183	0.523000514678541
0.147952419609170	0.542142514192882
0.189335793999335	0.509974067072611
0.299617913068416	0.539330460344053
0.356616068947272	0.526826567197411
0.400329028567725	0.509848245450959
0.464878554927972	0.534061612001751
0.523993204731725	0.518401842364902
0.601981654233993	0.528177085790242
0.665886981480496	0.525452473221336
0.745637909566434	0.516618867350421
0.804045375099882	0.562479194471957
0.814123515418410	0.550777241162904
0.885716281149820	0.555962170618228
0.945361717023855	0.529714144860561
0.023966067883644	0.571414028369220
0.069122828035411	0.593837872489551
0.185470829338993	0.621059824085925
0.230737897170064	0.617606622936462
0.261943899563501	0.579570606020179
0.356577057212493	0.612719812151096
0.408422412096621	0.596903231337644
0.491072563728917	0.622724318250600
0.508004285222386	0.602256711668977
0.570990439550018	0.604449654051440
0.669937216017846	0.612122249859297
0.704487336483315	0.567060047674356
0.769961963848900	0.621201950881212
0.865737109763021	0.619567326938167
0.886344304078106	0.583798426150181
0.937707850258497	0.621632518100467
0.029945495792768	0.644317735762293
0.106748862726206	0.647298664922081
0.179889510020122	0.640976186394337
0.204928981799150	0.673801563647879
0.250248073614842	0.628186477523573
0.338821310978108	0.670853077910341
0.403272630798927	0.675902664804226
0.458714545243702	0.651394991021113
0.545369544950167	0.630798856496298
0.606418887992953	0.657530926612097
0.645033575002461	0.650293821285664
0.736430158864574	0.668009567331874
0.764365877028174	0.671275419135642
0.813301773960307	0.630984742967059
0.913745679435960	0.680072131259384
0.988252237159934	0.676219206533562
0.033487820903768	0.714739889422138
0.113665033318374	0.691591946103515
0.150170600091263	0.702464056102900
0.213617642328869	0.699089606629938
0.310459595042155	0.737807545444301
0.361583870483233	0.688452008748067
0.386473029854585	0.688764715669389
0.492402048430499	0.714568908012488
0.526105049203291	0.713803693498206
0.570618776242626	0.712066081663842
0.664593996838572	0.704087610462235
0.732055167241384	0.741438111331998
0.808720114683667	0.700322049716563
0.853164384471174	0.710665059223111
0.928676664710784	0.715145804605597
0.967054804022670	0.746964496617896
0.019241625054679	0.792739632185604
0.121723406670900	0.808533214017174
0.185017261493489	0.801411306293777
0.236255150721701	0.758477551864571
0.305179932662328	0.758970532073633
0.352253331244517	0.807219031993234
0.399891290848584	0.779406324210439
0.477403041333869	0.776768707167187
0.530997365312883	0.766141100615761
0.594959017551727	0.804221348631364
0.639833694923980	0.762334964313739
0.726353661704658	0.791767630328370
0.804880229914533	0.805353533343960
0.825500992726418	0.761095608965516
0.913040790642970	0.758798803888797
0.976770787596300	0.799202964696266
0.044372223342506	0.870096871962910
0.078997017586719	0.825172460830112
0.174835552429393	0.830548074784583
0.242607545295057	0.847751925067336
0.283739692161032	0.866938476943629
0.315194375333421	0.862101969408012
0.375784065778317	0.841828460942914
0.447870628750620	0.849667848067397
0.505273637173878	0.873348101187346
0.563481400095271	0.866338465782776
0.646554917320389	0.823892219125734
0.715586282173890	0.861696502569061
0.761429476277886	0.839512277066128
0.825180228918949	0.836900946296961
0.922282940137033	0.817051802006213
0.986965834232854	0.850807425080172
0.037552527073434	0.918060883525890
0.084317474805707	0.875690375382125
0.143392233284165	0.921076269743749
0.234400001074397	0.891572899450914
0.257369215456389	0.885705117880880
0.318420099445134	0.895087710862883
0.381452888280957	0.897126103858376
0.466941892088959	0.886632256198007
0.515404114954384	0.937063166682390
0.607226918869355	0.882342049635444
0.627157569223120	0.912251738578140
0.720322900633985	0.895476309980260
0.807058641889495	0.923586086876128
0.871963259414063	0.897585696240441
0.893832712787863	0.882508022828844
0.996027242973453	0.890430489805976
0.028332644847299	0.982780243746303
0.083130959760894	0.984303644359881
0.177786776182541	0.963003404255259
0.217999167383648	0.971283845771403
0.259283435911472	0.976659341637082
0.349110186181290	0.988393281190864
0.379047324736381	0.962895578579720
0.493362574283584	0.939222993402328
0.513935639540766	0.942816520649431
0.623848003713379	0.955310448877353
0.686508615224508	0.951995324652408
0.749512174006554	0.947775749201019
0.773996170819503	0.938111544252166
0.871851133836748	0.952682927283501
0.902905958856667	0.971967277154202
0.992833993672471	0.956824609446764
#
0.061675101198297	0.025065076324987
0.092943611911136	0.044488532740969
0.157983389254190	0.044522225954459
0.239220450746180	0.039171333477523
0.259084795487366	0.012011540066919
0.370535639026327	0.033896841553249
0.392377681714105	0.007546366325125
0.478774610654515	0.057281808766369
0.513599935878557	0.059558653301107
0.602933858050484	0.053777203150973
0.658596104498975	0.016471670827938
0.741435367553829	0.051549631663144
0.799069531986390	0.009530254438177
0.812661963253087	0.033672303085605
0.900831075347571	0.044129568860896
0.940428537288198	0.047370767290092
0.024192474788100	0.071820835337700
0.089858078767978	0.111557166874771
0.181352439902572	0.099064735369539
0.195675093304174	0.078099449183349
0.281435558172277	0.097657842045919
0.359766429999672	0.100789071957299
0.416581936277585	0.122643384950967
0.456194454080820	0.124075088707980
0.552901735105063	0.098738743015271
0.591768640653293	0.107279186860490
0.645540162532833	0.064274954013358
0.698381900426089	0.062752521596908
0.758897487410902	0.068887118411690
0.823140539449672	0.111127620952583
0.880264262713670	0.110232277187806
0.947480242236047	0.115105049725996
0.017184650544004	0.126536994750853
0.096724038296781	0.146430184283860
0.137921256889338	0.158703519039253
0.206002790863510	0.173593491123429
0.301217369252401	0.160148962670972
0.333546349143387	0.170569368910643
0.423786538591675	0.166540296466914
0.455242095664782	0.174571705397002
0.549578338596522	0.146019983008392
0.586437741387388	0.145626435293962
0.642638499299679	0.129839933638540
0.697367022733057	0.179746559178980
0.780143915551632	0.170508134422244
0.844631614520245	0.142951077101857
0.895763306112090	0.170099010614236
0.956035069383456	0.169849195033277
0.059342785402979	0.200893985197971
0.064669045270926	0.198144564145628
0.169506396599348	0.205443279894638
0.222072347948461	0.249531478213503
0.304477410272690	0.207625157757459
0.337547324312629	0.220885540308288
0.429850667349494	0.193761424192055
0.481072002289833	0.199197351993457
0.501180338498945	0.194907983388381
0.621291534945204	0.190515832932553
0.673231689925476	0.239275543962553
0.735990359808433	0.210852672089439
0.799705651731278	0.227729972417636
0.820091863804867	0.214250774681976
0.891696112001477	0.187894734088423
0.963414483578739	0.217419462780217
0.048154043918046	0.279867845245141
0.101790515074807	0.287095450411922
0.172195121496845	0.302846667878410
0.231585288416032	0.267539521610606
0.282502565103933	0.298154841974181
0.362710016005489	0.309047866815596
0.409006337701344	0.302695138755998
0.453745436101743	0.310829314140912
0.524810622437464	0.279053614088696
0.565855200097630	0.272724943633709
0.678486154878276	0.261816636647404
0.709939090831307	0.291901397310291
0.785097580847819	0.258022724143351
0.836601774111996	0.285355509514421
0.925226665128192	0.252724122867855
0.966937338212607	0.277051938412956
0.024966897885307	0.312548909845657
0.075415817689015	0.358613852102103
0.135584956139346	0.319979572117440
0.208706827897394	0.373246929258631
0.295174944705254	0.351471056705101
0.350520085232104	0.357135891022542
0.405746908210741	0.339089428677477
0.478871927358879	0.337499460036633
0.533527218046022	0.334567974108404
0.573851604308316	0.366129971689342
0.644489314091506	0.326435851067406
0.725466819285175	0.348521994638960
0.802006983545028	0.360597105387854
0.860402386850422	0.317547799554897
0.907275044366781	0.346141727023325
0.944255714408182	0.347884144045618
0.024136643658657	0.398618478289833
0.100657948941960	0.418124120808934
0.165836752620138	0.381405896057586
0.208039583031912	0.424654829138227
0.306221315257419	0.424014541244603
0.349028549558490	0.388905422314165
0.386274700055661	0.398397888426180
0.497327245814918	0.397100850100885
0.529701117869630	0.403918258095840
0.564175863474183	0.425695003007584
0.632559766703648	0.381750136484450
0.747749814428447	0.378379915201426
0.759334992008362	0.385053766602663
0.874588216305614	0.416659495832086
0.883532078560333	0.436338563740449
0.958219545592605	0.421217806909983
0.008815836905575	0.488732488008387
0.085057161797317	0.478201366402954
0.164646713712636	0.455189904362240
0.200720147829438	0.457546335271338
0.264102855176689	0.439645445833366
0.337413439343780	0.456454614982115
0.425105285886118	0.457995420952326
0.460522665749426	0.459978558928701
0.508007608938033	0.485237373210312
0.577647197500371	0.483592002837940
0.684006982656780	0.469894912290595
0.740619933943525	0.446997893423424
0.803023047801229	0.476071596445649
0.846680859824801	0.483596636909898
0.898152260202484	0.497969846851884
0.992344038792035	0.492237140611917
0.060127205971542	0.555135011278357
0.093747655228071	0.510368865102150
0.173550948846631	0.502159756550603
0.222615265761296	0.526964767827761
0.300407799729241	0.559394163035181
0.363619457753054	0.546013582639516
0.376380693866261	0.545193797220754
0.485766299225685	0.514059455355527
0.557395309863471	0.512512377015085
0.620647575355984	0.544377064764704
0.651913217784467	0.544326634622255
0.707169021164223	0.559742119977540
0.762168766598839	0.514105773345010
0.816605690649386	0.553845534957677
0.926083551149602	0.522850786210119
0.989752093749645	0.547253268781876
0.055073209629062	0.602154942253175
0.079515926194614	0.619615515969255
0.154552946150548	0.617582921009763
0.191394342838063	0.588333353144311
0.263572181912854	0.569257770622908
0.341910129143370	0.594103746210831
0.417920214745197	0.600289645278894
0.488809247222103	0.579651775511948
0.534154892004830	0.567309362858606
0.592068880017514	0.573079668075214
0.672906914838917	0.567523003600660
0.721690585029822	0.623876441531786
0.805900023739296	0.587384684701074
0.833518511882522	0.610553994509520
0.918526112388593	0.602080439750473
0.959973880895407	0.602611173579379
0.046121251285337	0.668101060359762
0.099464273423530	0.634741959280740
0.152791515683125	0.682335268690329
0.232205604111591	0.669090011472951
0.268976485390211	0.684323181397473
0.339624554259848	0.660172870550927
0.421998504851246	0.630110557410543
0.468379011937855	0.630131156665187
0.547436935794525	0.630153903273203
0.593621548490744	0.684193478867340
0.659078045523278	0.666555359183474
0.728084066833971	0.634816785461692
0.754354799560237	0.630689111015687
0.825241852118108	0.672663752131668
0.882281098094485	0.643555025749038
0.987507761816962	0.675842863402991
0.017899313640175	0.693772477783210
0.075659166544364	0.700121737030014
0.137381738534868	0.743268402830178
0.229079493869580	0.724784662053521
0.281793452792171	0.706185054722285
0.327365366818236	0.689009609123229
0.379934934012693	0.745596256498968
0.475794339750613	0.711413377712344
0.523966463215525	0.703414983148900
0.593161805991121	0.715026530007023
0.647456162614388	0.729059275758699
0.733844642276257	0.735761721993508
0.765093678466532	0.699885743978640
0.869828172012309	0.690046414282417
0.913230851956348	0.709131885397744
0.983811419875434	0.708981454319200
0.003093104126303	0.755027689331916
0.089544361070624	0.756878818867118
0.140189240835651	0.768436144517836
0.238621643159683	0.774470520211493
0.292452811971878	0.772578979672999
0.333392232559480	0.800233268292559
0.400605097331713	0.751374888918101
0.482644304425373	0.790656794512332
0.534834257378786	0.767534752555083
0.581020389964343	0.796998543675756
0.674905962482422	0.786763953373713
0.728365981262379	0.811130371002627
0.777750903368637	0.798575918405218
0.857513426144145	0.755877174336551
0.891354869167287	0.781526813974843
0.996150300662534	0.780310694688305
0.036105709377119	0.858654796025635
0.074798169679660	0.831304422671395
0.149170763214159	0.844336719856210
0.241071662325079	0.829701165963710
0.296011468464511	0.864970854714040
0.337099944523559	0.818203960997798
0.433744756940576	0.832907709094092
0.456276547546446	0.833774913092790
0.522207948937362	0.855318394208518
0.584652411974886	0.839012029848879
0.648176126027404	0.867740700849155
0.720162737874818	0.869215663564791
0.801599042254756	0.815051967162302
0.846849953952909	0.826372691782627
0.888270640559674	0.831444775922910
0.961484199715542	0.873550638949045
0.034656700700791	0.919597425959561
0.088091812393533	0.911907110793844
0.174477905293921	0.893691782669325
0.217642940646071	0.910934149485182
0.298688597551940	0.913851507235400
0.365302265444841	0.897965805348467
0.405490105367613	0.914376809736569
0.462225434274232	0.890088695774341
0.553920694668526	0.903443964335822
0.601935775013858	0.918425553590275
0.648766489748672	0.922435105862081
0.745968506292200	0.907884361419218
0.769825423577527	0.932989851803400
0.819174516714801	0.922900215064385
0.911938626662465	0.888447052263875
0.995373994140042	0.936497030604863
0.013715703101763	0.965770897563959
0.092829096123536	0.967063229275999
0.155994678738293	0.953192962861083
0.202205981305965	0.989321512298617
0.277550433957961	0.967816927535533
0.317789577108992	0.959865634523999
0.387817165948292	0.994361923496905
0.451623255186510	0.960923847005685
0.540212985152079	0.964073931164242
0.598660579570839	0.971781366425399
0.647669762916670	0.967495380587642
0.723580658575189	0.975660893347385
0.753033200745246	0.946999578302377
0.817253449801880	0.970063003646225
0.907296895406278	0.997872188541310
0.951857678028023	0.941237147447243
#
0.035347026693715	0.030119299124372
0.119550255999097	0.041331541152050
0.180468261909664	0.050421188509888
0.237751307006751	0.053039566000351
0.278505713540014	0.045892784921078
0.321813412376636	0.004047202296566
0.391997863746248	0.056925220588321
0.448887298395598	0.009375037598511
0.512602954320051	0.031694866040301
0.604959149374617	0.044175228536286
0.665754542564567	0.034680018064026
0.720650979994831	0.040713411474301
0.787754566068238	0.001492851559653
0.857996950285858	0.005008769702983
0.891080746474578	0.036095258147944
0.995934527832068	0.009196856075827
0.027423497121181	0.066816064006257
0.096487509705822	0.070920481290300
0.179498265480971	0.111396557735604
0.211077068603150	0.084359861740810
0.292619795723031	0.112022678175597
0.349690569573359	0.075008418690415
0.417764785025563	0.071325349288836
0.456404089088064	0.100263084075475
0.551037001449973	0.100158683775263
0.619322665165370	0.073261602012967
0.668415151430158	0.093441025986905
0.720309898788764	0.089620274701649
0.787348016566794	0.065548260449559
0.836376499724895	0.097495415125158
0.927226852797840	0.063932866294969
0.954029648117495	0.075767997378895
0.008020578128756	0.156361273278916
0.104931368982636	0.172534889596290
0.162876244264859	0.171737040811390
0.188594019753764	0.157423080170975
0.300670494410016	0.176397539628995
0.357214589191651	0.128574139788648
0.381300882932567	0.183864346107902
0.497979742809078	0.180117883004741
0.557818108440917	0.141197993409284
0.606243461322445	0.145635440892222
0.668571159908565	0.185640027833437
0.711625869158685	0.183982969217231
0.761687643857833	0.170801353782486
0.872563385040281	0.138903298855038
0.937208829738598	0.163234630521209
0.994140782770501	0.185065035882305
0.025875768484752	0.208964104856472
0.100409779575516	0.215067630174469
0.142400643908745	0.206905855219673
0.208040353366649	0.233420120737497
0.299792478862170	0.228311422072191
0.317688417985963	0.231794196977116
0.426230503651018	0.210860755460072
0.465676637081936	0.203945416757242
0.551434598525854	0.197043742812132
0.574888490783607	0.226963405419249
0.636454304828414	0.198269188333831
0.745066026995789	0.198238283805721
0.771749442550179	0.249893896514525
0.854723387203930	0.202518345631547
0.876770290823018	0.205517540355333
0.979344871981732	0.236227677564306
0.008373835737206	0.295602480702359
0.065335368025195	0.302920562882307
0.173862658205061	0.253911661770873
0.228209671515671	0.260170637574087
0.259000719512464	0.258216698233904
0.346557111239889	0.308714521247594
0.396773008969443	0.272384472778622
0.488027255862958	0.275636116296085
0.525299568389961	0.250426280006749
0.576536518714050	0.300514451356259
0.647746905617008	0.283001280266443
0.688183424310569	0.309751860840421
0.780994841646984	0.278189545067304
0.870288583696305	0.290436343546709
0.931137272650059	0.263807684157232
0.984375621828804	0.305067682215028
0.003252649433155	0.372340311543047
0.075522547096019	0.335304409634626
0.126283770514718	0.327243605064518
0.247297248540515	0.327266976822812
0.277262905575280	0.333559501761002
0.349863724398861	0.368934803233467
0.376233059898655	0.361087335488663
0.492233168433824	0.354922563240380
0.527550015546742	0.352536245185774
0.568786849967736	0.344189315634242
0.635353335109040	0.353870220346462
0.718847383534035	0.330323167294921
0.800693892536381	0.357035390286365
0.855143954972770	0.320816771027357
0.883603035750823	0.332162115130844
0.942683897360736	0.353975344939152
0.014716752109750	0.383710647498656
0.068165641410315	0.383814380651762
0.169049384912138	0.406185602019817
0.238665797876000	0.419021684293757
0.251896065194601	0.413849587517639
0.357340794110750	0.413030068136992
0.408771736322383	0.415786436535601
0.443876605904400	0.418188178354336
0.500665731961063	0.396623202153510
0.597693833472485	0.412783848989123
0.631511312518039	0.375990693966972
0.749678125866847	0.422491385336032
0.781080697437534	0.396073022905871
0.864720568727870	0.409792233222931
0.925991113120339	0.386863479102464
0.937580632977206	0.400910447386771
0.006134780576368	0.441272426644869
0.071933716290382	0.490792923444717
0.186357300320840	0.461450323933724
0.228244815395038	0.449615268286926
0.267842129575518	0.493560753950398
0.328927470695094	0.475071208589378
0.407211468751708	0.464795660073821
0.483398091102344	0.446762629393899
0.560342554424504	0.466704695768818
0.588917978332359	0.471554252909043
0.645637354745562	0.454420679645711
0.723087277591831	0.485859782853713
0.770560985028409	0.478929934232479
0.835203784857924	0.440619126821547
0.886296489889802	0.472741086131484
0.965447516841918	0.475239059852958
0.034242366448567	0.523244145884701
0.070300422392390	0.536308042713513
0.145383796586628	0.508083680151748
0.225118873693309	0.562168458127340
0.273507776020795	0.556919823501240
0.335389061195983	0.528842776060068
0.427722782854741	0.537548843125126
0.487232329772024	0.523659253120110
0.504635618185773	0.548725084660394
0.609630728049583	0.503814875309196
0.643368782523523	0.521271716793713
0.714152286955889	0.540802604819369
0.808439364073784	0.554450815541658
0.837687066674742	0.549144230328767
0.883870016028842	0.522595698819518
0.961783044176824	0.556980975960493
0.039870783433987	0.598481312649902
0.075468506579746	0.607274432385986
0.183197211880632	0.576647867088124
0.226893250926955	0.564693235239758
0.270792324348188	0.577190139858213
0.365813377427592	0.576694289356632
0.401633320411582	0.614107156708279
0.460050124927668	0.591729520317570
0.518313683471832	0.606673069148481
0.612101000337769	0.589965899932423
0.681891662998682	0.603120466703693
0.689767234770061	0.605992093721519
0.794553691735387	0.598156342524024
0.839566617322752	0.610753686877027
0.921988969403200	0.597438897145316
0.945673865486326	0.574457281810338
0.006722907988406	0.686289460732669
0.069365065299060	0.637223997694609
0.186756912836981	0.638887994838620
0.213200400502118	0.680509109557725
0.263474348353565	0.648631748588786
0.374292994674596	0.677084213134852
0.400636419499790	0.646867802881023
0.467764992172077	0.686830334103278
0.521677917849547	0.675713174464347
0.612207725553822	0.672660790816918
0.634842527770633	0.641860064821518
0.688018631379357	0.642377382672247
0.766222722424712	0.646452073944139
0.866518921522428	0.673468241188318
0.932300821614871	0.665594246189714
0.947827100275975	0.639350865825394
0.023825988208136	0.705045285784301
0.092684775175919	0.716868197333968
0.159231219754259	0.748534777041300
0.222971516640501	0.729999058977118
0.296565340551679	0.697523210214573
0.316608115755163	0.719935942084979
0.436943177686642	0.744955330954971
0.475070024005270	0.745360807791087
0.512450079392863	0.722529444400577
0.584076179225598	0.719356267749531
0.640557196678840	0.698042262726357
0.744912491789999	0.724683343310534
0.762849102425470	0.738565673888909
0.843016687220199	0.694363038697481
0.932862049404150	0.731105444628304
0.994067904552577	0.739932624999185
0.052049817194825	0.805307554879763
0.121938532843357	0.808690827644591
0.150546510564291	0.776094389110476
0.224826595740120	0.802267932767227
0.255677029258962	0.751514075106013
0.367216787255536	0.801599817508040
0.415924176190380	0.784064211075675
0.457197432687319	0.770265581411139
0.561255295586017	0.769369004677136
0.584456675429120	0.786689799986009
0.655700714407303	0.780585410997291
0.725174744825967	0.810030287276611
0.788165743777218	0.785868801796080
0.828933250919551	0.806870604762079
0.918031824922779	0.769402627153765
0.973352433612652	0.787288761808255
0.026789851201882	0.822267272904810
0.105475254148588	0.835066984747552
0.154696457487810	0.871456624822797
0.244537587290871	0.871001141930698
0.302841025678870	0.830553259501013
0.359891906770037	0.856659256063090
0.436965369502889	0.856080435037399
0.488361887965785	0.843997920739697
0.537663489108710	0.833586363737957
0.614294309996021	0.836722205835214
0.680152417522658	0.870425303756591
0.745892250807581	0.824910660451839
0.781845928118994	0.858290796891854
0.848734342850799	0.871372041087917
0.928763649104224	0.835933413347447
0.984502750066925	0.821798422361444
0.060004637154053	0.898258158535058
0.109401167323091	0.883519260272970
0.149416128848543	0.930608535285715
0.229095536701287	0.916827969553840
0.298662098543407	0.931917990891244
0.352275022998749	0.918001921711956
0.402271752717735	0.908937787441290
0.456030307662098	0.929604231581815
0.533767096065862	0.930038685835907
0.594876784227643	0.906104004949123
0.628734088270863	0.880220416585268
0.747258109767516	0.930844758839427
0.754558740825057	0.910413050028242
0.826895633468380	0.897168645596753
0.914823261448141	0.875923612358962
0.981894346779304	0.878864728701037
0.045698448400525	0.994828543915606
0.076723778827401	0.969211782321616
0.138550763443590	0.940411222560893
0.248455747495977	0.958491360104175
0.276992564197744	0.939220599364890
0.359951993054117	0.990411963951870
0.401019899093318	0.969509430630018
0.464638089592834	0.985298127761995
0.557404844802200	0.986564418035924
0.621621578625432	0.961727318752494
0.651358613139335	0.978609994238035
0.735818195037036	0.955631593610307
0.799519203018169	0.941481029994083
0.852429776054325	0.943103768223804
0.897952748293279	0.947419707491044
0.970834428772408	0.956548728591657
#
0.046135011925626	0.037647313476225
0.122129741211452	0.043771086474594
0.132886471272303	0.013315545660051
0.230601149999560	0.033939668043503
0.285859360644445	0.012317215197211
0.330781971734432	0.032430678977382
0.404849541569676	0.001297321447357
0.485324241901474	0.044452535813780
0.559691039160753	0.023091666580432
0.604483944431875	0.013704988934031
0.642086537558838	0.017994740560068
0.693389891953764	0.014818545870906
0.807186673001197	0.045845219439558
0.828162713198262	0.009235930529362
0.919701398331602	0.041037392462845
0.946524785688153	0.031346469382720
0.027730939334196	0.086579336790386
0.115952795689449	0.090221930199820
0.183514853516481	0.087102351119300
0.200564284942943	0.117870181171543
0.301948305347922	0.081543278681124
0.322173964758328	0.113691470786857
0.412948731807514	0.076914191176629
0.454525546116528	0.076901093419735
0.524500535501167	0.109996617302531
0.579495211019412	0.065787823755128
0.625127510415071	0.112321889010449
0.723355007089757	0.115686846210898
0.761306013026928	0.095561670263545
0.840784641527753	0.104195078800943
0.926928898491764	0.067358240486322
0.966162793723322	0.114497308820602
0.024664419592513	0.132898364057857
0.069583179750965	0.140550598156534
0.142718210747749	0.149476257711527
0.203038770985566	0.165969991207465
0.283287424645570	0.170598265812872
0.337348534673184	0.166034760501593
0.379712050650784	0.146252942203719
0.438295324391405	0.132031937116881
0.546765469403883	0.141908989146331
0.597790516382733	0.160416047286223
0.649034509208061	0.160304877274974
0.729718056677309	0.184723837606079
0.781705921639620	0.169879585253047
0.827007388277447	0.159368902685672
0.893921664512931	0.131978498889827
0.980684764387711	0.149355710416999
0.027366679881203	0.221681497809869
0.104328745694791	0.198279172824877
0.184052905576316	0.191767315803274
0.193792327570564	0.205523928500601
0.260150316828548	0.220563789022403
0.368160989468605	0.197183539714823
0.377535909400330	0.217077819841117
0.448756641754591	0.192823771301267
0.557650816261920	0.199402893095837
0.617543966260283	0.198824321548181
0.679761310470002	0.200423822217370
0.697495508883147	0.192367306038474
0.752193221648269	0.198559229279300
0.858677427848144	0.232710130028476
0.894239803824280	0.208458125086841
0.956841865457092	0.203154456950876
0.015178057703347	0.258668926313675
0.096655402355049	0.272084563408183
0.145518038004641	0.299994535974109
0.236011177982090	0.302342741340362
0.305144010823021	0.307203925169819
0.338581915121428	0.275760877214084
0.382289721632211	0.283704085094203
0.498865313769520	0.253782882981767
0.519667906720347	0.283459241320602
0.616898154314118	0.302732087815002
0.641586475703885	0.277208325954203
0.700849018804927	0.264046680156385
0.782528110991122	0.279964930835987
0.832638671742784	0.310847817046649
0.899585400349946	0.274271400971169
0.963418265781579	0.305850413946516
0.020947283211501	0.352105773427083
0.065653607453721	0.313970615447376
0.131872767103923	0.334268722324462
0.238075213300315	0.360309917156191
0.304313882150295	0.341451046340273
0.336561133552240	0.355224840120116
0.435264828003190	0.323997570975683
0.449194910749606	0.332067436906990
0.520199378986191	0.354440637364621
0.624885484474335	0.347303782408662
0.666163581578565	0.346263032239807
0.747828823179083	0.367136382656087
0.754820297255023	0.355596090036700
0.874840269054365	0.364722502284502
0.932505820818480	0.351716901868749
0.989111728527144	0.354187502811939
0.032177282897680	0.426765026871409
0.088756177798788	0.415895106833404
0.159541212001243	0.387577577322390
0.221178037558840	0.427446189159515
0.304280297537749	0.390703756278545
0.353017489100578	0.436728896703974
0.378754888138211	0.376425615090161
0.446406628909499	0.436866719799434
0.505438267531092	0.385819402423994
0.614575176380942	0.423011310831763
0.685112667240345	0.429664002074782
0.722586743498125	0.414327061671491
0.766014419718067	0.375070000460271
0.855447614168038	0.376165852474786
0.912741117493771	0.378018153992137
0.997151143615402	0.401026291691471
0.050213261271760	0.464282419771604
0.087053600369732	0.450717334987879
0.154419792240816	0.498441365663531
0.246700846400159	0.443131251203742
0.309092005830396	0.499448246700794
0.323832429322375	0.472309908925046
0.393754757974240	0.466093616988765
0.447759589095428	0.444822411389282
0.503430096491573	0.450461872958220
0.615839842792097	0.442750931092946
0.636786734367904	0.463208125488183
0.742733464836547	0.451812907401894
0.788088338021908	0.499894626555008
0.813695662320521	0.441079449462374
0.882278357663257	0.490287012170951
0.957374700320623	0.492519675825029
0.010813464835126	0.539310180751330
0.107505032686751	0.555185217161240
0.174499383906252	0.518389313558789
0.237736875028405	0.537875929608796
0.258454612705613	0.547082609158727
0.318891388147346	0.541686136532618
0.409530487123302	0.537810920761039
0.492640758178928	0.539097851733467
0.518862574860422	0.545008453681951
0.570202914534067	0.523451360253606
0.683611208019106	0.520800432442525
0.746098501606867	0.550717661460097
0.796432067796456	0.523978451461643
0.848982050223039	0.545497720387764
0.900149688901764	0.513280887334440
0.944306911000006	0.512137674481989
0.034071028022229	0.564092037763119
0.065383694164428	0.618408712236772
0.137380884293788	0.587083847937077
0.190980520813256	0.562614960144883
0.257582311854950	0.570378440448637
0.346764158232665	0.586421407371858
0.406052888494696	0.612137377652022
0.472527975486598	0.596499163621687
0.506333916915193	0.610069853264738
0.617532409507556	0.609220613590842
0.654270570935744	0.593827809025261
0.728544370135303	0.603445239971263
0.793995738112483	0.592927517085436
0.862444591691006	0.603720957306498
0.911429900320696	0.598035311654800
0.953185432099431	0.587828840091319
0.049426552763774	0.656938505191807
0.110083106887197	0.685319366835249
0.144949565384292	0.672568952923191
0.246571123118995	0.664338705750261
0.264086246217272	0.674118154766415
0.342801313534216	0.653161642439235
0.407840916283392	0.666459585418682
0.462017761476342	0.668750398933480
0.530781091721910	0.635415785191677
0.595007376199939	0.647444460749962
0.633548009720642	0.654594266532127
0.693461405376662	0.650258837812058
0.764589312053190	0.676226643377153
0.871580593127078	0.642621846306166
0.901552096495650	0.652797547844890
0.947631394245576	0.669454158730678
0.016143171105916	0.731909206234712
0.123893827228782	0.697322178037679
0.138319991401122	0.708352907914867
0.197989128939921	0.724653768696509
0.285164459252885	0.706623717724956
0.317987091491345	0.744643912431119
0.405946215127117	0.727321294203825
0.475305995112356	0.704793081317282
0.527161017939719	0.716585735375198
0.570455598748628	0.727202460135380
0.636987182125330	0.721564368410982
0.746666928039437	0.702353380187380
0.776900619201921	0.732385425213116
0.822746497348474	0.739824880086776
0.916338825433361	0.704686195564500
0.974457555386344	0.716692761815896
0.024466301713131	0.784892543503640
0.104562087547281	0.780848783535382
0.160502993029776	0.807429394465273
0.228796671547181	0.805718969915928
0.298083320373107	0.777365258042669
0.349027209487168	0.796703347379622
0.437252717150783	0.771640381693523
0.475284904424982	0.756289271828437
0.505149216785247	0.789619945217185
0.568268153846908	0.804907551353659
0.627666619505074	0.765774714618636
0.746297154560172	0.789388563915130
0.779235507339294	0.795699128018622
0.870342722321591	0.812214681078264
0.934606815862261	0.796509322488333
0.972389330237030	0.811650265546434
0.051149726056878	0.819359508475605
0.076873655128729	0.848520854801992
0.176049544895312	0.835627404890984
0.237630947955798	0.826020951153133
0.285485690511527	0.842407601776046
0.347958957842891	0.857259094172567
0.417867616003581	0.835422997906670
0.452017294435533	0.865878042573663
0.536210308805739	0.833959955450604
0.620718996388772	0.834661433056384
0.646574467221874	0.859066613000251
0.708265445389148	0.853523501932161
0.755733326864600	0.840372943922499
0.868305693277113	0.846952411179536
0.917477386489622	0.831193397640878
0.959942142382484	0.826889742125498
0.007048539149586	0.911807392907051
0.092310478844985	0.916475752392778
0.125948725224810	0.937441029382157
0.243487779908112	0.923975164707861
0.273689522180634	0.878018304589907
0.362025159073417	0.925165553050504
0.386622365319431	0.902826431650395
0.457688858810041	0.897778037460586
0.508984734175374	0.887945290643360
0.580859288883130	0.904547147503367
0.632591642921346	0.927069201088061
0.692127283197974	0.935407089199966
0.800784688702152	0.924037893372364
0.818668013483674	0.901012920373122
0.927832636557946	0.878396099739684
0.963808304680001	0.890593882857495
0.054628481242603	0.987362187920339
0.086268559598543	0.940943735186812
0.148224794937001	0.970141912119613
0.248210470628275	0.971438406377900
0.295798508955817	0.992643409537883
0.362976448316587	0.963540921750488
0.385823259772925	0.985590769382098
0.491797393011348	0.999985177812047
0.542258848344152	0.970353131888633
0.621641754768589	0.968105303625484
0.684617453516023	0.973078078234819
0.741476474196877	0.982551766322588
0.810115792395108	0.939783194975993
0.849878994203726	0.959092474809520
0.910882650926565	0.984784425320054
0.990997160491766	0.991498659173725
