0.005748749202641	0.046806677648403
0.083839190415768	0.001007534447361
0.132656349627687	0.010323519951856
0.203630444932177	0.012148342010832
0.296245030894933	0.038719030950153
0.343171433450927	0.012919133444764
0.382605916283817	0.000976495270379
0.468717019502939	0.052159029129464
0.520669167764291	0.058123030902497
0.574593720218305	0.052756288974256
0.643997990326955	0.046722280221694
0.731391319069404	0.031941688510576
0.780039979952280	0.009867638017137
0.836295383944245	0.022081399981883
0.907911221169730	0.007462141338611
0.958367990552999	0.015788373191792
0.011387224355453	0.118715741393672
0.085299944728683	0.085153282348801
0.158438951890785	0.119761890395838
0.203682266179515	0.092767274901915
0.281893056533740	0.093623451793944
0.342700797125627	0.117467067653771
0.428334221241724	0.081108427887342
0.464587547968162	0.072616020190789
0.554839487243988	0.065089414144188
0.624646531024982	0.097961777058188
0.667799028446967	0.085301487682807
0.700014954537622	0.077513044543451
0.771290925743825	0.075746830643212
0.822375239486544	0.098757930632275
0.920837173321829	0.068134628921546
0.988149891371874	0.106418583115777
0.052404990635674	0.187000197198242
0.099624953095830	0.157037614604816
0.139488263844859	0.158597720591025
0.208143581364570	0.147199111399171
0.273998777067521	0.130857962737991
0.350776106317243	0.172505571939984
0.417553840360500	0.164604056432053
0.447721599690901	0.132958171934695
0.559729653744663	0.165141601692336
0.584300536085339	0.149603036747338
0.657203556104145	0.177632275093378
0.699297408139519	0.151409994089373
0.784369853551469	0.140189177578476
0.854993264244402	0.143969953224638
0.885702388596419	0.143770947547460
0.989201829518821	0.156920034620427
0.043798088935739	0.203940566778518
0.115469191148404	0.210949587466533
0.175328103065916	0.222595657870429
0.210754396719452	0.191294717967113
0.302304897818785	0.228410692094688
0.320664392480549	0.208055619853678
0.424474507334403	0.229329016826076
0.463320793822832	0.229720386497146
0.504325328584953	0.202915221499958
0.624164683787773	0.245575152205554
0.665043784416640	0.194471640586730
0.694035831243739	0.212841545324852
0.756102135682852	0.248066457089867
0.871665769852504	0.228165159462524
0.877714010072573	0.187676490037161
0.957118172450484	0.194856994641562
0.051760155108469	0.305586631393662
0.118835214072916	0.256392940851253
0.158436543723437	0.277643753818735
0.203155050523499	0.298666504717820
0.311898161104042	0.286878012085654
0.360046607365959	0.286732779067646
0.435016101996884	0.266868125840409
0.497330846206129	0.265312156221553
0.522336381871099	0.280321994497865
0.594391717073599	0.254408918918788
0.667747257956711	0.296472787082073
0.727559602333945	0.271065730024377
0.758536979761798	0.294748110867163
0.855256218997006	0.311685243257481
0.877957244433453	0.263853493717349
0.994217381753078	0.282077749718348
0.034130704829965	0.369257088851127
0.091405572361873	0.316725044876040
0.150496849781600	0.316099082993716
0.195840476708450	0.319429528246268
0.303167587609651	0.323882373736445
0.340162849060181	0.341893871452635
0.414893080635204	0.326335897919800
0.478710192891003	0.354206277591108
0.534510175239879	0.342206057677326
0.597689415380054	0.328039695235910
0.626661941584121	0.318533139493906
0.738475745279220	0.344991294034405
0.772294878732016	0.359438560171853
0.848929096618418	0.330008942303250
0.897522073986480	0.359660729107484
0.959604201654346	0.352449941210786
0.039566782225055	0.416043826664925
0.076968010038130	0.399847507511696
0.179330483659131	0.380740308509730
0.232369990578706	0.433378939079325
0.311917246653912	0.392456553240180
0.316718265575291	0.388922276051348
0.399384571055855	0.412860584395905
0.449196561140520	0.430395175643008
0.511831691054821	0.381165245884020
0.598821701432187	0.375895374920428
0.682369373431981	0.397737461278503
0.743507871970303	0.393145499784300
0.766673940310528	0.377233148771276
0.817776709679811	0.404376570505993
0.910171190474106	0.408187986082790
0.974078724562209	0.419753160323541
0.022306931210288	0.489054282149662
0.092220754267699	0.438373709315987
0.138096046185958	0.440856742004016
0.221702165589482	0.452139884062260
0.306538359653563	0.461388705507593
0.360502708205139	0.446888873879655
0.389202612499172	0.448407616032266
0.475957222742950	0.455529983552529
0.522813236069706	0.467467725007438
0.611389765236268	0.459042877371316
0.664919338009185	0.459083638173547
0.747235385249307	0.496431871665742
0.768209554506631	0.447762383761644
0.868196874811709	0.467013512730369
0.933413142803105	0.479981893319632
0.998821436252636	0.479633595163965
0.013512961787873	0.558880092735374
0.074984760113872	0.557406615668420
0.143812903513041	0.510702912639990
0.225141483484218	0.562441681482583
0.259293033845442	0.531664009751790
0.340832546942013	0.529681573861670
0.425928919544311	0.523668015861457
0.455369864420004	0.552254041494395
0.558294571193004	0.551465283960329
0.563182789686993	0.514087771781857
0.648754952888413	0.507478485773313
0.720952017909952	0.538486622719440
0.805060228243833	0.504060040432741
0.820187329170920	0.537677335459780
0.913652680052014	0.527336024205395
0.941530579236343	0.544293554961168
0.004936983562642	0.604104478285672
0.111565694602687	0.603075137502298
0.142359417416123	0.586307496129025
0.234030524366892	0.568447089682670
0.308998535808408	0.603975982516766
0.349472112889512	0.564552594646125
0.429642310029511	0.599971263823675
0.438561562943752	0.578606139028237
0.544473502824426	0.586567662705567
0.607442956137225	0.573874966156756
0.652374680873443	0.617681885238314
0.727835368490856	0.573762828341281
0.756331582205913	0.593231615966822
0.851206048328012	0.564345778577692
0.936779548239261	0.617710240547361
0.959612818469087	0.615454394324439
0.008208520828795	0.667414404432619
0.120576659813075	0.639753280138190
0.127945673507160	0.656057926833410
0.215570977633603	0.670014507773452
0.250647354842082	0.651755126548641
0.343820654867175	0.650913012874875
0.410447377239575	0.670499850919121
0.451975305669935	0.655541420193748
0.532578889579181	0.642122181223734
0.611205756806584	0.650324670341873
0.649205671454362	0.671840559687545
0.735364931181042	0.674692231620357
0.777329804862344	0.630297652286896
0.855627387408313	0.683280074167596
0.911634345969449	0.657472928746132
0.940313139436257	0.671675669564092
0.059504580625101	0.704729475346913
0.079743030164913	0.721740320638460
0.168154778623873	0.737296493531856
0.245100679311459	0.722539417672097
0.312401255941927	0.721974300708849
0.326125933544507	0.730838850587220
0.432062756414423	0.725085894309470
0.439297080360539	0.734378492194083
0.555726477918384	0.706277325055277
0.623580003040512	0.704577557862987
0.634834640050501	0.706642531212220
0.726432501012793	0.713265967939693
0.796292971481172	0.728030411841588
0.840460673446758	0.704720427868241
0.922774179718754	0.712170390257884
0.955360826822082	0.704419087404250
0.042127220260940	0.784419174154037
0.096323030746734	0.801139863278051
0.161789928469642	0.789170315600156
0.200625918430306	0.772633796533950
0.282974233261886	0.764089044579675
0.374571022111823	0.804663054381302
0.416822327499819	0.780602130609472
0.444576336640067	0.795336846505603
0.554149024550372	0.790582833151702
0.608622698909864	0.801528936147580
0.673529660078587	0.805715499473320
0.744247514331189	0.756538755494761
0.790168294328653	0.802199440700281
0.866272788216307	0.761115244839716
0.886161569159283	0.811315658050896
0.984863278045054	0.793599558087555
0.023193191713233	0.816305956876908
0.067336113004092	0.856845169454893
0.185767846443520	0.837998532274039
0.200898469923623	0.869709292250851
0.272371496195526	0.822609334313336
0.347634587707029	0.816193470499407
0.434494692133040	0.873298890160699
0.492192332994820	0.834059221820570
0.560975549218356	0.850043477106384
0.614700675997813	0.840876275723771
0.647782239049622	0.825777541558090
0.730699362039612	0.824468484849662
0.774869563747749	0.824879148002919
0.816595608660508	0.861842519513295
0.885685063944707	0.872662151872102
0.986426698055334	0.822171915091963
0.029292328624705	0.933263068493866
0.118134550777761	0.925644291605718
0.137906063802169	0.920712912640468
0.211816506975288	0.911269413388513
0.283568190185718	0.920630262855122
0.351030862026040	0.916499683905044
0.397089700539850	0.907229185199186
0.461179802010576	0.925015247991545
0.553780460175192	0.896267903915436
0.571828341375647	0.907345745472667
0.687486269700454	0.908258676580330
0.696194055390357	0.897476819087164
0.759734059860868	0.910347216596209
0.833964168230063	0.886508163969616
0.879569892030458	0.924245713843090
0.994570383626169	0.888066820279478
0.054024396695086	0.987361956821373
0.093343238891881	0.990116825645118
0.184268721247620	0.970063263863573
0.227977203825833	0.953798294434975
0.288939152533174	0.972920372450124
0.355673749417340	0.967035544970314
0.409787253528435	0.941649757312064
0.497028034703580	0.947114331591785
0.551608454520839	0.972270624967588
0.582250347511086	0.989036771553577
0.648139760267371	0.982603459367553
0.748028602654354	0.937718782573989
0.781417333295433	0.996610392961095
0.835575990369678	0.988846687058999
0.916699923802912	0.966460485047186
0.982904919331871	0.997846626821637
#
0.061806519137301	0.048030074260437
0.097606849937608	0.024382986686980
0.183062757146094	0.024755385055266
0.204320945373462	0.022523825396789
0.300656662945556	0.013472888374462
0.317753981247138	0.044941459414536
0.421101693132916	0.047523995566886
0.474169626360333	0.013105149398466
0.508457144651552	0.011039184132484
0.620637676459304	0.000461318122796
0.672324939656496	0.015010772829412
0.725853742865928	0.059302756271046
0.802148655098199	0.044012851353971
0.870957463935124	0.024765502623577
0.894371276885940	0.004466908242779
0.973700369818532	0.030156244720019
0.018273021186067	0.080821335159899
0.115424764573207	0.112490332857121
0.125724960147805	0.115422371437988
0.242523026665445	0.092940197507953
0.253735984152587	0.064939125412479
0.369658457987164	0.087398867419664
0.425091510053629	0.100981875928347
0.486703005674459	0.118113026283242
0.500921318758843	0.105526955590008
0.574485719701505	0.108184557113141
0.641542302754019	0.069916132548222
0.690622564362274	0.116568680836137
0.768073940697493	0.067591850777993
0.831820965414359	0.115766736560214
0.876266589213923	0.064421525400114
0.943190204693980	0.091158582821060
0.022252142652812	0.160435000297249
0.082936428826753	0.173121278913021
0.175661863101568	0.129208658822861
0.202434286958872	0.147063418791411
0.296200957567478	0.133151718533633
0.347614503619288	0.147540248048035
0.413108956208594	0.175241255867933
0.461516239278488	0.174495118754449
0.508221315949508	0.134489645004969
0.572719018632248	0.168762404743760
0.657984796555360	0.142150479591137
0.736073398304538	0.185722557740105
0.790380862274412	0.145841509807119
0.816072978182014	0.152814064938066
0.877340908526639	0.163079534986308
0.943162406868805	0.164418708978784
0.022202449710388	0.236650388946675
0.082280673615118	0.224812590860485
0.157767485791181	0.203592649737511
0.238495934941106	0.210671277678495
0.296710385020522	0.231175771939143
0.345603548390931	0.221712612831433
0.398266299240237	0.214019388359510
0.499630351870933	0.227631846219332
0.500997977826278	0.196909740351119
0.623173896775854	0.241009970440881
0.684687097323403	0.187540527054817
0.720593025726404	0.222064567446840
0.786767398554196	0.245520370080024
0.832297552483458	0.202331557393151
0.923161817783993	0.201028613289476
0.981777200267365	0.217079782617995
0.039939217860796	0.299550835040177
0.094535966731383	0.292710336269860
0.183792481023421	0.292320624818634
0.197110548501278	0.306386325274102
0.268938114434466	0.305770069257303
0.339720466762600	0.310961482143836
0.404593477629147	0.281818162016994
0.477593373487492	0.288264145035824
0.531139540289561	0.256167939428978
0.581870824146753	0.282145730925758
0.633002454082133	0.304832856532846
0.715261535740053	0.293367889778076
0.799581756390301	0.285833392620746
0.847511218548755	0.274076101579488
0.884277919178544	0.304521918455028
0.990034102096114	0.258969571065151
0.031597062836307	0.363358239393183
0.116680439224974	0.338686590118144
0.168427565843665	0.337700818045461
0.224149056893459	0.345316219063899
0.278069735365703	0.324310067709142
0.327224598138645	0.373967092993312
0.430568091715236	0.337686562130737
0.487153716164095	0.373988089820833
0.518513547697457	0.358411451332134
0.608011557658439	0.314326641790528
0.628999062349088	0.367483826774402
0.695202541713999	0.319064879151193
0.810418587643169	0.362396902765589
0.863615370382000	0.340054233564891
0.901764943619902	0.349661290406869
0.937841617458696	0.352444474376376
0.061440457458710	0.376151505552384
0.068153913570720	0.434251413316059
0.129035059829251	0.420060506319292
0.249784765197496	0.406962114539221
0.291053083443794	0.378377638947190
0.369214264689180	0.390267649377991
0.395846749457029	0.423899898607959
0.485944266660592	0.411239944770639
0.520679052036297	0.379703065905418
0.565950418692303	0.393477270820522
0.661629767369393	0.405169696510460
0.716312389332757	0.397706814726746
0.783798018652899	0.431939629429122
0.852891294222300	0.395153915907176
0.913495630340417	0.397278326437757
0.952773145068850	0.391781316652028
0.042948564335343	0.474816865791175
0.077936916644787	0.463227975944925
0.127463410056071	0.481781341436850
0.246005868232694	0.452790245228165
0.282760159120141	0.457473032544943
0.353393520310846	0.473526566152234
0.409664196232256	0.438829241844669
0.458476018252777	0.454756378083782
0.523015236298208	0.441541966386498
0.580136665598288	0.479337856139601
0.646239019542406	0.475081536229137
0.740015075670675	0.460174963698414
0.758941904862049	0.492825983468868
0.818835735409832	0.455144585521809
0.897565077937340	0.480879705700413
0.960761687694644	0.448226693612693
0.024944483046407	0.522381054912084
0.100316351419388	0.510555837349513
0.137997240282245	0.551888901068454
0.243219072375963	0.524612662737400
0.281812612527705	0.510975235551823
0.338832148225939	0.539296904020430
0.379890991943514	0.554077132442984
0.478526204411994	0.552510360282615
0.527032453180182	0.557242771711257
0.585331986765455	0.512064676821945
0.675203457340878	0.545078891674657
0.728758382940725	0.538036021878486
0.764586955763420	0.540823785161093
0.848491239617227	0.504637733059269
0.915362031062916	0.523655407092570
0.970166753257547	0.538785724866038
0.020271361300901	0.600234860155670
0.080504512927845	0.591687203304420
0.187088689577554	0.598195556908775
0.246150934078300	0.594010764332840
0.259291523764094	0.594616040405728
0.312528427457444	0.623741975024748
0.436859326509726	0.624780029422203
0.498020848331629	0.571616258547086
0.540405035537646	0.608915973276346
0.624070690362498	0.593484118136923
0.677179803792895	0.618869849988578
0.703617385359508	0.582019005048093
0.790972633966238	0.568742100703819
0.826813197188734	0.590084639588041
0.882293319869738	0.596960790565228
0.980329889188365	0.575531827681822
0.036149997490842	0.666934200092087
0.086031901160845	0.651136723964274
0.175744396457040	0.655564742606498
0.223635846422668	0.667068727411579
0.298852619639098	0.627512630672430
0.339086202692493	0.648574541095545
0.414465758725876	0.661652345335263
0.462904378050101	0.666925060950901
0.517891322674204	0.677726066159719
0.619120900168577	0.649255481030386
0.638028833828990	0.682197530330670
0.689898730750987	0.677361115723583
0.789049770401104	0.675336619472442
0.862083697164684	0.671442877977724
0.915128640548822	0.651734192352564
0.955619787626928	0.662693032494325
0.015600373855699	0.746290755966630
0.095077614074707	0.691307303525695
0.152636045276335	0.732960279808720
0.219511794428577	0.688755476207299
0.311265558236922	0.725322123378357
0.320401739418251	0.706003366318998
0.381613653460311	0.733128412433581
0.480797836712631	0.697075120393903
0.531341765796263	0.693549824166938
0.604026617375558	0.697996217367006
0.654108686728661	0.696707599143662
0.692204172316637	0.742314411689251
0.765736135395881	0.718462091135667
0.828800353327254	0.706679497049581
0.916185220785831	0.711752547233308
0.997416861383807	0.724592873631532
0.049249749103736	0.776472982447355
0.084077922152141	0.762950068546447
0.162043548532423	0.784823157905443
0.216386847961435	0.750987830790339
0.288969548515503	0.792982976733587
0.369979377441918	0.795430626294210
0.377427688713052	0.755130045306317
0.471255319681078	0.809727697501594
0.501805250882591	0.810087325953084
0.568547463526145	0.766858394523584
0.677842443733905	0.805754226383463
0.747510751126686	0.761675205419114
0.806208482025240	0.798932751288273
0.843208987331183	0.760766896421734
0.919540772545045	0.794891388122316
0.958302354066587	0.797159403442559
0.011046426344208	0.814885341111777
0.076545361214444	0.859509314464989
0.149291425396058	0.815194091585626
0.233020619034190	0.870526116398519
0.277563612143291	0.825871793119789
0.370511381245570	0.864148247969953
0.380491661462116	0.820404702115432
0.477024945847114	0.819435030281761
0.560209233793479	0.844873318834550
0.590310402308314	0.813178985481658
0.684324541201192	0.874852073029581
0.748771808852039	0.861745224491285
0.774365464522123	0.868404330858822
0.843533256418545	0.845836157860080
0.930206330418635	0.813334489110469
0.968412311551141	0.838518890427314
0.045094326207203	0.933820289951707
0.106661823413838	0.879460591911213
0.179452730748326	0.883504460218480
0.235146080998854	0.914908548433429
0.297287919642354	0.926784142441881
0.344184692272494	0.890613237646900
0.403344102006719	0.882192509497910
0.471787770985227	0.906022191200410
0.534637204670496	0.912318081763763
0.572842700540284	0.909801089416677
0.681280963397883	0.930939755109940
0.688957062084567	0.934139764605006
0.809690584471610	0.907046211658056
0.844602086123103	0.905157472785250
0.915499435485224	0.895502237331355
0.953368214952263	0.931568175712965
0.031908449345945	0.997046649120642
0.121239828003161	0.987441045432920
0.125236929307048	0.956529369436677
0.235170359865336	0.977576159284817
0.281760972873718	0.963248388891399
0.313436897413558	0.994318121999227
0.419085322292891	0.983155446079479
0.498798154090484	0.977690433394208
0.559547595984663	0.992873278750426
0.594544351806874	0.954179615193671
0.666927779801639	0.998569546936445
0.701389267170776	0.970866180935029
0.754184140082608	0.952829660298380
0.826827707514592	0.938329901633745
0.918350115748670	0.959756436020778
0.944387494471596	0.964704001503346
#
0.036342277505631	0.009671011316164
0.121818058672202	0.059948623470834
0.129886518350077	0.032081442470565
0.242224319501483	0.012313693168064
0.305390882435113	0.005007809523961
0.325432930362977	0.041711377295249
0.404179638331216	0.049153618700605
0.441331113995130	0.014098731149360
0.525735969020924	0.033728397881200
0.605511363765809	0.055665881866162
0.635481772379247	0.024834294125283
0.694002311678255	0.060275486364326
0.762856129428920	0.027173157307476
0.820298152279062	0.022812581961116
0.934564355570954	0.025814584316875
0.961286431736962	0.001586284838055
0.057342055179724	0.103465205635518
0.091542083660383	0.074316975372335
0.175130072992791	0.092377743588848
0.209122595222230	0.086118747703992
0.287071720312715	0.115939564127694
0.359877856561187	0.067031552637818
0.424646880329155	0.067237897282405
0.461582035661345	0.065379474763847
0.524189448862846	0.102612535172983
0.593699697878025	0.119020371521828
0.630405325560226	0.083279233314278
0.709935532422372	0.079733072303872
0.772094167017400	0.107478924702732
0.843385226915331	0.086034652506009
0.919149320044473	0.101780207865937
0.987856470380294	0.103288610853671
0.020120968959555	0.170898010964947
0.085636104535227	0.135744658665090
0.145940300766015	0.155142612165688
0.198479082656204	0.138592369290090
0.274188713088908	0.129785999933324
0.374228665997910	0.180349176864337
0.415516027317037	0.139123130345629
0.485608820756457	0.187428992532643
0.542033257918556	0.129379277365953
0.608957856438695	0.147549650462472
0.639248361101315	0.157560397965731
0.747223817509884	0.138186342726272
0.799843594385275	0.129900451459666
0.846661105425251	0.165397044280636
0.909925459339266	0.182982714088979
0.939726564087841	0.126498065045219
0.037005655112328	0.231780924218889
0.123344954204709	0.213322052170597
0.150417684699739	0.221508734489095
0.227272070531564	0.218679999241414
0.263522088923730	0.246811460630109
0.316996385111589	0.219945382421707
0.434423008772876	0.241934542207614
0.482780499277935	0.227309211894127
0.549779859645008	0.236526675038977
0.573342598569776	0.195955136821944
0.642538917866195	0.231863675562051
0.713688402020766	0.203598549593263
0.799881349314791	0.188822978685802
0.821838123551416	0.239953695473949
0.912400884795329	0.207674251844914
0.997559287977651	0.249115047786994
0.054416574273938	0.298467501529019
0.113636954903169	0.299259635907775
0.173092637498768	0.299674672377220
0.224981807661239	0.296275115888281
0.250962827980626	0.302438084484878
0.358916142951678	0.271552669078590
0.419446597337245	0.285762086533537
0.462624595389963	0.303140447050831
0.527376626071608	0.284658080644360
0.605660030890293	0.306466459338895
0.679268592209967	0.285940347989891
0.749006288940787	0.270768794585198
0.802628002054437	0.303041707765786
0.824627749857523	0.304540968279946
0.890090350079720	0.252280743283867
0.975350937407429	0.298246161717862
0.021774885686295	0.372792294655878
0.075611220326533	0.369355001179933
0.180022436279692	0.316998845665832
0.238789234365986	0.320787514154401
0.310894980007642	0.366257783212643
0.341660317782466	0.359299848099891
0.429822033080231	0.356570093684497
0.469369692677136	0.343365269793050
0.502114278162973	0.346016066302200
0.564248335053387	0.341862949112980
0.684844182774505	0.338302132810536
0.698643238140769	0.371656789589128
0.775443017110332	0.370083902917705
0.819818708916385	0.314381447592024
0.925486979508537	0.334733921734089
0.968639497812521	0.320603234549776
0.031739701975426	0.387567023298486
0.121087682228789	0.379196578157529
0.139488754433577	0.411420652884157
0.194715255494745	0.412800239567948
0.296787097478934	0.423900739592244
0.369263762053862	0.394847499982535
0.414610016343559	0.377404594590749
0.449925753334520	0.432141769632497
0.550313359400098	0.413973013632110
0.563274164757057	0.413932683115460
0.652531954597224	0.380431223501901
0.723753788342293	0.436411684727974
0.796834167627812	0.418795235727167
0.832962259713202	0.420130142137671
0.901886735088631	0.399021559124003
0.971879154771887	0.397084884277914
0.020396036275289	0.484100538404100
0.103645065736176	0.490226201943640
0.165324138690560	0.479773624286119
0.201398235967243	0.479166681102167
0.310505057888340	0.474350539815927
0.336529599042616	0.479959422397651
0.399568638580867	0.458515583178614
0.443716843322901	0.447013527142586
0.552681435886813	0.470099120830442
0.614646274783217	0.493369066416838
0.684770257560832	0.441496664790087
0.736985037769653	0.465197691525728
0.756207635933232	0.466873153716296
0.833759998092721	0.489380059994147
0.925852795943700	0.445536534041873
0.981999571794760	0.473072412432072
0.028897190444147	0.516752861327667
0.085925453333400	0.520187365870850
0.165151480565581	0.504300059111393
0.232554513156660	0.523600105740153
0.257302594489256	0.557607088091343
0.338371830678282	0.545560461697881
0.423987549697395	0.559748267244955
0.457394240297702	0.548022140163351
0.501352014747996	0.528850216687156
0.620402860104899	0.506457483979514
0.629521622148930	0.520688656140279
0.690710676980254	0.532686810788043
0.760837115597291	0.537334537040404
0.858573892964882	0.511302823057934
0.890156374811231	0.505507257389954
0.973818880514316	0.508974330065300
0.033525733401423	0.594339395022099
0.097623504604591	0.586877000567475
0.130104968049006	0.596500933920383
0.248774035164102	0.597372232042223
0.270834607062474	0.578659037946760
0.328890088134536	0.579342922563512
0.418307337396151	0.599482532744757
0.489559967286666	0.565363676986393
0.539783559952579	0.582314677395582
0.602823943724000	0.576521911094087
0.649605680408330	0.581833445253278
0.702907197472036	0.613468737280571
0.783950199017173	0.570526127559837
0.827317138875326	0.567246665698999
0.900603264983651	0.578320754855713
0.937818701553698	0.586678050071159
0.056377419691155	0.677075586250186
0.079787544182569	0.635907161255811
0.132616309945615	0.668400030913390
0.232472345476265	0.647296278175152
0.301249620880408	0.626835238683698
0.363602955779318	0.665592682149865
0.407014841177621	0.628888412670672
0.448051371104794	0.638674526143860
0.543097929544304	0.675485278884411
0.600752883774287	0.684727191997163
0.643530543839682	0.666488096316808
0.724123403642239	0.668458328505153
0.753069924278667	0.663823193850420
0.853596429350110	0.681917682245122
0.899721295986027	0.637184165275466
0.966179745394895	0.628661114184922
0.036847772987524	0.734621151157683
0.086815557681098	0.696398339760233
0.173240946806208	0.688975048571936
0.236486453734452	0.728988219586082
0.267673870771000	0.700695660768704
0.331444880798563	0.746629458414770
0.408787298999095	0.688785628852501
0.449890686813134	0.730618730663117
0.545347610761027	0.732925511310558
0.580735226326095	0.719139441331299
0.659619680046365	0.746232079573961
0.702331268232044	0.707249571384687
0.776432285542584	0.723565707020710
0.826367910314321	0.737202825632925
0.916549330295890	0.728665276047230
0.979111042319939	0.696512044133039
0.008603679993214	0.763707650668502
0.114282712075925	0.785281500612684
0.153312996603971	0.788044607464817
0.216036970311784	0.787486079172228
0.310229284135329	0.764591883798617
0.322710107141223	0.807544508816801
0.413431453411102	0.759533505816253
0.484428438339831	0.769634406625324
0.533090485631393	0.803204690162256
0.594745299771834	0.759013879027686
0.639495490194996	0.759906294437802
0.692688143726016	0.794448830255877
0.763909249991739	0.804056748629444
0.861058810955393	0.750524821764097
0.925692569549007	0.782631586604433
0.939835845013111	0.796817640333743
0.042896112335240	0.865836560985967
0.121228787086724	0.845117142213303
0.181500489036320	0.873289004564469
0.214942899393487	0.866655432180654
0.275326807363384	0.813552124498773
0.337405916527474	0.828374634747946
0.437047991581389	0.865460828963076
0.488094651152053	0.850449528830463
0.551959769914267	0.866719425610318
0.594894277070392	0.858095979401398
0.673428526988935	0.852462830365976
0.728036518640126	0.847283548465297
0.811969921269214	0.824499358513159
0.854878190216231	0.837793727338499
0.909894140328954	0.813329940880260
0.962192070385137	0.852263956427286
0.013559492060696	0.901263896032764
0.107197659318847	0.899960957284193
0.139432663566999	0.879917996252751
0.240028223049601	0.884491077582815
0.251984420858669	0.910724933951447
0.371449439479958	0.906540932141138
0.419952179082891	0.913206693041303
0.462382313029930	0.908301274459996
0.554774003421719	0.876322163560270
0.608887398859110	0.933967874399146
0.648977421317011	0.922045823997945
0.696493438767268	0.889513557532805
0.774470864611671	0.896056685819886
0.819728415330110	0.919532793526196
0.893400122997910	0.918717382223978
0.965228951571679	0.897215449358270
0.024646438169211	0.990789416011141
0.084721840006467	0.956829691441224
0.181809160114920	0.982652525602643
0.226887512612014	0.985841486526965
0.269972067636548	0.988195451803202
0.334006528826199	0.959774137014121
0.385922748656227	0.985127151794761
0.479359872532510	0.940737568177455
0.544406085285453	0.954495352405821
0.565563471959453	0.976313427827278
0.653181451321156	0.982111914370235
0.716292902499273	0.999504415725708
0.765114014025920	0.967373078856006
0.844889697917362	0.998374776783370
0.934813434664931	0.945558914014385
0.950166303114422	0.959992563910198
#
0.012413357954918	0.034675789815880
0.070050672280498	0.029705303917221
0.134995793911511	0.014900655925716
0.244569985034659	0.013676206831861
0.276314630746798	0.021355719456066
0.360355765046053	0.010304286641838
0.375833019643517	0.046594803741689
0.473584587854237	0.032565049892889
0.545901949368045	0.035981386224386
0.582125904959889	0.000334938740785
0.664261027059229	0.052745470425637
0.710336160211087	0.020370092626049
0.784214136620684	0.019525562737725
0.855496590079390	0.020784285753799
0.930153198785883	0.001407948904999
0.956163812782304	0.057461649978641
0.007594160402681	0.091718231480154
0.123781027592202	0.105942627177793
0.174606042270806	0.063400269355252
0.192929672908022	0.075574867401289
0.309614673125235	0.108092286547318
0.365716922982414	0.096703505457077
0.436774264526152	0.081301556933625
0.451528774228419	0.094316167604252
0.548015456497789	0.072705740649883
0.623240261716591	0.075363421670129
0.636722223573998	0.079144510269781
0.749571551452291	0.092060979753630
0.806883242722108	0.091549270443863
0.851144778987776	0.075584686335196
0.884215116357481	0.067843328493262
0.946488733973002	0.070655818157400
0.000905626773812	0.182743887212184
0.093923218410095	0.128046665370475
0.162703836592893	0.182073865695757
0.215336391359530	0.167780351995090
0.278598451236868	0.160255087605970
0.355991749408653	0.144759870822835
0.425661150668902	0.169819866783177
0.481570168379478	0.151336618356019
0.503208143855610	0.163251136016508
0.575621417115471	0.159985107916287
0.626101381931478	0.161049027120706
0.741924029874947	0.132765851159991
0.812326851766516	0.148657401359793
0.837026501982363	0.187218769016843
0.912122727162117	0.171603439459368
0.948898946199659	0.177889396332411
0.060814089956301	0.215782348131361
0.086665530418201	0.245518403286817
0.151419430555291	0.235469137358705
0.248864500448425	0.226524880354182
0.281383685396608	0.209111377587335
0.313059558495427	0.231653402467876
0.400084026381975	0.237787215472848
0.486043777517286	0.211266030737610
0.526627840189409	0.238625994618895
0.593280727210986	0.193023269779054
0.665097258106712	0.191284771238287
0.722754647017632	0.227192560307377
0.784841383509883	0.239540725842128
0.859156621863753	0.215742824416548
0.907800503519317	0.192564537924497
0.970162532896540	0.216048353140021
0.033351199636434	0.262366536338200
0.066273403194797	0.252690278532726
0.166225490228093	0.267439646897823
0.203288815875605	0.278230657298288
0.282178804911598	0.305710941042218
0.327919457489722	0.286738240663367
0.408833532121809	0.290926154144906
0.478840377409672	0.306744711312173
0.541999866715516	0.274157276731952
0.620345108893897	0.275738118251492
0.667640762559055	0.285592798501158
0.726827195854701	0.302584799338967
0.774175643097068	0.289309469351850
0.847452525261313	0.251588225685197
0.922746029824541	0.287682686635568
0.974796944684884	0.294430490724493
0.015499783057719	0.327087261411847
0.111443782323958	0.346317299256641
0.159367883280355	0.314896025491738
0.214881623650408	0.316028288959299
0.286096642689918	0.335654234868277
0.346061995377196	0.322268734048067
0.399602512354521	0.359021034437237
0.443106646621741	0.333518462420562
0.512561890008524	0.354048017422098
0.614945914754049	0.331526992250357
0.663371453085186	0.351056521680103
0.694992036924230	0.328957340421960
0.794524159278261	0.357748648642504
0.815374330123392	0.357734696862808
0.921242667823970	0.332503830494826
0.976921274539647	0.332815122300600
0.034417730793221	0.405113860171431
0.112586883505012	0.425775345193868
0.155976111178397	0.410208222668201
0.248055641538942	0.393535442203524
0.255449967692944	0.430504907561234
0.317435272402930	0.377295461760321
0.384791465769473	0.425062652296052
0.439411449202898	0.399573250723088
0.517781215447532	0.434274074446125
0.574389388772983	0.432522071422432
0.659238377564875	0.432834701742473
0.746502406807035	0.428471924851409
0.756501757395803	0.435195394529192
0.843208265658051	0.387401780713094
0.935094572006514	0.398133961780261
0.962870729278161	0.397891743230375
0.026872668232390	0.499687416304296
0.116220385678164	0.466668970089329
0.151788451205773	0.458291489170117
0.237759170687119	0.484671437454450
0.310970723264844	0.479028590949957
0.373901872764435	0.444648078324308
0.433066453943743	0.451850613698911
0.498980709933439	0.491005201618188
0.527946709618076	0.440713325443378
0.564808925978096	0.458327181409306
0.677086512963191	0.490478645193036
0.741042515042597	0.470809670973292
0.776922302821633	0.460103634371796
0.859936260934904	0.470842636067151
0.898846991438499	0.493913467069835
0.973465855358161	0.493939540012842
0.059300818494358	0.509181817922900
0.089465779200421	0.538132896874014
0.151708612428445	0.505735306710875
0.227393485673213	0.545824636177468
0.293299287291197	0.541031612180181
0.336703488259624	0.542014353932933
0.402274170838593	0.544460681131915
0.473365089573400	0.502051274365408
0.536535912914908	0.514193058803024
0.579286765558479	0.503522514424641
0.642757164973360	0.509670135771080
0.739838186299856	0.520592265767183
0.787506575210138	0.508369623976380
0.824788075685452	0.545080735533284
0.882748515245097	0.545725308151037
0.950143188313847	0.506474168754410
0.038203209065414	0.614745272553932
0.075354134259479	0.616697720628394
0.164431765233616	0.594365359698857
0.241832638448531	0.611980798025495
0.282439492694088	0.582118770039435
0.367611047868293	0.565602360730549
0.381852675332770	0.598350856432424
0.466556150603936	0.616312248761256
0.511578238120786	0.612118877336527
0.591806318908768	0.581073947531654
0.636825312833959	0.615062031572466
0.736192412525693	0.593371242684864
0.791709012187018	0.598915884323399
0.842447106355090	0.597925740811724
0.926892153974481	0.597111460382494
0.980229632473255	0.566610796450779
0.037324195358046	0.643787453944978
0.078731331687009	0.631186096348377
0.167387052929235	0.671311918234874
0.228468585448798	0.626571283035812
0.308479193859030	0.667252298614418
0.331392774770244	0.675263444060754
0.435205542059896	0.654152322771063
0.479869547746463	0.636154735856376
0.556830104177196	0.647081541033597
0.596391929757989	0.652247035489359
0.660735965860248	0.669418329485207
0.720561024216716	0.635949516293115
0.764998488553683	0.641009042829044
0.832042755228943	0.629048492396611
0.928939123897916	0.647464926112435
0.996154160106940	0.655887380948031
0.029410532347837	0.735127841642855
0.119193105811531	0.706668643459950
0.176224639782152	0.690570081657630
0.198058520431644	0.732794024933896
0.253300992161571	0.690610247533911
0.325955620678946	0.724968952892225
0.431825103862636	0.725611329815144
0.490373547404975	0.704743449201864
0.520302162801452	0.748862652791748
0.573760198737439	0.734467187732683
0.628371379440853	0.711511107021712
0.717234100862344	0.725249686621886
0.787281748061600	0.712494951649568
0.814127368285350	0.740546038677694
0.913501466647955	0.723318502271622
0.951223572340962	0.706510594046328
0.061480317351869	0.771934616078957
0.110666728560619	0.765537861272585
0.132969244705273	0.773225918199338
0.228262028651839	0.761547916760679
0.294414557934370	0.754516661706617
0.322226719001710	0.809960466328766
0.426277856077947	0.785308632207524
0.442806481646911	0.787057763701784
0.540623575021891	0.767199688012991
0.581753381110438	0.756695854493695
0.636440283810706	0.784772733030788
0.742375293977646	0.805277090125083
0.789570478222349	0.775793841507587
0.821387737031069	0.774015846624159
0.912104737618846	0.783428437971959
0.952227018587810	0.789669900254153
0.061730893430470	0.835702033413272
0.104207555045538	0.846006607266261
0.180120061397348	0.832734740227515
0.202867166011796	0.834415442257169
0.262707782082774	0.830502203582554
0.370408193541902	0.855184329276133
0.419704250637955	0.850951383888827
0.476457557606385	0.826429698182952
0.527299820058933	0.848551927448379
0.566865757574412	0.866352945724235
0.660997588865226	0.829119091158877
0.713803002937069	0.852430021545135
0.760335939080183	0.829227035156038
0.844764885820277	0.836595294551597
0.877606472859650	0.848945469749497
0.950875094003481	0.872475776049536
0.001607013706608	0.878272848553786
0.080729043173657	0.916936470394590
0.163823399439879	0.903293157061165
0.194224101973051	0.880869180431093
0.258393386439046	0.932231958634158
0.361870666206086	0.877452730259964
0.416566202979667	0.909397387142968
0.486113119052284	0.896378108669044
0.557541760338364	0.913062945832047
0.577416284129703	0.893632424228390
0.649946963784156	0.890852290878737
0.747387348207968	0.923835708872959
0.803735121558708	0.885658109126533
0.813108506219720	0.921567703026013
0.901465205903855	0.933413051475285
0.940086353410754	0.919875534771098
0.008989587675661	0.956635518804341
0.096572339033376	0.975088246990365
0.140803682243173	0.942351405044284
0.241013587610450	0.942070504520571
0.286010848905079	0.986541077738870
0.363877383261890	0.993676942888106
0.383187491099394	0.997046103030920
0.494044723468028	0.982911065566100
0.530691248066302	0.958648377306794
0.613790351356447	0.949314799817352
0.643293886347859	0.947700620034640
0.694885255275850	0.952026242015307
0.759059434453156	0.999908862737335
0.864954618341861	0.991311042873145
0.911600141328899	0.940306444201923
0.949081665125927	0.952526003125828
#
0.024103641763004	0.023449429912947
0.071381677060593	0.000166511352329
0.177106646541997	0.016330179893139
0.243935381759409	0.049969690325081
0.257991044856722	0.031637584084910
0.332319733953294	0.027999858043739
0.397771087160281	0.060445032052916
0.497063393325560	0.046082058699355
0.557444352146109	0.041396618539327
0.614213748570581	0.035401926762518
0.674731449570328	0.051092640872484
0.707123104080004	0.022650826392963
0.773685488738978	0.042413211437504
0.868511106308087	0.027416604140870
0.925190617720408	0.059393407237808
0.943699220458791	0.046553275951662
0.036844694777239	0.094628189086711
0.087664070283101	0.077816037086378
0.178575604584435	0.081197442272957
0.205378664021352	0.073766095508185
0.278659875860591	0.103397612163890
0.362673105800099	0.078753588564869
0.420380690451218	0.096870137590303
0.472823513272527	0.114012050410735
0.512845504042424	0.106914846862646
0.575964861683539	0.080244728557357
0.672107501606715	0.121576061253221
0.744861232086518	0.115752711598937
0.780658621886549	0.063362025132138
0.812972132174874	0.097938574364045
0.895094796175858	0.071370370789983
0.950439134106375	0.120849665893672
0.018882908382542	0.169073659369390
0.069358751237592	0.135759303290574
0.158587010803420	0.132617792291012
0.231686569906116	0.152893079262086
0.310332202919603	0.167704699731014
0.366197108099865	0.177113367096664
0.393290107113610	0.146852851166472
0.484034057484598	0.147072542245633
0.519870105116831	0.155669202162109
0.562590638990535	0.172851399878937
0.636996817937935	0.177787524776717
0.731836298461849	0.160617161535918
0.774677337342216	0.126525685133302
0.821625020808220	0.132232761390561
0.883888850179824	0.158085117255241
0.950446061429206	0.186862777467319
0.055933221998493	0.220572748578403
0.123819559826823	0.233933481500469
0.183044085831042	0.233499080870184
0.222758912038468	0.223110722895505
0.288829093647965	0.224841377822995
0.336817524867206	0.249048325058317
0.398747370060009	0.230298828212614
0.469721497291401	0.206008163241439
0.503837567682224	0.209755913228671
0.572621147354395	0.225666225183677
0.650362346123523	0.222586475248119
0.711651450028678	0.237915953065482
0.796502951368807	0.201119983601063
0.862818854159633	0.205827482878423
0.905621359175565	0.244773794415471
0.987869654095352	0.232780117784925
0.027905071408117	0.264172623839502
0.086129027351534	0.309149855456001
0.126741559623448	0.302311159929915
0.215231193774434	0.256179282690557
0.283494410360231	0.308696379811432
0.350569848081928	0.265780582460174
0.409990859415264	0.266749561739096
0.483150847601507	0.264714493987200
0.544343929326125	0.278616001807064
0.607436826957841	0.282938013894120
0.642844250764545	0.304260058413902
0.689520955784717	0.282827046125389
0.773147616220673	0.292630744496740
0.834045573040854	0.306978998806323
0.877869211108859	0.297613184080718
0.970843405834363	0.310226797518606
0.035839402168835	0.373168807214398
0.074028708188918	0.368873788348020
0.148568971859307	0.350034733602669
0.193592454773861	0.356551024068974
0.297721013015886	0.342923276162572
0.340207641368664	0.338426916342212
0.413899455024837	0.350276809354610
0.451350182982010	0.328684324169574
0.511533436280799	0.373298732330626
0.581309098536454	0.316597684258385
0.669196454425505	0.367560769706047
0.711151540925180	0.362682024887223
0.755080290620118	0.336394308082269
0.859001729575452	0.363756781717822
0.917309183084245	0.337262730687452
0.959607236951032	0.365169351932749
0.053354088753311	0.428425508927537
0.079263660711414	0.413759210025021
0.126299575946480	0.380121611860260
0.204785053287583	0.430430322039856
0.289743268304095	0.394860765915914
0.371460953537366	0.425852849363781
0.391650954105228	0.386447496234660
0.474969001000856	0.380055097718736
0.520480194599479	0.400650654154166
0.611342560220240	0.406835985028147
0.638241884418121	0.408666771276893
0.707863879773152	0.424335619155163
0.778554783078389	0.390363722446576
0.844224686770869	0.383017203888860
0.937396289591537	0.432064502993497
0.998793949518305	0.401343349344410
0.037282082842961	0.441664703627854
0.114142392322920	0.461821702285512
0.125914323376705	0.444970960337662
0.212893721624369	0.448553332668625
0.297535895555638	0.439450888778537
0.340684696703843	0.475249769291317
0.414456339867775	0.448296739998808
0.438613844759207	0.450701232420560
0.529060897991657	0.465899464608147
0.595417092765662	0.456161988597867
0.672800924989349	0.459306084177644
0.719921248783339	0.448673289024428
0.779884420254939	0.497871052662463
0.867789476118700	0.439455794694823
0.930766884788933	0.453780937943673
0.993589529315031	0.445330042801292
0.017098798682471	0.533873057670163
0.096858064579279	0.504924610607541
0.161281241723635	0.518213183827049
0.213812638531395	0.521363760917183
0.255672787666710	0.529930988668332
0.373923681719793	0.546781327353507
0.377082468782222	0.508802187965788
0.468650407252403	0.520899335960485
0.523932002795961	0.527282487316356
0.574236452771406	0.510792024232399
0.636809659717095	0.551917239992045
0.727771501764718	0.521673941116704
0.760656360422880	0.524840505974097
0.846116149020059	0.557037742792638
0.895697245699283	0.554422314480628
0.954821397307055	0.505097195812873
0.040084609145435	0.567568147745349
0.067501719605644	0.572324519557255
0.155136273773419	0.621954279398069
0.194106211072441	0.607673351168673
0.285545451880443	0.617150154865149
0.341528055468581	0.605645688915543
0.424423652581620	0.567112868507303
0.492113556449095	0.615411239048213
0.537928998129891	0.612725735304464
0.599105060443772	0.581419299855810
0.659980403544027	0.569889932406924
0.720686197535993	0.593311593947772
0.808625860997389	0.584967637716319
0.828429786550330	0.584337621292062
0.921954830013438	0.565323092145920
0.941807322772641	0.601080757953129
0.061110948022946	0.633091188256068
0.085271204579685	0.672167398061060
0.132121292279247	0.654695640950742
0.206278379341536	0.627721441983064
0.304875706611754	0.664907755266737
0.341793943756328	0.661364917375349
0.395299417524435	0.680426125762268
0.464105620026031	0.642104405855552
0.518856992090903	0.647842424315829
0.563853420986876	0.681038590219346
0.680238870698432	0.651172121498075
0.741391791785460	0.640384816786480
0.789607896667930	0.657436625777613
0.834439669551663	0.665972322817187
0.932498712178785	0.653347523991449
0.986314312508054	0.669930080122415
0.052495221183052	0.727016002181805
0.090483845014354	0.717013935507162
0.125217525390377	0.719735003360485
0.191272796016134	0.702705949781278
0.252752804896504	0.739716531182573
0.314559767387006	0.739291228060446
0.422689312119663	0.739372562338103
0.451522392616962	0.708621767529082
0.547113278542439	0.734708356434644
0.600494574153096	0.745107369001514
0.686009301629036	0.735258855416965
0.697744538005848	0.732784392555543
0.806508845051636	0.695896714578475
0.842772736570396	0.694495994584750
0.908502962186118	0.733092094956802
0.937569982997973	0.709993678194004
0.050484073985830	0.777437326344647
0.114355540977408	0.755802593326267
0.161786881342248	0.793325136978721
0.216708242623533	0.806448860587307
0.281323031558730	0.796042791272873
0.368691559210115	0.760961660826803
0.436620407344685	0.769153581601953
0.450544488197319	0.799233692447709
0.546371838568913	0.754096344565413
0.593942281942918	0.778024317906942
0.686637621591016	0.791134522262410
0.726391113503229	0.806246192891557
0.806163753497802	0.763732182054369
0.868447301034687	0.757749517391843
0.901520557809626	0.774395640755979
0.954267931247425	0.801271334258786
0.040501874313457	0.836762890254441
0.085682536830004	0.874274645320669
0.165802645273694	0.856484579340085
0.199155930927176	0.863339102154909
0.295774841488054	0.865626395605068
0.355719217400350	0.830598848788789
0.419268676570330	0.824865402220135
0.443383840074154	0.864633431626631
0.553262848768677	0.872485115512387
0.611329424031738	0.868235360843999
0.685330174033374	0.823086011982659
0.726702647554735	0.816277266961121
0.760384252006277	0.820138192504560
0.855472623817151	0.872073683086683
0.880728724806856	0.868075395132316
0.998014772208527	0.829937998718800
0.055554957811384	0.901155308331632
0.066772271181520	0.888572757193719
0.154172478192293	0.887557307974216
0.239484698669283	0.928794440825888
0.271014676070426	0.908276668175421
0.346408006335587	0.926891858672465
0.410290685301365	0.916860308464235
0.469810541508442	0.919450795928587
0.525833994068865	0.893343040170926
0.563692634721797	0.914542717490006
0.641291797877939	0.877548371762398
0.696946576181670	0.900591490039507
0.751880985132158	0.915906287259051
0.865534699607067	0.914788690783267
0.881812657202085	0.906858426700779
0.969898801406356	0.925194600928853
0.058187376866859	0.945180698692608
0.116211944010274	0.988117217534598
0.136652799777024	0.942908199883627
0.224550659223937	0.966974966016592
0.264603006875166	0.989732855506528
0.331468272158287	0.948338352495534
0.404238041962785	0.939054712726282
0.439683814257077	0.968114197203101
0.532423955526884	0.998793098609614
0.586779299095920	0.991243234426073
0.636998379125609	0.982822108558687
0.721152692182491	0.945297431144350
0.768507030403942	0.976012614462760
0.852789364880950	0.969445483533653
0.932666559134998	0.993377477962262
0.943087997949470	0.996106166639041
#
0.025631818038675	0.019174527308595
0.096207030649229	0.026374734507728
0.164282676540148	0.044513474083392
0.202226689292520	0.019878465905175
0.254408533846007	0.035598313138610
0.344233049843864	0.025420569209480
0.401565296974514	0.015430575371238
0.455246463436691	0.021485239083177
0.560506652690937	0.020184194542860
0.592701172506833	0.056079556276342
0.663065952199527	0.009480989947794
0.730746157855784	0.024373936880001
0.794435568426139	0.057540197942881
0.858215917610963	0.017962965405421
0.925486778444724	0.025700173332170
0.954663526430881	0.059478251961288
0.057757361689060	0.105216535138366
0.094032148910694	0.100832062200255
0.146415744942244	0.120038104853602
0.219318298222920	0.116834658065190
0.308240099328859	0.123152153871640
0.346546177629276	0.110015505193736
0.390300959483208	0.096762147361707
0.493774690329161	0.075138134870245
0.523608026376718	0.067828940840049
0.586130905712752	0.107907407491097
0.686224928096338	0.065212140820853
0.688179476361414	0.084205927739783
0.810026649705257	0.066818871798301
0.874364363931670	0.107487040713310
0.882122847733466	0.072364563415727
0.967071179380191	0.063579111811374
0.038796031201793	0.151034480985495
0.079915377126288	0.184553500526131
0.164678970884923	0.175804141760642
0.237235018107396	0.161201733332989
0.307768792771448	0.165062826936497
0.320183787598550	0.130227193004737
0.391725697180192	0.149183236533819
0.475783557421710	0.158241594130695
0.521862033977956	0.168427076870209
0.595674278076779	0.164556758763980
0.647888786775965	0.161344850487971
0.695226303841971	0.185355951630710
0.787030803848647	0.147572639316221
0.815041443173550	0.151309298328429
0.886970206690480	0.128286831314509
0.983985191411102	0.155792506578912
0.021710092745305	0.235772372016397
0.108939635985633	0.226746229944226
0.144297517200303	0.200743866039730
0.227646263107342	0.219874615308334
0.287106077937550	0.192896285706758
0.317943118877696	0.190251899607305
0.408185292188587	0.219788323789786
0.454799249102897	0.228370831139239
0.534065536857016	0.205518153645801
0.608190049864512	0.210483109787568
0.657723017335572	0.249333326646437
0.693165404257752	0.196372626264084
0.789537515529557	0.206624195959099
0.829297733569820	0.240475973228569
0.887310488094182	0.188873956154886
0.941255714308646	0.191893293858015
0.027550037389167	0.309569359596253
0.087998154186178	0.255333813068651
0.152341792017068	0.260713237849580
0.220280957881543	0.297247592443542
0.303470025899231	0.271079437142722
0.372105183311995	0.287783670277052
0.402338397331731	0.275091800859103
0.493473660475801	0.263978589460365
0.551372679544467	0.305630806002447
0.605318079392383	0.293348056187003
0.637906339546411	0.267410887132844
0.748143617790924	0.253930452484389
0.795398819198110	0.304546802550216
0.823983008452105	0.261574861625343
0.914421107309037	0.294934313551042
0.973066974934322	0.274244196136539
0.020977941259271	0.342608160608240
0.071009881752778	0.360578407413694
0.147990752278825	0.318872308825695
0.217833042544740	0.350126718237909
0.277887064417099	0.370307040399710
0.369618363255197	0.367931897808549
0.420953696778965	0.320292845806757
0.481060585759361	0.342931231781941
0.516266511582366	0.341539053646042
0.588061615612372	0.328442056215937
0.632335656091416	0.328050231506478
0.747487818006773	0.368463430683120
0.798234630241812	0.322039152308609
0.825881148080430	0.359451570107940
0.883628527985101	0.327303579196987
0.977814488355144	0.323659903765344
0.039014282529013	0.407577603611880
0.080842814907279	0.426084770148989
0.178677846035263	0.388177498654271
0.225175258202985	0.406896002903673
0.252898417835915	0.387365834455673
0.354756099691092	0.406413443772219
0.399444921442644	0.431255380228687
0.489445357202656	0.396456044899872
0.545248893172887	0.394534192008906
0.623468730249086	0.378856084965252
0.662357190836304	0.421069542247818
0.730056245282771	0.387776887396531
0.798217293541114	0.388548560982116
0.866051067785255	0.404607060852485
0.930697250367537	0.429121006234577
0.985786165354840	0.385535468204304
0.036237956324182	0.495013230886546
0.122311228550927	0.469797516743955
0.145667593858244	0.483527699801728
0.204669580958940	0.490143291024175
0.254044990027101	0.453201457905397
0.328119261484970	0.448037531796852
0.376548810207529	0.456892405088151
0.482307614245174	0.485233149633331
0.539838454942763	0.494818488498525
0.571746190910169	0.488215136193488
0.665812636254894	0.464314833216908
0.748287323643637	0.478878752672784
0.754112100768046	0.474220354904356
0.855743519404378	0.439133373948078
0.899512001246217	0.455447653734695
0.980783433823563	0.450999900716357
0.010403114737222	0.542918149304557
0.079947674345446	0.543196766851050
0.164685846373831	0.506496688279788
0.243566624745975	0.547019446832598
0.302362477142565	0.500573701952950
0.334947744476946	0.539691835054474
0.433030754937914	0.533602364310902
0.479883824354011	0.556379360640161
0.555585511521922	0.530176705760573
0.566645678701262	0.558749494563963
0.628249535701645	0.500993868831078
0.740305023731269	0.509447166683838
0.761432495596570	0.543604037065200
0.836167251158312	0.545586324627648
0.924295420289690	0.501716420695120
0.996609318651401	0.553153183279944
0.060784307861068	0.576979244247656
0.101207058536519	0.571876381220500
0.181161359838713	0.608454076147395
0.223924678802473	0.570734322698725
0.283720989501155	0.570972364164999
0.333351403305040	0.581301420363901
0.387866391846995	0.618898001818195
0.448072432746546	0.576431700148138
0.541711126143744	0.601030096755370
0.575221860624203	0.602500918578007
0.645536421177219	0.573451632476284
0.728126808239177	0.584715156122627
0.804840161914434	0.604279694346310
0.826819512749049	0.565202870930709
0.885841477766713	0.617155369733147
0.974970580844085	0.586639169943901
0.023460955902925	0.656381486005588
0.106011194594556	0.647113049771779
0.140571721323783	0.669360749390177
0.249483955529165	0.683501916907495
0.308779834565073	0.630920830809842
0.341177975212615	0.672327299395070
0.376387751661564	0.687427254102641
0.457751261220605	0.649172959301894
0.546582875536774	0.658106525931066
0.617086577867644	0.657135234192744
0.685519950478459	0.633523479833622
0.698265063011382	0.679070097290461
0.761172443529049	0.673989453786400
0.851439111613189	0.626685855779607
0.903550619455299	0.630481061716094
0.966401169287018	0.648415684923743
0.027436223513199	0.749599932940234
0.104915534112350	0.729237955640824
0.151752763870580	0.737593215698165
0.243476576694166	0.745059545499985
0.257276010788576	0.735768845534364
0.312992869745473	0.694647192243637
0.401921365561877	0.742951367194287
0.441104464335624	0.740946662784775
0.521259221078656	0.695352161450510
0.609771785220893	0.746382800744936
0.641742513999167	0.728088448139161
0.689128801125132	0.704013482569487
0.787268726178391	0.747011255981520
0.825119947770173	0.749537264622524
0.933534974595191	0.723198942862963
0.986505465346041	0.734600502150040
0.046677140471683	0.799581370444405
0.078795449142646	0.803614447240512
0.174245979662925	0.756641355824923
0.227328843417305	0.768896730752056
0.288862440220281	0.777503075753921
0.327785003671955	0.753673958782147
0.378970534250599	0.756679206156796
0.496528934424633	0.773749067293538
0.538247067853982	0.772298482295544
0.589621635262068	0.793987887150489
0.664111552274346	0.792550452107110
0.731499620068702	0.771780466884207
0.764063049489414	0.795345379850558
0.836705304891617	0.806619345180020
0.900061043683687	0.786866767049503
0.942870288593781	0.783246431871258
0.045432105758328	0.871034481910997
0.094523976258823	0.822880576527184
0.143423468228062	0.841848914780270
0.248676083399606	0.854261529510669
0.269670231359701	0.859389166111217
0.317798730292776	0.853463421599814
0.381976478210878	0.848192413404047
0.481668296949744	0.832550439915515
0.543717101008216	0.812999067493481
0.576111046076662	0.829774560978351
0.658615023342104	0.815371065459417
0.697861601208072	0.840979444320775
0.800648417321068	0.874316068860776
0.827308706695286	0.857674879701849
0.921419774091085	0.849129405128567
0.974625090174872	0.868005215639832
0.012579348959862	0.898214822800531
0.069127906290029	0.892804267878599
0.152813954474478	0.902870676865073
0.243830723133597	0.890220661258260
0.256574533459282	0.894209328432151
0.337360846452033	0.921474587037571
0.388147171240567	0.904801607342623
0.495640800813711	0.876831965812443
0.559071877141034	0.900634056923593
0.593600368876616	0.922152381590487
0.629214559100618	0.918415030489190
0.730665773759984	0.913963049324570
0.796743053982906	0.900638387748189
0.823265757268706	0.883345822543685
0.877495278997811	0.883949694953381
0.959701200297498	0.907567422146110
0.021160402849470	0.967739870560528
0.124569551175127	0.957942611484426
0.127630790143188	0.959192897809365
0.228319185300688	0.979189589556584
0.283950357443874	0.938481537741837
0.334371662761986	0.948449048623664
0.394505316105090	0.989857852733079
0.461298607411747	0.979368511582578
0.548342566046245	0.947159098754558
0.599990807191350	0.994791272444369
0.665136715974109	0.942173432021442
0.695199029987608	0.991780490496145
0.808142969878540	0.950337520046820
0.857606415647340	0.992885835336145
0.915089169570149	0.963319659864837
0.961138547971178	0.939742082730458
#
0.043253501785396	0.017172047072014
0.092030397434027	0.035460516309356
0.125136400107326	0.038203693367705
0.192676982101443	0.058273199828289
0.298654694907287	0.033708194365890
0.354790324849843	0.018108578082898
0.418443919824423	0.025373830960685
0.445733007976840	0.039015015203393
0.532681498902426	0.012945986093941
0.600111859466441	0.036237091693035
0.659469158076558	0.002670320217188
0.732560326530379	0.053728045908205
0.797267090700280	0.013752036003571
0.858676411193138	0.061280439229165
0.926528910798144	0.027112458518732
0.998468186735052	0.049093828897247
0.022230924941770	0.121175052218878
0.116955369403459	0.095631591255807
0.158813412963951	0.070738480981262
0.239484713657756	0.071116276363869
0.306965878086506	0.068250290716125
0.318498577269143	0.074255204791379
0.380497102204942	0.106784155020556
0.462967705671435	0.089447864177508
0.500339825477647	0.113092049356921
0.588795705326203	0.124180477781729
0.681734801748939	0.118974109819153
0.688387990420076	0.081428301539605
0.799725895380770	0.123846917572978
0.857099816359021	0.082696041780919
0.909479130664137	0.123101986202086
0.989851539049961	0.094914945053732
0.054566907490852	0.130233316232388
0.122542141994355	0.174026774370351
0.181039605433713	0.177095932577992
0.209388360473534	0.179365662433991
0.298581350023994	0.130767312265995
0.373790299039402	0.174758669538949
0.389363331694473	0.169841177771995
0.444462147644829	0.127976328484476
0.526589622610852	0.152862136928100
0.592217613396868	0.157948600077757
0.676228257781181	0.164210715383922
0.748221461646194	0.162651054875495
0.793577460887860	0.181617321241441
0.814732004204935	0.171854031195830
0.930790640237576	0.162578836790654
0.995856022330317	0.132891762086747
0.062297058466309	0.238323488997604
0.069871349931315	0.239611447538974
0.186717913296707	0.216789990131927
0.192616874426048	0.220615669830729
0.252984311548757	0.237833816919088
0.350199813628616	0.237822546911850
0.431492513611795	0.191932382965328
0.443691794063475	0.230514542413413
0.513592710139601	0.237418653847980
0.613919731037789	0.243762911936213
0.682508663811606	0.246774771220930
0.740974663318129	0.208017119167609
0.804444241772160	0.193143828758771
0.826103182148911	0.235204621942296
0.928881502242615	0.248248621544509
0.995534453831039	0.200976192430471
0.002258863562545	0.300396304778498
0.077901390384743	0.276014335605086
0.149073606202512	0.264361479162905
0.208807110544016	0.307984571626406
0.274904491502071	0.267368120305442
0.367578630552180	0.266751152103360
0.399757477577021	0.289244410052603
0.445079133323761	0.287056851398562
0.546807793722094	0.312485808259222
0.567270994944212	0.253661855532243
0.674239671815126	0.284764792036094
0.702281980647771	0.250095108436676
0.773939792770878	0.284601858388540
0.860407945900319	0.255314969618995
0.920125778789545	0.272056195380761
0.938615822451798	0.284921073435671
0.022638088490380	0.330683594355519
0.088305354269875	0.357029284710188
0.156282690419183	0.325712823734086
0.215080395609276	0.334442404089366
0.298835890437205	0.337685539611309
0.346141773807733	0.356256279216906
0.401011912391058	0.344526408029377
0.470824390963145	0.337701855888055
0.504169746084760	0.353474509664456
0.581687627888561	0.347565236858806
0.675925647400652	0.337622177967597
0.687657693531983	0.354788510167806
0.768413853821325	0.371914013782962
0.870550967315340	0.314552312935598
0.914620177422096	0.318044153450882
0.981978630977561	0.330321547986898
0.049132690718196	0.382894675161898
0.121139110108753	0.433853254681768
0.143583850401008	0.393641060499042
0.240783239727207	0.413247034515545
0.304953157026892	0.417420362539687
0.361520892922771	0.385747153285366
0.382723494638392	0.393610651216263
0.476348259102401	0.396082298907820
0.546260069935527	0.435900243639108
0.568382738828865	0.407454877095286
0.663809914602039	0.383963120463063
0.711630300115009	0.380053874397430
0.763803686105833	0.424312015774034
0.874483663661402	0.436508170969088
0.920279288675003	0.420313404607077
0.945953363933008	0.414049937253364
0.055941662982442	0.443417677060565
0.117008033468623	0.465557383525431
0.169805949680695	0.459223057832388
0.194318635827354	0.477219984177435
0.306084962734856	0.460609907639006
0.374264932237394	0.489161101996820
0.423408017155809	0.479944310364650
0.462954532899418	0.479599606066383
0.539058518634191	0.439360170931174
0.618947032459301	0.487904231745145
0.672881854418172	0.496223026754736
0.741950345514796	0.465635410196412
0.759946094260655	0.499710126314245
0.844908174396820	0.493370065347611
0.875155882604340	0.448094326175771
0.991841816064981	0.457267931768966
0.012788872703162	0.538031189347508
0.094112295286407	0.562425307332870
0.164648848536808	0.500034629192677
0.246589390793021	0.520008984666785
0.284248858203471	0.529812756045096
0.341745769597298	0.502015926453638
0.428870324450864	0.546872064191120
0.457631499889570	0.515467085704549
0.543244698255031	0.557961416633441
0.563267761405038	0.514869403461313
0.659135795060810	0.517969954501132
0.744092969688143	0.510451214972523
0.783441465443103	0.532240040505943
0.840119925916106	0.520740067358301
0.890649802739068	0.519701365749864
0.945132656111995	0.530386604666800
0.007978314346512	0.612184925307446
0.108803025064711	0.623354037655716
0.164120260460563	0.582836527352998
0.212453479215026	0.574736917932689
0.292744336834351	0.578320219287025
0.346456852269232	0.582015927332574
0.386178812320269	0.585616616930490
0.472148442518001	0.585315502981612
0.516763320531292	0.580670274449086
0.576375477121066	0.596125683158433
0.683276495269564	0.611972798954107
0.702413006034310	0.568064851891381
0.805017524688159	0.573086158709621
0.814695804365840	0.593156490278350
0.916150063111249	0.617755157973211
0.980574408425152	0.568994190487194
0.032295758945354	0.663188541913565
0.088489146996520	0.652681228682092
0.130194070721090	0.648966963015605
0.215285239020080	0.661295226128724
0.279066271417324	0.640534282956630
0.364188227741790	0.633352824023076
0.421444640956806	0.648833746285255
0.495454598973844	0.628809723974860
0.524951704376133	0.661704624909722
0.610520685888599	0.634072551738721
0.661429391600292	0.663936609935234
0.712680028408109	0.652252728620603
0.761996046715532	0.638934317441060
0.835748650342750	0.653717247746819
0.883812764166811	0.677738788840999
0.978412379767609	0.646207497460117
0.032486694988908	0.702767440514352
0.107934802708434	0.715639574343371
0.178087317455347	0.705574529715365
0.231699239225522	0.726785117420201
0.265348592310992	0.716791433405432
0.343403162470996	0.744838232871806
0.428171696241054	0.702654692813557
0.469088298159556	0.710913544948193
0.537088033897357	0.708318355789133
0.604263437004821	0.706096363913057
0.648442954587155	0.702817789980983
0.698070590168487	0.712765339011155
0.753906139406354	0.720637484563197
0.870311834513632	0.704216796996006
0.876321308620698	0.742398941276455
0.945379282437004	0.692467785543405
0.048431934814651	0.766340387363182
0.094182496141103	0.806875396256655
0.151387238648345	0.793129991793686
0.211499153438257	0.797749266592495
0.263247708225564	0.790261329699485
0.323623946390260	0.793441555691171
0.434982052334231	0.762181829183754
0.497262598000179	0.782240424618297
0.515595070643023	0.785033325570992
0.587835115546555	0.796996789820724
0.629338498519347	0.784383453247576
0.736082672807640	0.755114031636648
0.804697300683986	0.795280889283815
0.864307402863472	0.775719762960384
0.930004209845793	0.770093358315666
0.981541412936417	0.800301595515409
0.038017467240691	0.833447039466921
0.123748761819733	0.870963589869431
0.144237084260498	0.836692519084130
0.217451572323323	0.862604008664518
0.308078268541856	0.846844709588179
0.345363464126797	0.868217113513550
0.380330037064927	0.825951280395605
0.473998349997913	0.866524900496943
0.521907603795269	0.819534931187992
0.581070937220606	0.828853853530915
0.639441863491536	0.835416781779592
0.726647529556450	0.872224074845953
0.766957677206248	0.863209681684549
0.848777012878861	0.819618666342487
0.922588250479914	0.834324619708775
0.987554409858434	0.869641450014231
0.003991216742199	0.895515898029091
0.079915875398418	0.936619472267716
0.168400031117117	0.912928142826522
0.206347513220703	0.916456103771100
0.309076180055057	0.902554280742201
0.334112559261060	0.897806519385848
0.377487043166763	0.903452730409557
0.477261159025310	0.885138078711493
0.554135412747072	0.897679383580731
0.566259676518678	0.931131716161299
0.680839417093280	0.916960888770283
0.727390536945870	0.923816996812545
0.767096777086751	0.926007926403197
0.849340410358701	0.900242326481441
0.900222887742036	0.930191984907769
0.988196296061668	0.884287872121038
0.042581777156466	0.977985404863252
0.108763797001160	0.994507500827780
0.128275020150648	0.973571902629587
0.206768332650365	0.995142827726119
0.257969803004053	0.985732556972241
0.364241865781192	0.993818411995032
0.411121887963643	0.965615683911162
0.465418679093225	0.960481144056651
0.537293097653262	0.964736879256609
0.576825084051659	0.968127470135951
0.628273467926954	0.941349361674825
0.688565498538331	0.993791135695947
0.757749183760083	0.986598870000825
0.822391776195702	0.940497820135322
0.924760290607754	0.957453421336239
0.983486454478928	0.977719934055400
#
0.003980444468670	0.001221404280216
0.082148096863448	0.003517280959295
0.136124322542717	0.035548435168585
0.231738333207727	0.054554714251904
0.311687610737674	0.003606870960469
0.366594879507691	0.006435436591025
0.427573563412315	0.060270325120136
0.484665845255290	0.051444688852980
0.557008527378088	0.011804212382251
0.589809792661064	0.059487925696184
0.678109167126964	0.013300883892412
0.695933605095123	0.014070387947506
0.806441941966522	0.048430030070811
0.817617561916732	0.056413866883706
0.931490879358954	0.037866644177206
0.939399438415863	0.005420664341170
0.059870794895075	0.068635945137040
0.064342576807095	0.116752863423143
0.146408552483518	0.124206870794112
0.239357167605045	0.123790280747644
0.312289369554443	0.105884371146300
0.372367554852941	0.123187412245476
0.430397609479934	0.116420764052058
0.471707848476178	0.122942952191327
0.516835381979317	0.090934286322662
0.567656158136124	0.091728390157625
0.686266185511780	0.072030942467281
0.749362457950917	0.110080336348056
0.809629908805860	0.103185036694790
0.871592530776186	0.101199551989254
0.892205837244914	0.068370016147585
0.969807791429294	0.113447638909786
0.035595186412240	0.142565007267419
0.079085997979060	0.165316799199282
0.131339707384198	0.125501104543335
0.232941151228836	0.175185933080545
0.307976037204609	0.145035124635914
0.343978894721712	0.150003923778423
0.433771422903233	0.153682662369959
0.491534794824322	0.179617699204739
0.528013004112992	0.141394342474266
0.597869263882835	0.157430045212370
0.654958509934358	0.180138254827503
0.740516182076655	0.186436535382861
0.789702780495794	0.174738600235954
0.813561146846288	0.178729046628864
0.919554896546657	0.127828990415514
0.960782911153693	0.182874397912033
0.034913849472048	0.189537662169206
0.106814570022238	0.233195607633841
0.130409277700332	0.211007505864489
0.195122879087604	0.225108214342643
0.296573223746166	0.237062746102936
0.370215589004852	0.195945600544439
0.402084582593428	0.197396075253467
0.440976447761286	0.204296713931672
0.558704161389895	0.202387401677525
0.621192363191790	0.198309997302901
0.631028659308452	0.238495095339253
0.730965397534535	0.217003911289387
0.795929595926062	0.194797871927102
0.819177303362912	0.206522623547125
0.890524482692830	0.232809896373146
0.977854965307716	0.247234900990672
0.032256304963319	0.275538069885931
0.072789922839215	0.280667902414144
0.126643675438045	0.284575697653828
0.194307263141802	0.312256346252923
0.276712025376435	0.272534511333805
0.328043340694402	0.257277105005290
0.390399501138693	0.251987875003132
0.456798524658498	0.250000406274921
0.534458384406045	0.298911040398272
0.612046681166870	0.286737445110161
0.670936732636401	0.310442350295010
0.706729158967321	0.267603390388564
0.775862604443883	0.275952338421706
0.865801315214089	0.308060304988306
0.930430035585405	0.279860328366016
0.941905260727369	0.270713235358292
0.018625042172760	0.353531771290822
0.115110767755567	0.353239374404829
0.185028022562044	0.348184012132274
0.190215523995626	0.356479476609146
0.264046191706799	0.328083429125390
0.349638796929419	0.369146398631075
0.379424599727947	0.357274249759450
0.482009879207357	0.343957251934674
0.543191035462821	0.320007184958669
0.619474876350601	0.314092856919531
0.636156325696771	0.337965649645884
0.726132422738274	0.359624848551961
0.803324116697378	0.335909928651738
0.839930649925938	0.347071113713219
0.900354732808856	0.329581250164095
0.961147886793746	0.343257237654938
0.052744600366625	0.380728817880905
0.079921591157890	0.378786342597750
0.129767800478676	0.417956279993629
0.226827055501478	0.406142660351154
0.278128117576853	0.376945417520345
0.346384078781443	0.419713459744750
0.408982821369772	0.387124252959533
0.468923037864483	0.423184207011523
0.511953862110259	0.427863695510981
0.620837862238599	0.436655761557435
0.666457476351400	0.435401736292500
0.712625655526092	0.396764562630389
0.772097404949506	0.432160495226192
0.829615762999657	0.424780853293436
0.887057278337203	0.397792221517952
0.979372535580041	0.382167054210945
0.022544946439458	0.470975726297702
0.088458190998286	0.487783583955090
0.159442283177502	0.488446092521410
0.229391427749510	0.466369318738899
0.263111245253964	0.498709789607956
0.335933946747900	0.446705570388400
0.379688015616193	0.464147087993135
0.457871899362740	0.489990886458543
0.528099901151285	0.465857282796841
0.581731188159141	0.443777052323282
0.629157819727938	0.488701118677552
0.737014437615176	0.445927114926378
0.807776401444053	0.456630514124206
0.857248592928459	0.481918195563932
0.888592406441130	0.497952281104040
0.965826760154643	0.443892247525252
0.018210224098458	0.544998265245813
0.124307580292064	0.510313595472908
0.145426040432748	0.549313568114143
0.206027630342526	0.556379912594305
0.257948005719331	0.558997634753817
0.341608700072767	0.543185563564344
0.376276215378609	0.523972651446581
0.444677857028944	0.534341242245129
0.558761576204272	0.505767883530531
0.605526500100509	0.559934033851590
0.648108159255494	0.544770844756805
0.731690741852902	0.512718723173071
0.769461291119098	0.527171698783564
0.874696315498952	0.546923039739352
0.881542228731337	0.509268470270738
0.990556346934302	0.508503806153546
0.011276846230327	0.573651285946521
0.093103670682317	0.623424004340992
0.187025312246877	0.579001578040538
0.239971803469810	0.562836609446173
0.279901413093880	0.568191521642309
0.349374073420622	0.599003581193160
0.413687526955895	0.572240176481949
0.486412596347256	0.595432146852937
0.552045905130693	0.618895047444709
0.613693391785187	0.608421230874006
0.678006190949936	0.611242730327356
0.734906902664203	0.581894055901071
0.798971271604875	0.616442764903522
0.836020297972956	0.569384353426142
0.901850078624988	0.603810654409768
0.990718484199191	0.596291513786719
0.018430630171423	0.639026327061939
0.108606470075577	0.673715982262794
0.162038781703342	0.680143295872873
0.240588417376412	0.646940467447727
0.272447920147667	0.637069138424604
0.342009881023436	0.685043228454898
0.414704265969853	0.648210531935494
0.458016845999057	0.639432348168789
0.540186331864141	0.658497705437708
0.608572586770419	0.652888241026757
0.637852165894665	0.667271802866545
0.704755165196200	0.658779430676666
0.796506454655087	0.643385264546584
0.833586682657731	0.635426891024207
0.921181267865743	0.664658256350006
0.980859311467702	0.650862080385760
0.030698419119161	0.735668325327725
0.114127612277313	0.736914786696298
0.182551868346066	0.716023981999844
0.192150202595431	0.693275474871806
0.308516582298562	0.736863914466664
0.313202877994790	0.734718211428197
0.422981714564488	0.730194938975665
0.441799978377367	0.690085375696673
0.518247339500405	0.693407192216466
0.623226727329480	0.713412791423829
0.646465693940168	0.744276211173687
0.725352886272676	0.749295551082305
0.790573846078029	0.724121944769081
0.856883364798125	0.704209703868653
0.903525108987471	0.695575638341386
0.954732674425406	0.742009980543985
0.013429958565610	0.811138275690293
0.082525914117584	0.789752256934823
0.158774979085725	0.793718800933850
0.218941552717341	0.787007576168866
0.308667746327973	0.792528269793263
0.313714153293687	0.806187721899172
0.379791145767037	0.801849757667945
0.494275298885017	0.788197859257506
0.551670588172081	0.762202042885405
0.563707490597434	0.769324061625363
0.655541252832171	0.797529239495059
0.747997730227769	0.783347901022841
0.808400773951644	0.797307509372432
0.857131609208796	0.802693926857946
0.887955458765024	0.783477375553566
0.986686177694166	0.791281166132256
0.015183657120258	0.847043760099808
0.081186797430549	0.846026192805387
0.179596603307779	0.867221503414847
0.194916587266470	0.859309643503351
0.256569876628129	0.849802243124531
0.344609402986152	0.856369638156348
0.420545414391799	0.869342505392116
0.468518746369173	0.869165928203535
0.526801485865564	0.834227888515272
0.603762373235953	0.841357378790587
0.632038879195354	0.873712299085737
0.720449640379625	0.819052033578989
0.765793773174704	0.857766456650632
0.836710287598360	0.829123623629362
0.898576153578720	0.856876204353612
0.938968441231169	0.822015260115619
0.004957407626779	0.928742970381571
0.072183536920856	0.883403780828441
0.182211396137651	0.898411781095996
0.222967288465115	0.923127229205712
0.291593108001187	0.914803371846747
0.327453120600538	0.897594470463249
0.410080308612106	0.897140981270848
0.448880428640144	0.922406492125570
0.543167411345213	0.904864280229636
0.566659708915781	0.904962669744846
0.630678770759417	0.892193754062102
0.718508288882675	0.911402200720949
0.812164599992606	0.891547004492382
0.863866575132442	0.876677178981872
0.886203669305240	0.894120600137189
0.961229655315105	0.878861911071898
0.018715559072726	0.995661215913869
0.110921659590891	0.940726236266370
0.126941917784731	0.999117201514104
0.209321407184312	0.941912879382589
0.283869488652882	0.938928392323183
0.374871412932377	0.983617941830567
0.381259341900297	0.979979080026964
0.449685939008413	0.991506784148283
0.540465787222601	0.977952080671781
0.606794678092537	0.995294624938465
0.681128364869773	0.995653668417515
0.716410400716451	0.982932491878847
0.807096040486264	0.963551825384156
0.853759675922049	0.941691020926621
0.925168560087371	0.980604217776122
0.965894662956333	0.979201033270033
#
0.036257130640735	0.030509412674119
0.123226919502073	0.042710384334836
0.132082779049427	0.049502521823045
0.237724796123855	0.027926076297398
0.275623231360950	0.049728914204689
0.338755096751557	0.038515999471074
0.412412846556961	0.016825338509359
0.485368334786703	0.003542851322806
0.533872325359581	0.058896030167559
0.617204325097195	0.032241026412752
0.685989161414557	0.038386696900331
0.728485577312760	0.050580746593322
0.769718157670511	0.044636778893097
0.861078004291299	0.047058052641702
0.882521606503292	0.057184568634183
0.989230223797897	0.051366867713250
0.061669093003536	0.103133824605177
0.107776613450906	0.088270782833749
0.135195816709356	0.070502985794564
0.221707421130083	0.073780451540086
0.267318756119888	0.095088018577683
0.322836246751327	0.085738015817650
0.396991338702382	0.070065643945724
0.455590113143108	0.093633927237506
0.531822672383120	0.078538723628395
0.573927712018236	0.109715505572319
0.652791497871580	0.119595891998521
0.707367842483187	0.117118055406520
0.808193303148889	0.119308352061619
0.845571660211559	0.082522912057471
0.904010017365569	0.067628431702645
0.970937979342634	0.090492491602314
0.026402742593527	0.187102319250606
0.087573063856706	0.162864190287740
0.145049742762360	0.165634799699913
0.218896287195128	0.154242469004645
0.283728387331061	0.132847479459096
0.326528617489740	0.134758892151238
0.377259057655991	0.134701059886068
0.443849492179311	0.177474936744542
0.518311104348584	0.152219309681612
0.595381976273000	0.141273155084642
0.652296337319956	0.179104527412938
0.748207701457014	0.129942496832214
0.756873596548539	0.126981095804246
0.870807833110054	0.138678578168312
0.897249766194087	0.168807296252648
0.970615561870070	0.179607095937153
0.049764327440007	0.227297080049710
0.107374949536723	0.190555719368406
0.132980523429108	0.248420651230477
0.234432421650140	0.200069920322874
0.251098748442274	0.245740487966859
0.337631315318898	0.188607358621342
0.376636464149141	0.224416491729654
0.462120360540487	0.239454422347353
0.558989775657302	0.223556414647856
0.588215866888807	0.215686321934496
0.685704569884856	0.205293388022760
0.744077556066699	0.242663608673067
0.806503693499021	0.189831765310916
0.847684307163042	0.216177234942135
0.926331386811526	0.228872035639680
0.984242836824675	0.213682100357530
0.054574817024305	0.303900824115588
0.111709345347297	0.271573881390871
0.185463753281036	0.300305491747056
0.207578367500119	0.306016727189072
0.261798018534155	0.308606312507439
0.315454467054912	0.283921416915004
0.436665866101781	0.309722514982503
0.484865326328987	0.257389922977283
0.528809675458774	0.305000421647565
0.572387495196864	0.268458204260901
0.685276365038072	0.264215288876257
0.698461729177148	0.253285018989883
0.775172088359290	0.259288246221675
0.820678965292331	0.276353412284831
0.908872384469461	0.305668564235249
0.945599099477543	0.291854066216469
0.005849363778450	0.333823818994878
0.114949056352477	0.343631756237273
0.174090262848556	0.348106685495727
0.240253700217640	0.350334473777989
0.308242611076739	0.361132050599235
0.369428062300880	0.360499181737657
0.426297781811747	0.352227593795915
0.455322219703305	0.328886413906907
0.533389998069240	0.363108070506274
0.574513144881235	0.332586544366806
0.684418085947264	0.349192240676887
0.707428804472422	0.343450256048457
0.786227771540575	0.315043391951486
0.826049871352978	0.365126423331705
0.884923174091946	0.339323688959545
0.980266935944154	0.352262748531011
0.053929226980295	0.427308250856541
0.102554265477242	0.375541321831532
0.161587939722600	0.379642648448852
0.201094349252781	0.386594674916494
0.265835313799520	0.403247807836334
0.339768821147100	0.387147872784326
0.384937843863139	0.406845421130267
0.494655196830201	0.398918520635673
0.525832047037159	0.390957522835456
0.567084487645092	0.384750766376325
0.680686401536382	0.431832220665955
0.735496891353511	0.389327568732977
0.811914808364100	0.406752567687480
0.859896094243716	0.376310504929584
0.921152727383574	0.387204634130398
0.985003634061432	0.388670324482063
0.026518644567467	0.475386383748354
0.086577988046123	0.476772087882685
0.168923381085955	0.448505460607355
0.217768613590805	0.478145583993324
0.257089766675394	0.492912904401406
0.314665312137144	0.499226173327590
0.401467539710916	0.486591413977810
0.493330515439350	0.467785141306879
0.508186674198528	0.488778459211178
0.615595298991677	0.445320149914552
0.639259796665693	0.475174635453772
0.725754791748653	0.459464579520157
0.794477454760805	0.490279830800784
0.836833284576850	0.472230596941600
0.895523973585345	0.455740980502623
0.982655258917984	0.440377706240485
0.008534858223525	0.522417911755600
0.098637187774558	0.532829662079534
0.152755169568177	0.517687720105212
0.198928255081160	0.506310814236363
0.293339364633625	0.557105282000174
0.348007908055561	0.530179377535866
0.393837642307355	0.538128987371020
0.485024635792948	0.558227038984938
0.538033873841174	0.519176634746063
0.579466062892919	0.553622610224672
0.674271902110025	0.544566556152321
0.687550805276272	0.546850926762994
0.775380015481003	0.561497558039030
0.866958979966459	0.522673285673413
0.913202359946608	0.554376544763655
0.961436524934586	0.539032750917606
0.041732913867858	0.573902504346660
0.084861377404854	0.613510691645441
0.185979054993014	0.598288329719400
0.193654499309173	0.602634601406202
0.264488588629055	0.581154535965448
0.336536864755684	0.583466569577802
0.391702497396432	0.574741532927086
0.473584459491792	0.611111158036187
0.546819586143088	0.599695616570463
0.573481277245092	0.604386318964974
0.645124044172145	0.564812504061221
0.724798529330245	0.619735462808105
0.768242329567029	0.606540328818732
0.819491468793594	0.575798281195061
0.889128368132894	0.599573923952895
0.971423407122242	0.602144416707369
0.058376635729423	0.670813063970607
0.067941219081506	0.684394789655203
0.180137090557869	0.675507805132775
0.220942730950411	0.645835319174997
0.256855920642697	0.635967000928583
0.364557357982746	0.658037918074531
0.427340263862242	0.655395431844028
0.442562639889089	0.673262343534912
0.546308556145827	0.625545280694623
0.573758729416006	0.658019284463492
0.645744141443457	0.646424116266175
0.711311401935832	0.632064567938695
0.760914432178464	0.675262918605647
0.860476129452110	0.637161265872340
0.885561642937959	0.646019973375024
0.969882976998897	0.660864661688885
0.037112490297205	0.730538913073376
0.069731986632043	0.691075540395937
0.160440823318889	0.735797544370475
0.221721423870586	0.726499782462255
0.276718401880171	0.726470168878201
0.356384908412324	0.741011197545685
0.414112704320371	0.741418666757275
0.468534623425462	0.725276600883872
0.511964045496882	0.688741842023153
0.612958624024866	0.705062589204768
0.629854727595778	0.713612389465820
0.709432939887497	0.705961840391616
0.758051661747287	0.703540258593517
0.869211976211335	0.738956540471166
0.904851450679091	0.688793989713605
0.984981517347619	0.731004839045579
0.008849335458095	0.784871109070925
0.081699034654698	0.802660121769332
0.162703487681622	0.810767750357224
0.215193646937305	0.809972904665622
0.303337519040410	0.767383509843467
0.370798025104636	0.806355396298774
0.415815824899663	0.781078813371965
0.472996800593216	0.755397614471241
0.542222682105429	0.807192115184663
0.591905530170632	0.810674046151264
0.650408673324368	0.799932857055667
0.692983353264393	0.779303454131424
0.802171571643481	0.775437587543376
0.816891820462046	0.806255425848941
0.887400640570535	0.754420147453067
0.964724493364856	0.801319751551216
0.023073237612977	0.836832257444466
0.103477668084897	0.832064687104329
0.139253782373679	0.852389658315780
0.249801830417663	0.814545044588634
0.308177057317965	0.860493917698738
0.344227731162502	0.842499322526855
0.423091528904762	0.821886522683056
0.478915812049856	0.862655879795820
0.530598402074095	0.848444363576347
0.574950436045753	0.861106336870256
0.672117277437848	0.823752418512304
0.721946616912481	0.820854359133717
0.774317064299089	0.856559653383810
0.857454021719157	0.857884621330976
0.897587949080646	0.872744912048277
0.990550117244839	0.855244796238315
0.042477168181789	0.924320635208120
0.120799809053028	0.932270777963514
0.152724325314100	0.914775298597472
0.240513820620955	0.926033066655750
0.300575328522379	0.891666050320297
0.318678872122820	0.927612755896433
0.393371802686218	0.875262945075581
0.442914080254364	0.904179163429462
0.509068194240464	0.929203542907886
0.592581903015981	0.935547344415227
0.631662250730829	0.928485663052645
0.723625648163987	0.925790737642276
0.770201297350624	0.934324156623176
0.845804806442653	0.878458761596344
0.894594176691513	0.928865225925428
0.988948641531507	0.918567831754584
0.035108147444578	0.991444413751933
0.098914070543580	0.963073380326520
0.161279855391774	0.993384110958056
0.214679210802349	0.988732631985036
0.307478902074503	0.997881258502691
0.315308189616843	0.977595028462260
0.429435369032886	0.939704108430819
0.496561497361763	0.961560549627538
0.560872252971952	0.978254167110602
0.610081225251798	0.974815493327290
0.660640921190065	0.970584634670076
0.719114159648683	0.981951845529129
0.799310236220320	0.951891970620349
0.868577042331122	0.985751606797160
0.898689452986277	0.972238147726687
0.986284394410621	0.993191507643366
#
0.025955489420671	0.019074030283157
0.070474234775285	0.033477272074897
0.143990394634658	0.037507502618248
0.230004396983423	0.031619430075893
0.279880527224713	0.011674787313485
0.335224485204724	0.042521110498351
0.382662218851657	0.043896849466580
0.471069485931906	0.024632036153258
0.551541542384434	0.003491834170649
0.615841063683233	0.021208005060025
0.663045694827578	0.033921875445852
0.727481333504543	0.022658926192708
0.810666173099462	0.015112982455202
0.869110883023034	0.055960142052141
0.901820319332606	0.027637389276674
0.970418122226353	0.028596799667249
0.033752506650345	0.088369820724095
0.120894900041957	0.072917668922552
0.141231657620806	0.107457637593606
0.208825125975144	0.097542903627046
0.270970720351550	0.079560626578648
0.335806942928654	0.076897488139080
0.405604305378651	0.124031104118105
0.487616836454281	0.102655851800846
0.554108346825025	0.121178666419857
0.593959454439804	0.092572633445978
0.640784320046842	0.077038968203598
0.714194384438846	0.104778202493274
0.799336957247424	0.094768981704202
0.856943363683401	0.115516597752114
0.920891029217954	0.124393710808222
0.955358638083064	0.122258413087637
0.016546455346757	0.139974148030736
0.067549858840078	0.160503415500979
0.168442951292601	0.164392004439000
0.238989848859257	0.161658381484253
0.254956340753114	0.173732735897352
0.360545099884166	0.163386187525090
0.430804906513264	0.140483238956189
0.481797730502276	0.147082225584793
0.553046786296891	0.146153925064405
0.567408867297906	0.163390098861626
0.664943895457532	0.159501519484213
0.732442286763676	0.185131643563540
0.804805898687873	0.179313230020765
0.816058291152250	0.129564477102730
0.905139885791610	0.153751469733252
0.977953044721613	0.151510851594855
0.008456448691654	0.188133551972134
0.069439595450400	0.245279985216977
0.174568263330629	0.198954964132038
0.219404373645527	0.190640871108193
0.311704989857205	0.197030751095044
0.349704453977687	0.189125884368347
0.384642657855210	0.238067349896433
0.472013385203204	0.202854478749878
0.519877910196636	0.232672195833915
0.607550256270345	0.249154911638274
0.684092717331739	0.232610575777970
0.696877761891665	0.230404369994161
0.780184301889428	0.219658364709387
0.865452250172489	0.187880481418776
0.931273961845733	0.223538920015222
0.963885224677828	0.220360428408105
0.054456008552680	0.269772587086720
0.101149215110030	0.279129273817905
0.135366498378656	0.283512502188914
0.222911070822252	0.252346818903425
0.276549729379255	0.269997054657433
0.357525849012315	0.305327854757856
0.404509533465493	0.307125416102848
0.456061048903168	0.267422694746038
0.528700474932836	0.298874420459935
0.606626170086471	0.306181408288814
0.655987624537313	0.253315820286706
0.727778093258449	0.281099901352683
0.761565836920418	0.261603010602785
0.856137842270228	0.250386380386862
0.888535965950237	0.273994057110160
0.963185156497798	0.311701215410536
0.027801957264380	0.319510698378321
0.086548571320378	0.328336302340225
0.136981270773565	0.338405566849025
0.223907325265209	0.339468825527460
0.253581109792246	0.330727271739912
0.367174750104820	0.358623130883468
0.391387728454170	0.346308249464214
0.496937568778972	0.361824033575092
0.506488276908986	0.327089939691846
0.614232470860992	0.347674133133300
0.627322624801850	0.341867962902614
0.748499752123840	0.372019681860581
0.778882969512228	0.350770418017234
0.867380944253500	0.373574778160796
0.888820909330696	0.338076187973045
0.945797941154637	0.337256525459759
0.032156835303096	0.394252736780735
0.112366931510010	0.400239012821167
0.143761894699131	0.384199223905266
0.193068594236525	0.407541957531367
0.296620444929372	0.405930159868074
0.352056158555685	0.430588076864506
0.408801705700765	0.411502035066719
0.445872400176216	0.425341668172120
0.544709517063389	0.384926851215406
0.601144408845260	0.409737069444320
0.648191489270118	0.430835295350602
0.702131978137682	0.432954769900640
0.799366736606897	0.380239084524275
0.854641079897909	0.405691790197904
0.929135513198943	0.406409470968393
0.968272534773749	0.382758175912373
0.013318723158054	0.478127111079084
0.119366540397603	0.478695076768914
0.154100692852307	0.470925226582546
0.223320152327842	0.494322132696240
0.272507571533208	0.485707088195651
0.373604751744681	0.486654580276612
0.409025561858207	0.473244924790516
0.475323182524956	0.448936070667448
0.504560690869009	0.438717566110710
0.569482320324630	0.495058488972732
0.651137239393112	0.462525773551903
0.716162670759638	0.477756048562065
0.768612780568915	0.495309549964804
0.845488139639606	0.478346713726257
0.936311447788917	0.455419472175515
0.968891006828959	0.493809625839654
0.045299182991218	0.537857017415892
0.120108001980723	0.544973385618062
0.138699741760781	0.554798878727550
0.225783425421287	0.532629565168784
0.301511359573112	0.519739202592112
0.371125939708698	0.531068317279236
0.384587917551884	0.525594949437211
0.456236964488923	0.533414343918188
0.519640725110574	0.520611181467099
0.607975702772493	0.550491036655263
0.646755004714186	0.547276316847367
0.745659170976877	0.553117971370373
0.757335399613910	0.502813835585330
0.863043890797543	0.551036963731408
0.892871705368248	0.536436405346947
0.972377039442043	0.504510407555385
0.041163633237864	0.613958756291298
0.116255008482550	0.609166323712949
0.177485216624915	0.573417437396342
0.235607668928711	0.564752310995188
0.285890713167817	0.565975299018546
0.335328602935846	0.575536689374837
0.397719645630619	0.623745931719603
0.474858618713882	0.563509404397572
0.551313286702804	0.622945144873915
0.613114863413064	0.600679111137446
0.631248368330125	0.613848756137618
0.688708540998331	0.616067831213253
0.754898979984550	0.615348300472332
0.833430295101933	0.608882826909279
0.937490708660332	0.596192964535135
0.969234346026609	0.597834772773281
0.055399515664414	0.673209988232285
0.116093071408359	0.637051404907729
0.136483712764802	0.681443898151383
0.206406632311737	0.653360584015227
0.310061455718256	0.646693163832927
0.343047636670072	0.642220841011666
0.401332023734304	0.648423609125527
0.445828579309939	0.636138070610151
0.558283954814143	0.646910998873508
0.609217261397098	0.661335770442112
0.638885840951439	0.652802958974569
0.742946635304356	0.672725974025723
0.796678044611280	0.673209863158574
0.828305249921001	0.684211117578487
0.897392959979454	0.686331006319688
0.999915873238914	0.647353039492120
0.006189158624315	0.745740146229682
0.086340871092128	0.719692222999803
0.178508676149884	0.746651026463171
0.201781272513159	0.744648706312210
0.259340327147939	0.743510756523700
0.366113834066459	0.687504504006939
0.415267319762559	0.741337348253894
0.483465046938151	0.728510362134783
0.540797129195602	0.726302561097267
0.603220813073153	0.745543742187564
0.641841517532440	0.719247128996474
0.730137628513071	0.711985238062214
0.769650122155354	0.712867159547835
0.869254028205004	0.705543477834562
0.904871489917830	0.744812338611766
0.983932128914500	0.707860215193443
0.019981470167400	0.803707589582472
0.116257145343990	0.773778666878650
0.163435814125332	0.753585001454592
0.239456920023532	0.769341049196511
0.272554404238484	0.753269390422099
0.374534900547479	0.780979984301603
0.395202664750443	0.791198349974863
0.496279022451788	0.785323495140840
0.500130714921428	0.802067013862442
0.622867216777608	0.809124847684085
0.660615135967525	0.810367203360742
0.691149192062707	0.790518367032175
0.795997241202508	0.784887291135357
0.862018378783138	0.757738669113661
0.925408229287227	0.794211861425827
0.999154841658113	0.810983806033266
0.051513169060115	0.862349645711912
0.101247896987770	0.846061635639300
0.173598817517305	0.859441675984287
0.227511946121233	0.867347194083814
0.295979485624931	0.844867751577373
0.369385507873233	0.838321039139019
0.393675004238304	0.864892423819958
0.495596673804241	0.859798345536645
0.535283172554984	0.856603874427756
0.609258019638191	0.871948366169107
0.640771445298049	0.820220198324001
0.736875143248326	0.838016709144115
0.753811533942076	0.867554561553419
0.824621417708025	0.864425436911272
0.918643380117985	0.858198095283750
0.971702902542125	0.833837233721590
0.004214261674023	0.932275036770682
0.091494466359493	0.882153866348591
0.141665782201259	0.904995973272597
0.222424219428777	0.926609424071296
0.285535065931160	0.897470604735420
0.372372936384024	0.914796721752453
0.430607623491811	0.892785272637914
0.453252021852707	0.932930166293618
0.539959400872458	0.882508087308381
0.583027705976979	0.919867896790935
0.643832868929913	0.880216172446431
0.707433884560581	0.920807568148781
0.777516207067533	0.924526176368707
0.830264913708150	0.887938871240578
0.917097651147539	0.930710377228262
0.959441496064407	0.882443278302076
0.040089293130461	0.978241055005519
0.113683723754642	0.993761396485209
0.146587274653508	0.959631224007958
0.242027613041463	0.938432698109172
0.255415417473511	0.983299095368897
0.320585416515378	0.979789624393403
0.400671212285098	0.959391692993089
0.475496480992412	0.997749537505500
0.546388650352924	0.976452077820769
0.572147676301456	0.948055577976176
0.630444920084659	0.972748595196230
0.694769806303030	0.953132193699277
0.753592892478009	0.950550916243939
0.847134750635511	0.996888150125600
0.895453926020524	0.942934178835813
0.943976223659463	0.987490276759488
