0.043087539535036	0.027297407656977
0.089019773344980	0.001390628065888
0.165487423679556	0.022241171600120
0.188214097608746	0.040925114250492
0.277251033526205	0.009647717206890
0.325880116247777	0.057537995001194
0.379767794788877	0.030777719024517
0.477778109163693	0.051499236750882
0.522350537188433	0.017573230729339
0.614321415019064	0.031150548071286
0.642918975140298	0.060678295805277
0.715914139807204	0.044908670937272
0.797871006867585	0.019898754316359
0.835357881753090	0.016386723018691
0.929862869392350	0.038623699636344
0.987544531130708	0.039306600179827
0.026298842704575	0.080693060361825
0.101720294196676	0.099438285681987
0.154109461923737	0.063009613120931
0.202352974887437	0.119649082348251
0.295875982857746	0.103489165276636
0.363650864133064	0.116559184794677
0.394451777469821	0.071129885213131
0.489352125439176	0.103340547264866
0.509003533125274	0.081379036845495
0.582440578587107	0.124920097805425
0.625933630872386	0.116127753526351
0.702453502602864	0.089795770784792
0.753375995410228	0.092545259954651
0.816608626149038	0.108462204279719
0.890615298576447	0.116973473630374
0.999283495679098	0.115106200316829
0.031390506999774	0.154746286970853
0.111911795011701	0.163108400980269
0.164684060329963	0.152239120993702
0.237629542575481	0.126459206862249
0.284808951088881	0.136005673516427
0.339930781868154	0.182161984978514
0.436727198233532	0.156262248354327
0.476592891393018	0.145257937872144
0.533303252807423	0.153300281984452
0.621732682134428	0.140925579431566
0.686777764305421	0.172957638289770
0.735986010211866	0.163293487139347
0.781528338506242	0.177351132076548
0.813300685622567	0.133837884003026
0.902073927913926	0.144997630869620
0.975592847631334	0.138024753617478
0.031278505099187	0.204411893548540
0.107071813642879	0.245577958469647
0.185889583109736	0.212715170541246
0.225743823577241	0.238856629189420
0.281160396210887	0.245592985170217
0.362640727512222	0.247940500557409
0.404617893647430	0.200537333224327
0.487229032016995	0.192270890010351
0.525098968521366	0.233706083581482
0.588074723657471	0.189795659040635
0.659437890070709	0.235255543619337
0.735505280197948	0.187928613260837
0.806499788900022	0.212332519431909
0.864787686279111	0.228344937795970
0.917997895837295	0.221221471606107
0.949494810704956	0.227420511650252
0.045279796434981	0.252356707497350
0.093627360511135	0.286518843023576
0.176964132389278	0.252490722924120
0.249206706473885	0.267243769402207
0.308281388307405	0.311667928850317
0.319275954856252	0.261081007108111
0.434967888169332	0.253115311818690
0.497914944891332	0.257529524244026
0.557693101624654	0.270120849255501
0.623961138596982	0.304280232810830
0.638577339955624	0.257275171856111
0.731639897301011	0.275512149010439
0.776858329808306	0.254751232191862
0.817397472144197	0.286212984277218
0.897182402424440	0.279418944882792
0.955731282858930	0.280671919208409
0.024234738948693	0.357549658332148
0.107643369784961	0.367686298645028
0.160824736443075	0.315281178395446
0.203427785632882	0.333852971865296
0.293409061788327	0.359313168966750
0.325214626896245	0.341576800353727
0.380663156176024	0.365941439345698
0.464905654042937	0.348523813672020
0.550721689502993	0.332153511034477
0.589390568586972	0.362412302067949
0.663930544420478	0.321614718517897
0.739191446887374	0.373796737185050
0.793029528397724	0.359847272058797
0.847616252206526	0.362731408048475
0.905032177229885	0.315341065070904
0.942263601101531	0.371128655576293
0.032223299153201	0.375736214278903
0.068872458812285	0.423311592498401
0.185309382227787	0.382580595893106
0.197014060615798	0.377480210111239
0.283093022263048	0.390350271165453
0.335671312908682	0.401602317352454
0.397352946156136	0.420665945519150
0.474153839293088	0.377377268596873
0.542477041871165	0.434296578590129
0.589981841802942	0.385912920598270
0.633172897230990	0.428612523506422
0.707355463212555	0.379391942683582
0.786293803096934	0.399812288762725
0.822119720486137	0.382303328720691
0.882636387484995	0.422292963263414
0.949543573910963	0.411511220293821
0.053357864858899	0.466108917483620
0.114775717125106	0.481966667411492
0.146144628704326	0.460150646865985
0.216557817700449	0.494061054878766
0.261843887204152	0.482513488091648
0.351687461423382	0.499153990196449
0.380273753152642	0.481649836084491
0.494978890898633	0.482932114373062
0.532589948874686	0.441626608867461
0.603024391656049	0.490788903754621
0.650440663163420	0.442177339167026
0.694366132289140	0.460969667901744
0.756016896151359	0.454395848228455
0.844784482768104	0.493334814860913
0.905535078032533	0.498063484744766
0.971401819792553	0.472012908467910
0.003385723700255	0.552010713986706
0.102720733479415	0.551061391071082
0.152255780113571	0.546370858191832
0.248006614317537	0.542552428053471
0.273805112787244	0.547602994655050
0.363722897728724	0.524269100939103
0.419212958407405	0.544032877204947
0.445351652861073	0.521839452985288
0.535746057744428	0.517355945212733
0.603492026343241	0.545006529962413
0.657552127777611	0.534937020748606
0.746539456870882	0.540583221949773
0.793015720565574	0.557622272156324
0.845202949589631	0.518334418655917
0.877835157080632	0.514587831555886
0.993902587941592	0.533562337550931
0.028503451342928	0.594156602899697
0.109152902816225	0.572625680814410
0.136779875744665	0.565781077094325
0.197169463225214	0.608425092501199
0.308918433655966	0.567070157486496
0.320110419257570	0.594132447346144
0.395869738368986	0.597544577373784
0.476390160556508	0.584982886610083
0.512564321575352	0.596528739690904
0.569185031928747	0.616294455159524
0.683485993983570	0.590157461955714
0.736147102707449	0.622437893004957
0.750699639320536	0.588916401632343
0.838568502097290	0.622278478650790
0.927791750420069	0.589672977518563
0.973437944813850	0.580378445990006
0.039683662233218	0.628938204711638
0.087563580038856	0.648258526334716
0.182347327702410	0.663702949046554
0.191488868877988	0.671439250330776
0.281990630777900	0.629761549557969
0.373780282723317	0.634944325300736
0.400142238379373	0.628974180756829
0.466537029125387	0.674423008892202
0.511800993367634	0.653573418639385
0.613872565020894	0.647657782950592
0.662057874165372	0.648909718080286
0.687788579482070	0.660623490032885
0.786415361298461	0.686476701550180
0.862599303390039	0.647452626164293
0.885076442895824	0.673825459056842
0.998635531039009	0.634602755703289
0.050180565373781	0.709873278019338
0.064456166816399	0.723530922660961
0.167521442514849	0.731847006721503
0.238236605579904	0.734732519351466
0.254866538846951	0.696687499005158
0.315610729056785	0.726608306498758
0.429505866295543	0.706905012358191
0.451446165435819	0.705353771908058
0.524334559935805	0.739143900308792
0.568814346888409	0.714447509081673
0.666052883223992	0.745330022501370
0.739217831983515	0.702248811725236
0.800161349380543	0.694401864968101
0.839036572396065	0.709139158459529
0.937173874321085	0.699649808872992
0.946381040603477	0.699144621498800
0.034343082989646	0.784353364587145
0.069309463857047	0.801513741197766
0.128875196912297	0.761477711525857
0.206322710034163	0.810142824425745
0.296576006989129	0.794538652505618
0.348380491116755	0.762670374143676
0.390104770853092	0.778118422610713
0.479814776462110	0.765168411966336
0.548120430652779	0.791783270188440
0.567872194720053	0.758310474602811
0.656480765515934	0.811086426445070
0.689169997058732	0.795535912660541
0.795034611957389	0.793402530917875
0.840520957578677	0.753845903950591
0.894915626549026	0.765302425879706
0.944977999579273	0.770998046694672
0.022933809441266	0.865777406824817
0.119665470351387	0.848175011132419
0.173466506760094	0.864995022622169
0.239696477479231	0.866825123097358
0.305498170810286	0.859723105091770
0.318545941075670	0.839289400412652
0.400260384797063	0.820900803317409
0.442511487811574	0.853561495600399
0.507373933129100	0.874249413623882
0.589964799400178	0.847815154506898
0.641691464599965	0.825729185631086
0.711058833496309	0.850892047508595
0.782000449275249	0.860618394301417
0.816182693729336	0.818696815551072
0.921709656580749	0.863780847849855
0.998332626549721	0.865192934140841
0.037319229342351	0.882129811989057
0.121239741593888	0.886267229742666
0.159454863613810	0.907911946102491
0.206953417587083	0.929293596853221
0.299216181342308	0.907524930524529
0.328916338465390	0.907263157125507
0.428434988598091	0.924855310423266
0.446684990895257	0.917794800999177
0.551103501126893	0.904750668770808
0.591815535902701	0.908445403962616
0.673139154674867	0.923701621996286
0.719313583577008	0.911546790020435
0.773246401518873	0.897141115090261
0.865424355242384	0.908822059013490
0.928488852861568	0.883824496284668
0.961331710021205	0.898100958618592
0.006058370273923	0.943275972256268
0.111901987981261	0.939601860606252
0.146256184457745	0.942616794230444
0.235266390689711	0.959812417384193
0.266724169665650	0.961874691207631
0.343061632876764	0.995857493252460
0.390864662524165	0.975127515624656
0.494772297227120	0.991157059075464
0.545230880797662	0.994417019128897
0.574553111017927	0.969968283702030
0.652739612421193	0.959852321646142
0.722357580679203	0.940403554807511
0.783630284692308	0.988166108782908
0.856467007116640	0.942237276730532
0.906532573753859	0.949907378805780
0.941743781048978	0.978881945013740
#
0.017618558781133	0.061581406698465
0.091351097529137	0.050213548992228
0.164440641057897	0.011693684838059
0.238704563377822	0.001776014309557
0.264661207522070	0.003818782265605
0.374868767699778	0.022590623737218
0.433029244041659	0.014160946058496
0.476061736795484	0.018877000697860
0.525659266792508	0.023572163050662
0.583466994988492	0.050018518519941
0.683128669842409	0.055318227545432
0.709573176621826	0.005634758229864
0.772307502256545	0.031187673630469
0.871106490084461	0.043293313395300
0.931312737271961	0.043685927618920
0.957644645667785	0.033761160223224
0.012280793528720	0.099941836518688
0.097552584477829	0.122694945602607
0.163190735833065	0.065399087616917
0.202605692222157	0.071671131811261
0.301016072870934	0.078963012060025
0.316942870705259	0.067210635113230
0.396748111137247	0.066538048748984
0.455747812321234	0.063275562526722
0.550407891435411	0.063962979024268
0.576450099895347	0.073000814724481
0.649354246756261	0.080562948297142
0.698495613384525	0.076435512415235
0.770675316079444	0.099894112188461
0.818117541189566	0.105632949324938
0.911372181953367	0.119189127288803
0.952642459425876	0.106862733267332
0.047860138100307	0.125346013985189
0.121872305403667	0.130709940496183
0.142695035091065	0.151258500051628
0.189354720322149	0.158101167770359
0.252651290866814	0.148596546603622
0.347723783758754	0.170385875706069
0.412447418182261	0.186676247117966
0.482996279762708	0.177031770666254
0.522126252913644	0.169957088142391
0.603502530221246	0.155639303578795
0.648752374361794	0.165217378971916
0.694257508746641	0.144003059734009
0.805553940661613	0.185086856624714
0.826873979243537	0.171223575783946
0.930982735064692	0.167639324626103
0.944882504119860	0.136193307395720
0.061599367167009	0.219399242218211
0.099050910220610	0.230654792855646
0.137997712681069	0.205051774817997
0.200441721058553	0.244204663655652
0.307238606050899	0.206040151363364
0.334458957358603	0.205917266172687
0.390439053811817	0.218436424933243
0.438166539272216	0.223588509144282
0.533672600308473	0.206703772831057
0.569035473790494	0.198850202740601
0.686206127240138	0.211765375939842
0.706850462583092	0.214554372482713
0.777224303433258	0.222223498910252
0.842101021996839	0.198183087067023
0.924939664907274	0.248762029557550
0.960368700141639	0.217291006083202
0.006108322837066	0.274776637792768
0.082932537935658	0.262706236625720
0.186536378736267	0.307355076757342
0.213538317001317	0.306395475940405
0.312084354096345	0.302900523585361
0.359761454816270	0.261153871399852
0.428324977981584	0.278265610809500
0.493344089713261	0.258031086299576
0.528719287037668	0.304245881559734
0.590020553317159	0.268492140826069
0.687020266064680	0.259725495360262
0.706775052244606	0.278651789477712
0.782811338075043	0.280089103885714
0.846030748733559	0.308884840079440
0.876551501365973	0.290380833621691
0.963264962300487	0.262021796591469
0.011486362814085	0.353145461873651
0.094901376818866	0.360852980284452
0.141658520650039	0.317548497086402
0.213057616629651	0.314839274492077
0.309701226651017	0.330009750749452
0.329261411756571	0.332057170283412
0.417017079783142	0.339878191392025
0.459494873158865	0.318794795750010
0.506966099799486	0.360155665472302
0.596217678096429	0.369503816035461
0.664803687361373	0.362890667497504
0.728755381244411	0.373501994966879
0.769358517635697	0.341232771468054
0.813235495559810	0.373912692389896
0.904761846024138	0.353933508168308
0.976748572627955	0.349783878229159
0.051658534384137	0.383305868281356
0.093216611050469	0.376145018032087
0.176873662608413	0.434970514600857
0.220675652781659	0.405763771493981
0.305650699809345	0.375146293285104
0.325782812509170	0.433367308155486
0.394260001198682	0.433617660454735
0.445765336133369	0.426126648305479
0.508504847634119	0.425298491620994
0.579459969511246	0.381343960166872
0.669499608290964	0.395799828829081
0.747609104582250	0.401887892824455
0.804373933655297	0.395979119367776
0.863224345576769	0.408330417347800
0.886618981446167	0.415914141538882
0.955904229519284	0.421617941825329
0.046966138990704	0.475340464947010
0.081346759256871	0.466662736485401
0.156631245197875	0.459998301934101
0.223929495704693	0.487044366189987
0.252961586332056	0.462367609862091
0.373574263619626	0.490122171771392
0.376478783481051	0.486142311634878
0.469170759468496	0.464522980538202
0.545077308950149	0.481925276394916
0.578977646673791	0.491047398112376
0.659086423715713	0.460314471629172
0.694155933962706	0.477265099465676
0.758607737852984	0.439834482939293
0.830932443179989	0.451145445509149
0.889081446951973	0.487277730685258
0.959308652707098	0.448299084414216
0.001625656499906	0.541501342968899
0.090620390699040	0.550867056223999
0.161633820630758	0.514682495868109
0.196098350514331	0.553854103809305
0.285422590249316	0.523160099930400
0.355541303734770	0.533452555661428
0.434406209256129	0.505576343247801
0.485554553113890	0.553565038555200
0.535418760083364	0.548601730432385
0.621170073557568	0.511034507947283
0.671937187213203	0.547057257481398
0.721105883560634	0.549325878670631
0.803475625548972	0.519623683580925
0.826158267201660	0.536779072930054
0.890535019923825	0.516124180274462
0.952406686239389	0.551200685816282
0.010313735127638	0.589428168072931
0.096318177915834	0.573642180332947
0.141029636277475	0.597050573713973
0.209830477140455	0.621765341390685
0.295179792501191	0.610319031631881
0.314135399996684	0.580303151339247
0.426144156500498	0.596133468142043
0.482419498464423	0.618727669060167
0.530924645783595	0.571611191657514
0.588349222924642	0.603047338498418
0.659820397858233	0.591962267476940
0.713660159445405	0.577263736271361
0.804649166688241	0.613157546741575
0.853786902351721	0.613849984712165
0.901559474433088	0.617861312375837
0.959397291726060	0.569024324593256
0.000450082152488	0.678198535691644
0.077568063457745	0.670908690251738
0.129558918096488	0.643418767421022
0.222941337787300	0.628816327532128
0.257942253914765	0.673918305776645
0.348740049631740	0.625483862226360
0.376515435608224	0.666718502480471
0.455383396784399	0.655895235533452
0.541296667341678	0.651652635459707
0.609808334888031	0.670889006167042
0.678544541804247	0.634403104401287
0.702538154353397	0.642372655613551
0.771867734850819	0.650695853625237
0.827845207404542	0.632362624588391
0.928899853822985	0.662419870519061
0.976250171306601	0.671100557516003
0.039621696612942	0.698131571671840
0.086671746603486	0.721558491721879
0.156033508283094	0.740243737176117
0.223560545805623	0.705447094475489
0.252920131592643	0.689485262104889
0.359013197765223	0.731925935247430
0.429215843292586	0.731724392283760
0.466695463451719	0.709677620766959
0.561450730223197	0.741054244206416
0.577191912150521	0.693009882933812
0.667059096168275	0.744921452641120
0.696384919925799	0.707414046269239
0.770680422186428	0.706041843591035
0.825543444068298	0.735827695269447
0.915993119832360	0.741708869170795
0.947188711465497	0.690259420721037
0.023879071543081	0.774121521715802
0.072860401562732	0.754001781607280
0.168710670036662	0.799982619105136
0.211761864868286	0.754398581907595
0.312083938595509	0.764803799149185
0.324313501553683	0.774291042797102
0.431918179280338	0.801398275097343
0.492797888187994	0.767277410781774
0.544024591155239	0.807067003361780
0.616191801380178	0.788750077621371
0.643438947376781	0.752831936625375
0.727686885535411	0.766311873307291
0.775527488635394	0.755151879509248
0.862940138348597	0.761519470865959
0.921357343740844	0.780940459655468
0.982397637107619	0.752405681269571
0.026367987643198	0.827106823464182
0.097812647241008	0.868256475862175
0.128494801160645	0.823505662253244
0.215820338539970	0.837109918609986
0.295951022384328	0.868234047067988
0.361993028386378	0.828887267085697
0.426603651966807	0.846314553368444
0.482614710064399	0.837922399607585
0.531563390432057	0.864216108178188
0.603188634641280	0.819536454933588
0.678144069648265	0.863772524809179
0.745504849269172	0.849603757925705
0.796413088795709	0.862293698429082
0.847650551638252	0.825100267949188
0.882702882912756	0.848189280856910
0.965530593420386	0.871497027094941
0.000477373032593	0.931852001244401
0.096631936751453	0.896943401855986
0.157744199787323	0.880907261570894
0.230985841680315	0.923280013896474
0.278576267758868	0.881108775809083
0.351699576154747	0.878608430081771
0.384610588679116	0.914471925172715
0.477128672379099	0.885963614377767
0.536753063215118	0.929831767525718
0.585715636921980	0.927266119816868
0.648823199944762	0.934781770788781
0.724281473283023	0.915003847631161
0.810942860931028	0.917182352054441
0.873463365307186	0.933880631738315
0.928991170976425	0.919510273287774
0.997840512616173	0.903689355785304
0.050373584029235	0.945317620631614
0.084940261765719	0.971847223620710
0.147656905586519	0.943510820595783
0.198786877025568	0.950480681585143
0.304592005746577	0.948579397287937
0.340217176351048	0.991366470070525
0.427515328903104	0.982342329177736
0.474975132450339	0.947471025285770
0.523271655698370	0.951935438981032
0.565220613848120	0.989645434322801
0.630579485282786	0.946205013608258
0.712445230680156	0.991133916975496
0.775572747536486	0.988891863450732
0.829186107239613	0.999519659453542
0.901402869297052	0.956249059691618
0.983947541910211	0.989535625861500
#
0.017165789442874	0.045729141853105
0.071683013668326	0.022048982418386
0.128289168788653	0.024476103941439
0.245041869157586	0.022270445236883
0.291821799585438	0.013611816425950
0.372503158606706	0.052021789871394
0.402388562367388	0.036394006348307
0.448206398973290	0.052921918902528
0.517424026697391	0.026436709455782
0.566574541721860	0.025533675454914
0.666375688897999	0.060349447317503
0.691523342845385	0.040691257041924
0.795695055854319	0.037377119815181
0.846347028310142	0.029646663103985
0.926177587954136	0.046375439003779
0.976206729459508	0.046072491295303
0.001286919520071	0.083746892026683
0.083674994709709	0.115987374648915
0.166363793274822	0.097930490993413
0.235349613325752	0.093674163326778
0.251666386466628	0.118479583672825
0.347895600564754	0.100920334932958
0.416137603412182	0.117000384792802
0.466124608799262	0.070701587714302
0.550406726394525	0.114826051443193
0.585866573650475	0.114565127730501
0.665224284292251	0.100196481283683
0.724309921098596	0.071583671948543
0.782491656420750	0.095666726273058
0.869497648511780	0.124951370627957
0.936148544234724	0.114829865209137
0.989426145444025	0.066013066171672
0.007837616927651	0.157783338880465
0.088664829460593	0.178420738344062
0.171755565035682	0.174750184680976
0.195699264952144	0.179102467589337
0.290546931728732	0.172129488764827
0.356851369327482	0.152034272082274
0.390686148635737	0.135611886233816
0.445253248648428	0.147363397720005
0.512649481071310	0.183767329405823
0.609194252592673	0.145268006458708
0.636561821552241	0.178790938674656
0.711640509753288	0.136515639448542
0.769497884296462	0.126531333779341
0.840989852563592	0.159048269816336
0.881986295864216	0.167620992909097
0.950750505452918	0.176947158598794
0.029620509674335	0.230393476546834
0.094376951347077	0.242000710959430
0.178495955447665	0.204266192366315
0.234709730120890	0.237750836819818
0.292975046463654	0.198644846622167
0.348346881620434	0.199884040924344
0.417034943059444	0.197604270392355
0.492547537169314	0.223942329460742
0.503369269922462	0.226664109630316
0.566895117358513	0.224157023906977
0.636275176980131	0.224675108949229
0.704079077204591	0.208224457009515
0.798956966242743	0.222462191036311
0.866326927874779	0.238500777207315
0.902793418084107	0.220364689907377
0.993156944647351	0.228993635255958
0.002169469502910	0.287264432679458
0.069913149740294	0.278203175831750
0.143860127752149	0.311821699840790
0.214209938850070	0.266845610098528
0.294333380118905	0.255791666598709
0.330257047641267	0.292913199907149
0.409049252812762	0.288904150462221
0.455638833915731	0.302273565755406
0.552800536822830	0.307474141604610
0.595182448938764	0.259750854153477
0.656558113980353	0.294572464026178
0.705996097928378	0.280625982624624
0.777392633745888	0.297303060779186
0.821715242857280	0.305707161575138
0.929683461870808	0.263343403977538
0.964405967365463	0.265045576004788
0.048609724905367	0.373145528471946
0.107552129014524	0.344039237090396
0.126360897498988	0.371189499127490
0.212226967522229	0.326362779832879
0.273103566772911	0.344717767839254
0.341843164969316	0.328190766918867
0.391053852381546	0.317795996075216
0.473268339316889	0.331869303209677
0.522333977225314	0.365991782162104
0.567539028126057	0.326513503972444
0.670767476603684	0.337629734558898
0.689204505485065	0.353640940632005
0.774484237778113	0.320108691683297
0.848661931443764	0.368357845405898
0.905076671544247	0.349028853795381
0.963980772611448	0.361244796815735
0.033432845470596	0.433783633546271
0.083941587251947	0.375039835242215
0.174297665621107	0.391174975800951
0.236166403392834	0.402312976401838
0.263035346902449	0.377506689838485
0.369143387621535	0.435480880856160
0.410768081355087	0.433783566214559
0.490471939001109	0.411259626847170
0.528083205957218	0.383827115469339
0.600824553950416	0.424180197817432
0.684270767363317	0.407165781791477
0.700550842553040	0.421828818620259
0.772209394058960	0.434084667808862
0.824980199834677	0.382834681558966
0.889753187238763	0.432403763493035
0.993988224507540	0.410327014317812
0.004252779604111	0.455259562808848
0.095683206520784	0.476100913607190
0.129720596714113	0.449904876138294
0.192889239698506	0.476191345858665
0.258148758557660	0.482843577581305
0.369258058663518	0.440637769032767
0.437266547873096	0.471332579466126
0.498944193750258	0.484665435313286
0.542582866745671	0.441845244670833
0.565076483443281	0.442326925026678
0.664188907840100	0.457294987359153
0.687794316574650	0.441225596209691
0.775255252394768	0.452555156534667
0.829579663554225	0.447761324396767
0.914174580024363	0.450438855873756
0.938127198329458	0.471678622773424
0.049937608619788	0.543179025694420
0.083620717506535	0.520334626159825
0.127137364951111	0.520506702863031
0.210783164517089	0.562182584675537
0.300674452996621	0.505144716998363
0.347664632915441	0.502759104231433
0.405877044649883	0.548108822007922
0.495209232801038	0.533290886109646
0.511476382252056	0.500956317977620
0.569350884195732	0.512928509985895
0.654928189127224	0.556196309944777
0.702485742589339	0.540563839584488
0.806878753980128	0.549231523353777
0.859324609245948	0.529405796732615
0.900402350691823	0.515563689452378
0.943999935597880	0.518670635738799
0.005256892285020	0.577546759221015
0.083174315125955	0.590951808618487
0.135423590708041	0.587221946223807
0.236815390494143	0.563488086351074
0.277264983064906	0.613749832290632
0.332793745638987	0.613394196695507
0.393662369610663	0.591386152729133
0.443032047959983	0.569291119290700
0.518859421169353	0.623355574730866
0.601292422690613	0.622540664349226
0.630633724825604	0.579296215775957
0.689812980054369	0.570378571197595
0.752204408040201	0.618786075194666
0.840643904775065	0.604787686995065
0.890161606137446	0.578593169779306
0.976383590716027	0.576687369091480
0.028011271329134	0.678727921358363
0.078518986691143	0.677097886143508
0.144906208898734	0.685591286673581
0.236223411612148	0.675608520131351
0.299564619967613	0.684381835816750
0.321764216527637	0.635204798340612
0.377802452640678	0.626135135710038
0.448482593844175	0.644186980226470
0.555082695411421	0.685357936642915
0.619044001110956	0.667380698850001
0.681458287405306	0.668518342175176
0.698941300814958	0.659987569692891
0.792920599148590	0.663978298523924
0.856302859693836	0.671567467939823
0.893572803983947	0.683849221778533
0.976959628556962	0.641924566869723
0.051694429869925	0.727319112085928
0.076791330345858	0.688202644261928
0.131878982095951	0.741753518113809
0.247685837748038	0.749858141207336
0.301119326494778	0.689416937312208
0.315774871721113	0.715551268927066
0.390232511828708	0.715312074992762
0.464958364514159	0.702105106512808
0.549877892652847	0.717234024202855
0.583021477990090	0.706705551395241
0.629583001065087	0.720749097345571
0.702156908391546	0.704496595052070
0.794970511236454	0.700393472073575
0.874207901142470	0.747311945523790
0.883118855143110	0.724071192971098
0.983409675576470	0.725865139052823
0.037076793881617	0.769027986873763
0.100109866305164	0.790925884221430
0.162764314047006	0.751325039557141
0.246106711826545	0.761170432643539
0.275056669377968	0.797946126778947
0.321739131237669	0.793071058254123
0.427841208945690	0.765751860399207
0.479430798756525	0.793605984868157
0.558020887356955	0.776136725244843
0.586509585036898	0.784743334887839
0.670943873392172	0.765992326170903
0.724857346803732	0.766106086335752
0.754313539321724	0.809014273209966
0.865375580263877	0.767262260026127
0.927130025474385	0.755655133908884
0.945743259219044	0.783859031428317
0.059174494395073	0.817147204056882
0.087203134060768	0.861921411397499
0.158274696623738	0.854215026100682
0.219883150297656	0.864131295861823
0.256759117475422	0.873315414136931
0.347087574519587	0.823309011919962
0.431936757463132	0.827145347869872
0.453141926413086	0.863662097644099
0.521796116203022	0.865711739677519
0.622360210021110	0.838856484557934
0.630588798886884	0.844576694107865
0.747630181488961	0.873017239049197
0.779268841673450	0.850353852156050
0.863171032801776	0.843430383443700
0.919150298471598	0.855607093481954
0.969181958302316	0.823401535994700
0.051441251443220	0.891665530453125
0.064145201497396	0.911517905982099
0.135752675664437	0.875534310937052
0.238458501303326	0.935594318827054
0.272753091839900	0.881056241561555
0.351344995005952	0.934194086235178
0.398112350279841	0.905072316214226
0.486460089331134	0.902471559477847
0.507392937406523	0.903892961773996
0.582964792066595	0.903404119838589
0.656119363549775	0.907632839684406
0.707091324661647	0.932874123244633
0.800538535852809	0.903737282401704
0.861040871980028	0.920041033048192
0.901281083314396	0.936117884149686
0.941910752125413	0.906257007482056
0.020360084517244	0.985644140990485
0.096331798493939	0.984523756149463
0.157025921296916	0.939139337890465
0.224442504631458	0.939660243195752
0.265019955524481	0.993859198932503
0.367355293432450	0.999082923342726
0.395879524080870	0.977731270230196
0.448254847799720	0.998615278047187
0.502073302865511	0.979562584218700
0.571208764800967	0.982270827600097
0.667510743699388	0.960567792431816
0.705446188560558	0.988501161028631
0.802157558207320	0.940783321654490
0.874564656973133	0.965057633183328
0.908546431914681	0.995253057203431
0.951584369049311	0.945168662177787
#
0.005417473702789	0.034421150100399
0.110591152694098	0.029794348425300
0.133881069576340	0.049220696481462
0.218758076785891	0.032114592431955
0.292738850354855	0.034650041948108
0.336475150519743	0.039536897349646
0.409002928405884	0.056092367622441
0.439747842451266	0.010975906598842
0.522111983829437	0.038199567157589
0.614099189898488	0.015482640013910
0.651290530592387	0.055744495124846
0.700664283128726	0.022143238258349
0.803699257708783	0.050634042735476
0.813421632410824	0.043453996880202
0.911359721046491	0.013743106628243
0.990449840288016	0.049465340297195
0.008712068987943	0.094453291189147
0.114092189277660	0.095996050099143
0.182453128537152	0.113227187885956
0.248412925720544	0.088675075158518
0.250712034161718	0.066972287794801
0.331976759877749	0.115317643646923
0.435530677160837	0.112604746621243
0.466990146443595	0.115002010510071
0.515266010759577	0.097109982417224
0.581396917860582	0.065458561512748
0.639813262608907	0.086376288809436
0.696926295963215	0.076971166959724
0.762675979381352	0.093374969357596
0.863124338514317	0.104409816699198
0.884751223524742	0.105829515693670
0.996938749957932	0.075226003932819
0.028180731205079	0.180799170424766
0.123656121096843	0.172614037113989
0.175510421814516	0.184706295228611
0.236908691859434	0.140758820638470
0.294896151939150	0.150041547944430
0.340289508100899	0.132323084284394
0.431010128448487	0.165637106862417
0.455347192623384	0.168870712800736
0.538360088068494	0.173469248719273
0.605606915206440	0.161457291347081
0.674350110330700	0.126110948957179
0.724303062155215	0.178315673297810
0.750162871918330	0.176052277817752
0.814516955623291	0.142457272264864
0.923035982934650	0.134890248200947
0.982709861079978	0.130171906742657
0.042572557004768	0.223768223711236
0.116932870585456	0.205395245855999
0.132258163141030	0.200805865638728
0.246382378070006	0.200204472758971
0.301661994713163	0.199521574325515
0.356701664127573	0.225689835491518
0.393221491006138	0.200018150734836
0.480558007878265	0.187662647935250
0.555555775687228	0.194190408730458
0.611559083405663	0.233428084651457
0.636344599933094	0.188312340164164
0.737777150029498	0.204492943205287
0.784066427477884	0.224914733591120
0.842222790851892	0.197395165438623
0.878336691778581	0.187834333453871
0.974284901466869	0.238768708365683
0.049190357251603	0.305244474830163
0.101547652500809	0.284371692957210
0.129896568324742	0.260030667896506
0.203420907277246	0.275969641041818
0.252658677069740	0.272960387015590
0.338589387893698	0.307378991694976
0.383419213061784	0.277910866548287
0.493931677525731	0.286055968486135
0.556689551739066	0.300544458729691
0.614301483828295	0.293972650727716
0.644670860380789	0.260790792616501
0.740470383605098	0.282079608740071
0.763465612926163	0.266425741549215
0.845392989075136	0.294594681395589
0.927967574721660	0.303511812247688
0.993146910461515	0.310660478382059
0.017694378363130	0.374020149712805
0.112806900939976	0.363230337560696
0.185403961134819	0.374362147282078
0.217485814566022	0.361274111925455
0.303910869739230	0.320351848045912
0.321769964912503	0.365930815414393
0.380770936405931	0.331058301516124
0.478746020826801	0.370525154764304
0.526165448731898	0.324555603891973
0.566945917163264	0.340771400070696
0.675241967820386	0.352348675786017
0.745118034041980	0.354675119738019
0.799724599183473	0.327777202055505
0.817841438897965	0.356546873280673
0.895024638744077	0.370179551390507
0.975538257736605	0.360252569426143
0.036304026268493	0.411795216446462
0.078848212335456	0.411091928247733
0.129753873480892	0.397267635480330
0.224324465446832	0.429562414368745
0.304827009558754	0.377699501260114
0.351919036251358	0.395781041622577
0.386291913254254	0.389943050777061
0.497674739016843	0.376861598110260
0.514712396037581	0.427322917630040
0.581519340474978	0.416187129938902
0.677670682428910	0.412648427105194
0.733494766460148	0.435959801746872
0.777000036446145	0.436045766807754
0.870561672941097	0.415798764758114
0.919336021335175	0.393990908520993
0.961464009820824	0.382224756221921
0.004737357042552	0.482208636599758
0.110549281449767	0.452189542109191
0.129427755252558	0.471122711730102
0.247678646846367	0.484710015003735
0.283734298449996	0.479845747346954
0.335825337670004	0.478677618312342
0.422191731628192	0.466948462802556
0.456047126431029	0.459138823532648
0.547809289357464	0.497607221986425
0.622464434068525	0.440760906131650
0.629342089015255	0.479948673800088
0.729300256042462	0.479875391839276
0.766977001480287	0.487430262551045
0.871832151532716	0.468091518276043
0.879342417088184	0.438203151498037
0.967457662750957	0.437574119117943
0.054342436602302	0.526073985724611
0.083619107031524	0.521835373646891
0.130261948697214	0.503399818103272
0.199611556500805	0.501900932533760
0.251147200280951	0.539348213622428
0.354242308700746	0.539631632806182
0.396350650427363	0.540705407004153
0.465055537649327	0.549012494532278
0.550382557656938	0.534197828318388
0.582972840498079	0.544141889516414
0.654512625529201	0.523483517818033
0.716802770278720	0.547414351745954
0.770742495781915	0.506904440351507
0.832825996248360	0.538547452228038
0.896115786517299	0.531997246165876
0.960327727710904	0.548606928682096
0.055657036382625	0.590249967665935
0.098154537024245	0.612319606848135
0.182061532409178	0.610678237030091
0.210276587362233	0.594239356483854
0.281887862766019	0.578485629306754
0.343731334047329	0.564135873617869
0.417463707631096	0.564441163704484
0.486480178279216	0.593259074310367
0.503920686388486	0.564520618980639
0.623617707387572	0.614672752123948
0.685352792220738	0.614809509146099
0.707916279502776	0.594700939582475
0.761058880266165	0.624449893002619
0.865303745578347	0.607357342053987
0.881014751228158	0.589200409877626
0.995891340541628	0.609652602866910
0.023824501366197	0.634163854005552
0.075184479649804	0.666344829568138
0.184279497435614	0.669203858134384
0.227695089119416	0.648626026644750
0.300760206079753	0.630010057474722
0.360361827825047	0.641896244855457
0.377213586486111	0.665431534677146
0.438573668289132	0.646221357097086
0.534070136237207	0.627632886128298
0.588813525688907	0.674806583553391
0.674030213002472	0.636196494774473
0.691502163304016	0.651674623359967
0.771455216270163	0.639372337001695
0.815895954147772	0.629441570215146
0.936769882726197	0.628289211469421
0.943095251366169	0.675166579789987
0.034017674982086	0.719797771155089
0.090665652917969	0.728418780369316
0.152942383973962	0.691122534700232
0.196458125183465	0.723756353626669
0.311876229519694	0.696167817123041
0.363913164369625	0.732286257476030
0.411033672638245	0.688966482674346
0.471374062072456	0.711857628737776
0.529710785070716	0.726617270143846
0.577826753116755	0.710426451760094
0.656488442029568	0.702516876484737
0.705428836682213	0.688436142052742
0.752464176258064	0.736221522700792
0.854971047849970	0.720275666514127
0.899136808269922	0.705483350223043
0.957359427649029	0.711313954894737
0.043822520451812	0.796036095412806
0.069860645018602	0.787397791829402
0.159791175880770	0.794602421893995
0.244410349418621	0.772752610753582
0.279256555535075	0.787911416767843
0.338253480897577	0.809910975526998
0.409761220297604	0.771337429532161
0.459715629074423	0.802720954610319
0.560628716367793	0.797427923589695
0.599379271466606	0.788850684033556
0.658647325799951	0.769829597721652
0.733278835392156	0.805156300468407
0.778465461516396	0.811758968120385
0.852955903983781	0.799622076822473
0.891763654497746	0.781074004415091
0.989679891962949	0.779096342804631
0.060336043664798	0.820316951694623
0.069254335148552	0.869211027208183
0.173450863916881	0.861553470033466
0.217412875128191	0.818298244049842
0.285487315756732	0.866447993493976
0.339530303222018	0.866292969932848
0.391663102829867	0.866137061542514
0.499014874468910	0.849082488138597
0.533709616015248	0.837769561263912
0.600537915359144	0.820211097949117
0.635820843645679	0.862859700308847
0.744228749723809	0.819834210969818
0.771934333990080	0.869028605752166
0.844571080852084	0.863913118443781
0.881326177231694	0.827283981798050
0.939664962745659	0.839141346447668
0.023281091538556	0.905769395649147
0.074428014547314	0.885011238717709
0.136815370441604	0.902076395016531
0.193234362859101	0.894143790695035
0.255044058606737	0.877605911796006
0.316009144503276	0.888376732345409
0.406124206412612	0.890146355177310
0.452238549598199	0.890782886639536
0.537364126380967	0.891626831439004
0.601618288385011	0.903298731681611
0.625496480323024	0.877999778735801
0.719257839569882	0.892466943744213
0.750846327209926	0.923592171497548
0.853688641941102	0.901311682950778
0.909103774444457	0.921330077060575
0.993204971744727	0.892554550799554
0.028524778135127	0.963472931855585
0.120385373068365	0.963041887042472
0.154962080203104	0.965585046381593
0.214979722651183	0.989393641456704
0.285444378264468	0.984331132636715
0.355972603875788	0.994305164901145
0.402720315795792	0.961165918959576
0.449182995233960	0.988551691011771
0.506552729684406	0.938651196731639
0.592547392057615	0.964470160854857
0.646917057097754	0.980499464155407
0.711902702538507	0.976734745936523
0.797425554989005	0.969795731325819
0.847489902408558	0.975431382650377
0.876747153597941	0.952454540634634
0.946067848142951	0.970212901833633
#
0.000986979750680	0.000013421784391
0.113136360258943	0.044913173459916
0.141038873833264	0.058111727178472
0.188256642810478	0.012823014290264
0.309855914863259	0.044743324451205
0.317978890512134	0.062467369483776
0.416979531054264	0.008841635253942
0.462115529843051	0.059089626985157
0.547952874662111	0.033941293841680
0.590423991037049	0.047586028053212
0.653527760710224	0.051496971614309
0.695716611373521	0.054615203129271
0.764704749719171	0.005089586776469
0.836914360790843	0.009933073992709
0.926751756819839	0.001733977348016
0.995103407460871	0.046787809213108
0.039524434812955	0.111796008914662
0.091715173191441	0.099644763301975
0.174408286966944	0.095910684329786
0.235361816721936	0.062752655794670
0.259221476664935	0.072967808201319
0.371130049489702	0.079862289935086
0.377096943135745	0.119730414079323
0.463833818145523	0.124725047760812
0.525299998457264	0.063850258244516
0.623752235521970	0.122549689068703
0.652448711384774	0.112991630373404
0.733607831465455	0.090434491146108
0.792365854892383	0.090516773786633
0.831225777383946	0.108834591486686
0.913283745927220	0.089974668625503
0.938296809385251	0.094514089178297
0.006570015831750	0.166596202858863
0.094919936506175	0.142611469815628
0.171291667003835	0.171240125662587
0.203593551519698	0.163382254899103
0.303866186701079	0.133190895345339
0.372072226963838	0.168727755775030
0.437067791266499	0.171257855046717
0.470872021360759	0.132308287213046
0.554863376715771	0.161955904311490
0.580059745513149	0.174515855320966
0.670691075076044	0.167870949192525
0.689240502295839	0.132728958154965
0.787095124609092	0.164658494099197
0.840280767478463	0.168280181048503
0.937082451317013	0.171441274225698
0.985194734017759	0.169486361900807
0.025839112632288	0.194300007891562
0.089614224044400	0.231532410466818
0.174258567055049	0.201927625737602
0.244154577695102	0.206342078895271
0.303791550262550	0.226158712883168
0.337880467987359	0.230761324298396
0.384541268957439	0.188541228184719
0.468897817430878	0.204771147084486
0.545055884922053	0.226779718252197
0.610244118197645	0.202893142562917
0.652133186077614	0.218692302623808
0.712010176217768	0.239785223454769
0.802478148424993	0.204190714390527
0.868049213879404	0.232007764217446
0.918528632038163	0.249772730428905
0.943847273798042	0.231963129622620
0.001630319777557	0.294270815556350
0.062724341129121	0.268571008306712
0.132533309764702	0.273595690194307
0.191371643465565	0.271457143831406
0.284254969804141	0.253510591196481
0.367786309665601	0.284146719998481
0.435599819029006	0.285362769857832
0.439554561439332	0.290710304916885
0.532384902915774	0.290299378679553
0.597416610523340	0.263938846739228
0.627858782667983	0.298141218834939
0.746462589681955	0.252361766528888
0.760201409272314	0.260812244438755
0.831828227023787	0.281830346641208
0.935751516371558	0.296117392219281
0.999384443959427	0.287557632030816
0.035144690286867	0.336728033600777
0.108199878984760	0.354498737923451
0.164606031039638	0.336464864774948
0.230498792249826	0.321546209425211
0.261001164911082	0.352109230219994
0.351516133459871	0.331910929647137
0.398152819956456	0.316213521219607
0.457690019863702	0.370801622003387
0.541384799764814	0.371275363023457
0.588206762162900	0.369582875281242
0.626108495213233	0.341772007689991
0.702268230121063	0.334195160879566
0.797058534513823	0.363335851460773
0.872315254687521	0.333123477093322
0.894106561380696	0.368577126979613
0.964223928333778	0.341565225833111
0.044714962200894	0.397898127883183
0.111177886876668	0.408620151364272
0.134899536702991	0.385044097684450
0.222995551005703	0.391522613299667
0.265077660183906	0.393523229392251
0.374905066928455	0.388344866605090
0.403012087909857	0.423309311252858
0.462633257606680	0.424561881864691
0.531498441596399	0.399860858180877
0.616464643475242	0.435779575942033
0.649841750133746	0.387924561149074
0.716490892409112	0.407597544043115
0.750351123890223	0.394447911593469
0.871711604660193	0.394112563609172
0.884887470749646	0.387813777040065
0.974356288040722	0.391450245504722
0.033127544499149	0.468482281757980
0.108433789133195	0.475661863217983
0.140348444783676	0.472391406897197
0.192726387017808	0.468000093380222
0.306260122203096	0.495185006758008
0.338789519801803	0.452767953862266
0.424488354820523	0.439908881221178
0.473202542584786	0.497999386206618
0.524190403526693	0.490567265381819
0.609593019235086	0.476942509305534
0.666772852312255	0.498046533393335
0.721908526837804	0.482581886095014
0.798218970765760	0.497356573075488
0.871148644378094	0.497793841669986
0.898781533154841	0.462000846431940
0.992880996315014	0.455834814744497
0.032102179022530	0.507175217107794
0.068339094288144	0.537891835798019
0.138078795210593	0.561525913595461
0.220894779508443	0.538587319848264
0.296242628068138	0.515554309389683
0.315769720255809	0.559034761491705
0.380421097784518	0.500877890474135
0.469408406010342	0.544836269280020
0.516909207337748	0.549844050631473
0.567318742470192	0.536949625844008
0.668654702919571	0.555996865381835
0.717658507440975	0.512293468217783
0.798720182687678	0.510796177741908
0.822977291466197	0.512094799854000
0.914400127871055	0.503399602749478
0.991274846250022	0.557910413567538
0.049894929540436	0.593606227288513
0.094061375079109	0.576553607595631
0.150397733369120	0.571515728357834
0.215412870317910	0.570838143527121
0.291615832388428	0.600664318751815
0.346221965163416	0.573743596748389
0.398829654344900	0.616043466184880
0.477863333095532	0.569925110759778
0.508789240180931	0.623487157397551
0.592160821608189	0.581932814738116
0.682508982338479	0.596715612286752
0.704840660608569	0.609420878518005
0.779355673693785	0.590840537355011
0.823243722685902	0.576685783369277
0.929377347083501	0.595111713359391
0.989649599793984	0.563668083719948
0.019182164546610	0.686068653667129
0.076856258314069	0.666023865933768
0.144920235329755	0.658561455195551
0.213436989556285	0.630272331314108
0.307660180404820	0.680555664554251
0.340191758040500	0.628937671776846
0.436994718227534	0.670641011685515
0.465259076422723	0.666066356158365
0.538080141801173	0.651329026796466
0.609865841044780	0.664594570867972
0.673016021199412	0.631781377802086
0.694727823285439	0.635941318136976
0.755651414788596	0.681090556229137
0.862404820841016	0.633287209728334
0.902121169644436	0.670353268327390
0.979835883214799	0.677350784460397
0.005121155410335	0.713792536966804
0.078857551274439	0.732601105318778
0.141972429181210	0.729521426061872
0.211758791198199	0.704996296266908
0.298021035774849	0.713916893588942
0.347955662692654	0.712667947830089
0.421082009542985	0.736579586224765
0.488732981667559	0.705121235213038
0.524825913298951	0.745643798086244
0.618602007698757	0.723936992545830
0.638342470326657	0.696813644479684
0.700374011477193	0.723148178419366
0.790565510144356	0.736048943272570
0.838272386513015	0.705521771935868
0.905835804143766	0.716065141830143
0.969726804491302	0.699417319588111
0.008793993360315	0.797411953633980
0.089952906512761	0.767657914334014
0.179454659531930	0.772587694931447
0.199225718318304	0.801479139580969
0.274418376872064	0.780833189761227
0.336584000621011	0.804020215784321
0.397069721007619	0.793815647975149
0.499865364632538	0.772280162816700
0.532851493983262	0.790089299489648
0.565801563062310	0.766848166287958
0.671017411393932	0.801083772775271
0.723694659268645	0.806744397471017
0.752485654186454	0.771948431609070
0.841669036620685	0.754715806441898
0.907026156223036	0.752345433939445
0.992207972432884	0.807739586277222
0.023039913596129	0.823159411741225
0.082489052355520	0.830449189703900
0.147812906541585	0.835965080279500
0.248552981996572	0.862495162012054
0.251301254961011	0.818367876957838
0.319606905557357	0.836483258803255
0.425370104942790	0.863533988112126
0.493518133544367	0.859284283051217
0.534033413213103	0.857424121345958
0.577495807610684	0.822935121267320
0.641784342446314	0.857963796555522
0.732093485024430	0.852265614821754
0.758481024708245	0.851110816971308
0.815604797128612	0.822730894450268
0.879333852151021	0.860101071575797
0.945958507249239	0.850394734495877
0.053338113995464	0.934577755920374
0.122712221549058	0.886191259184548
0.184472028470941	0.925671186455449
0.228893496585985	0.891112417364752
0.286145498766248	0.929517433642065
0.348490564641191	0.878555053976843
0.411590777055032	0.936852655169636
0.492012669839783	0.924976601058728
0.509094201583437	0.918734087036861
0.568636848243451	0.935555922958431
0.678959635811965	0.932616474847918
0.742270683867920	0.875709459302181
0.782756413122466	0.906429722039362
0.827230644604943	0.888238936054576
0.918030726238627	0.876135083119416
0.953739420892959	0.879740353049068
0.021695773384230	0.940399490646762
0.095116758755785	0.942777249293932
0.173563302462237	0.941153657201480
0.242059720751028	0.988226139551430
0.271848861526081	0.956942455687547
0.348733799147591	0.967339708200269
0.417389275326833	0.988808988285323
0.467665024399796	0.966721713506086
0.551519557656492	0.965893746156570
0.576039959170399	0.988558034715489
0.670845091004354	0.954092756499674
0.724237821859247	0.986537064582584
0.804878481239983	0.945239832277349
0.846780455009844	0.983064173513107
0.912654786612292	0.983877809961880
0.971039366552383	0.950243551679944
#
0.014666889681170	0.041533595644644
0.104918108448018	0.036950832299644
0.144844011961213	0.022511311666461
0.199802817022964	0.025290210024172
0.287251862880600	0.024556546710561
0.335387505508933	0.027064734494096
0.407264558576807	0.054167419015236
0.477259058791040	0.008083999609943
0.523222958412539	0.028301751000295
0.589713314685438	0.033050671154761
0.657166963290578	0.015966708208077
0.693139624870531	0.014726327095350
0.803810643699558	0.051110553698058
0.821778964486271	0.008730111936743
0.886492735461563	0.045987488712647
0.976962780909255	0.014776941901603
0.049376550709567	0.121438429922899
0.110491510360849	0.090623511822923
0.152974295523710	0.105863542393400
0.235091157064911	0.083544579674151
0.268855620674755	0.119649057944689
0.335549651490420	0.066895893950573
0.378709835597828	0.074889023732950
0.489888705354507	0.066919664344033
0.526785363333017	0.068807550212673
0.569294541682884	0.122832047461493
0.655819240237078	0.080853745010880
0.745634441175646	0.088548243270150
0.794608781939514	0.116116226401324
0.856741602630178	0.099005365185208
0.879450147157640	0.097788708307265
0.996417966539487	0.069059317787541
0.030396039866702	0.149428174836661
0.089074529160646	0.165292051426436
0.178695153515715	0.150281457323647
0.241413547408048	0.160604794095993
0.253356754664182	0.133225663465151
0.373628434739338	0.138086599417284
0.401099607383623	0.155955899455807
0.452128294553172	0.151572799330827
0.548784008333759	0.149140845727907
0.562508217291908	0.146850796697976
0.647118243903298	0.164877052457276
0.727770737148884	0.141982064106148
0.769626958140202	0.180630937697280
0.836540859765732	0.159110804663880
0.900550915603654	0.146479909793469
0.993438198040458	0.152081719285828
0.056707908689093	0.239098009432572
0.100244690512830	0.219498947983258
0.125999471289338	0.210581190656657
0.205872420895233	0.208212524991998
0.268022110719006	0.194514216769490
0.327712409187274	0.242022825010243
0.429962358770418	0.198315533651811
0.443477702866885	0.207519724504095
0.510955094013120	0.246513046119714
0.577486392186835	0.218624725857779
0.630336551535371	0.246605146500889
0.730409189166480	0.234031286086894
0.760960718866778	0.200274640391645
0.829385376321009	0.188761780257049
0.931746816872444	0.235699501103535
0.982105315280404	0.192184548724253
0.028102607239993	0.291023405030957
0.101172467106062	0.257157878311621
0.168061716099168	0.281249612460669
0.248745474032766	0.273652862792055
0.312305966654049	0.251422150977636
0.360505013825140	0.275865096925028
0.419413804669029	0.268823842056753
0.474263457328026	0.270813463959101
0.559862410619939	0.280282179715643
0.620883835653282	0.299727717324213
0.632229299955589	0.268114964118138
0.687790966243551	0.304839049507826
0.757704717603676	0.265538504248960
0.871454193910806	0.300343345818772
0.908305765879528	0.281972669960110
0.995312526850103	0.292208347217461
0.006977769213141	0.355073860143329
0.114896878103003	0.352868571217490
0.146046404440665	0.314769425968353
0.206762104823548	0.322171233305631
0.292276380753558	0.367227428911074
0.368360910548563	0.334804002448172
0.425788306439246	0.350816300438791
0.438018022469016	0.330124974560487
0.516866805865282	0.312807491165657
0.597896375119546	0.319480602179999
0.661590061522808	0.347507658175311
0.712334346104724	0.359802060684260
0.784356113618556	0.363018112807306
0.824081197485580	0.332340455735065
0.875969454748200	0.357111934742916
0.951198245736584	0.337445890871446
0.027880189161021	0.403796810983633
0.105221442800882	0.406426396781212
0.150924249514571	0.400957979602613
0.191091638292091	0.436791995190850
0.279224426550610	0.432714698907853
0.336571873287687	0.430342887395607
0.419830515016180	0.376253374066728
0.494723479727917	0.410209611415679
0.555218729378008	0.420753508016526
0.609621952487999	0.418913093405755
0.678563847088037	0.426519712372455
0.722098324703308	0.376612936598042
0.763700937098754	0.386940764542539
0.838866269411255	0.415196136158820
0.926398920547543	0.409496570843504
0.989204355192884	0.379097035926906
0.016414793968763	0.473038446894041
0.066951885573089	0.492857180199436
0.149095022241607	0.466230108089217
0.232433568492982	0.451171394659013
0.288249634448031	0.485439901091261
0.357798035208904	0.450398572781798
0.436324026333476	0.475689929264060
0.477430936816947	0.499968519638052
0.549932228878590	0.493136731091220
0.593759756804504	0.474015915512926
0.629979948470714	0.499206856460475
0.710260236772071	0.448744518554011
0.764341499557915	0.486291890611474
0.853641653312054	0.489332701746452
0.901941695053117	0.498082228193661
0.939578240665043	0.437884804967415
0.021411184488426	0.511410965033903
0.100403443657072	0.502873315461998
0.125673358474316	0.539397587761492
0.195322145622415	0.522311308353630
0.268128965330689	0.503493880868422
0.364416209891070	0.502461598328073
0.402172912806196	0.502998761440511
0.481185673949934	0.536045402296829
0.538256809328044	0.549859818664812
0.605633130743665	0.509144038051400
0.628380655006245	0.546370167557935
0.745275776977715	0.521117943853284
0.754551202612825	0.552480703144679
0.834779230460939	0.523992399501496
0.882784726085440	0.547727032852179
0.980528717303073	0.518516982051315
0.004220669289753	0.605640938879373
0.079016993786562	0.616663369028052
0.141132089065768	0.620224078155641
0.197506119237516	0.600772051178681
0.283856492293732	0.565111155782386
0.347886692158735	0.567186190995198
0.414966891820069	0.590745987871952
0.490041646434702	0.588346480543457
0.507745491953740	0.579368878436361
0.604536227382379	0.568526012242312
0.646953801411310	0.624947241289180
0.721004287108896	0.567158791150353
0.767007971361048	0.617297786984662
0.874139488965538	0.616468774909496
0.880531893942513	0.567363485316714
0.980288873771273	0.576204563144991
0.046193557074571	0.678821073362795
0.067472983240144	0.630209137293908
0.177732453533735	0.644462826040565
0.205925343999040	0.645976153541933
0.290295727182016	0.654929221716577
0.373963351463076	0.650693091249720
0.376056168403257	0.629812580083337
0.483643895113176	0.635379261470605
0.500343262640024	0.662922400917258
0.578255561533327	0.637620537573849
0.662369518913298	0.677299984699301
0.691152456915856	0.671796279751998
0.789891657981764	0.680133370418948
0.869656562134544	0.634477094763885
0.917808040171584	0.674171276445657
0.959577835373831	0.678914027839530
0.034576449958742	0.737706487864537
0.116842835513955	0.694529038768268
0.185350178638555	0.713525514095329
0.221156373409591	0.746695665336260
0.288737404154669	0.735850269102573
0.318756124777430	0.691056123178815
0.415400855005230	0.724018802511045
0.437812962423850	0.713511785003592
0.501374492378411	0.687868346198315
0.588976467252703	0.699876578687662
0.640075809776917	0.706674028643564
0.729945121386541	0.706214498689215
0.753460440057903	0.709235180814689
0.871811617863554	0.725666459513168
0.892292746928822	0.720627336916078
0.959350862021523	0.736662477062587
0.027156768256602	0.781190052024599
0.067777879639244	0.775283753717734
0.128265502485043	0.767095980631326
0.241784300886044	0.803755606086053
0.290069170378281	0.781742824248910
0.345603460701090	0.797453609757347
0.401567125277144	0.756155954311522
0.462613504342179	0.779375662815728
0.550644326006445	0.771008834174953
0.615690339660083	0.802078658494185
0.683965995892409	0.796763108224669
0.702676289310953	0.812106222991041
0.766134774650828	0.787985787823094
0.841059107922148	0.764563043168644
0.882208681623384	0.796967528698609
0.997874915512017	0.779078944345605
0.016578102939315	0.822819310941342
0.103438916538362	0.869648222824826
0.187460418412220	0.831566516241656
0.205073991867265	0.838176010764594
0.258003938741284	0.814229384021421
0.358160359664625	0.856829290885206
0.413335491853844	0.863168197506612
0.474713872617510	0.820849524012499
0.554621447268785	0.822302625633265
0.608106987474162	0.830525792018866
0.642717441824548	0.846247653644822
0.724711740543650	0.818364203006696
0.789102849836136	0.858778964302335
0.827652712996386	0.841362008860768
0.897970756841351	0.870940444786320
0.949933277242219	0.826888649218457
0.021890032503146	0.935931365543728
0.066627404362459	0.920621433611522
0.156655015824166	0.910848595821496
0.194168794377863	0.935295136572163
0.270788851926520	0.911143536993452
0.315084842325324	0.928052975910379
0.424183846215411	0.890353010214249
0.497500910743256	0.880263205124127
0.556269056089518	0.923099050862505
0.581622518065065	0.884604421533785
0.672223416895658	0.890494371666106
0.730745383955828	0.921374823297694
0.794184795096327	0.927177495146095
0.869308485502682	0.897721062827092
0.887733891594744	0.875098993317829
0.982262715853230	0.925584492983898
0.023719123337352	0.983944016141222
0.068694801231309	0.954501831995324
0.172932670797555	0.946610362824078
0.213886500458789	0.987275214353524
0.268550865371025	0.999039622707418
0.328915835696719	0.967821483798400
0.378786619709871	0.965480161080598
0.447814410001811	0.993930264054549
0.506328152392252	0.994390264268590
0.569745330680102	0.984361611564961
0.647054614431587	0.973342901293268
0.711433648777644	0.961279952394841
0.791715811758585	0.977747689388983
0.841014822107627	0.993766819532906
0.912289249573902	0.981477894335747
0.958175113385817	0.971777235820605
#
0.054449288099876	0.019929397928628
0.100397978175990	0.016096546332956
0.181654327489472	0.022365793270843
0.211089355629191	0.014062735531843
0.264747824872552	0.042893477856506
0.371344754631595	0.049768831345082
0.382096112838387	0.062040847435021
0.478186110858965	0.039693983353720
0.502825130942004	0.027225306045666
0.568655375247159	0.004692395568055
0.646490528544292	0.038927984520311
0.747041676498377	0.038544343516939
0.802594217658647	0.002866689625747
0.845489928288267	0.035341365605789
0.878263190898756	0.018397549768187
0.978416715976414	0.049795097319245
0.048850695235620	0.080967108621487
0.114045767853164	0.115595967695838
0.169590500644895	0.074340893351319
0.204220413379772	0.064285286207866
0.291102447673004	0.071410535152864
0.316788450306465	0.105065951250160
0.432566638612786	0.121886983585867
0.453289992339744	0.124136855650958
0.550851668577723	0.070538549482133
0.623589075955932	0.082982901546751
0.666163214433743	0.085219355654605
0.730784294307415	0.077117512384341
0.755088939216241	0.070965702109031
0.853903958161572	0.073646909079665
0.895046439681329	0.124566371698064
0.949762081672033	0.111910721080357
0.034621319858036	0.159393950664530
0.082381799443365	0.185568215004883
0.173650782115560	0.182345001811591
0.220016149273146	0.181472635651932
0.266776800159546	0.156851095009328
0.334827219344985	0.130320040976005
0.376500483035110	0.138326856383548
0.463197223702608	0.175566197442954
0.533276231516100	0.172151765200461
0.604207231119905	0.133479058526219
0.659184141092511	0.151996902458369
0.721718271954851	0.147554093453231
0.765813171896342	0.143679896985106
0.835175904406974	0.151057066954918
0.887603578437144	0.156089248899624
0.988532146960155	0.153089856007856
0.043239332643743	0.236124567087652
0.091660120400288	0.215099728454393
0.171189043812614	0.228924276171351
0.219817610450512	0.200708476596793
0.284260368171791	0.196510529817084
0.346410611972425	0.207266904651133
0.424042816372598	0.215906527321997
0.476006304577693	0.227856822699624
0.536907938259400	0.196629155560310
0.596944405705306	0.245657657112032
0.637425042066007	0.208216747259306
0.700509281875684	0.236420839949027
0.778664505290488	0.214071355184208
0.874732833821264	0.197631362813439
0.877051639851311	0.208049783706211
0.974260103111565	0.210743528970807
0.022096680613374	0.300272649893368
0.118884526264478	0.285294616734096
0.182321961895172	0.266270249867525
0.202769400759197	0.279454526061764
0.310732978439362	0.284642581981524
0.355671488398959	0.279681292616804
0.400707819970722	0.261380307946559
0.460992621292475	0.295068910108546
0.512993601459426	0.280148910263704
0.579615900995470	0.303031716522652
0.646819856241187	0.309831050835161
0.713157728975210	0.272021361690020
0.750490356949854	0.268435667942612
0.851449016694433	0.299453309297551
0.888810988125929	0.270399679681961
0.995593248836369	0.251426042130665
0.009733019922798	0.341000512816478
0.119577150368615	0.334164662262580
0.160346992001950	0.352065838082243
0.228104195305054	0.374584219083675
0.305934626578455	0.372317814471274
0.334136182432793	0.346264872736941
0.381010492813892	0.365667278672491
0.445227967868030	0.326163168053879
0.550684210768827	0.333135768572249
0.588512180117195	0.332007771988168
0.655516008547977	0.314653917201714
0.731688901064729	0.373522220528340
0.804568239238478	0.343046835616242
0.824935494080986	0.353007775013220
0.916903776519327	0.345326058646973
0.963598383523896	0.355569354705063
0.009872555720474	0.392581081793197
0.095711113165182	0.425125154896552
0.168520128160836	0.428382679643315
0.214428195881641	0.408077605702117
0.298524361711700	0.377620314102997
0.349705974361791	0.409329094379053
0.389777877560649	0.422258427595896
0.441979220225354	0.434286533868706
0.554393743672267	0.432628469889781
0.587065624020660	0.434090852969464
0.629048190226091	0.377754473637383
0.744492492186137	0.416860263818959
0.760307316161414	0.377228976591660
0.848238664745758	0.417039215676379
0.893491630679577	0.389196774125261
0.995476008100779	0.436197098198742
0.047602941045794	0.438380620879093
0.099484375453783	0.496986496057824
0.162154821061915	0.479043888301599
0.219204063199974	0.471642661192837
0.262795256104505	0.492883764365777
0.329991459821465	0.481380260399631
0.409220087422691	0.489608069253645
0.438802209071885	0.486541627102774
0.538471694899134	0.447613692568292
0.586068409660614	0.451339272334319
0.655297253709938	0.485084385840475
0.704893981168837	0.485284189079023
0.756707548645606	0.446883483923013
0.817743396358621	0.456890594291475
0.896678479582579	0.440447751782590
0.943321117827045	0.489218952379124
0.013355280363084	0.535129188335298
0.102734039081315	0.531207891464864
0.153899614036526	0.526987542084415
0.212893250069556	0.534032953532653
0.255593575538507	0.511987553955868
0.348020595230167	0.513144330575747
0.404302223810647	0.550171643507241
0.473386383769309	0.554347803596023
0.509378640361684	0.505542556640120
0.600424608923012	0.545482331068018
0.657501229369082	0.505233218167031
0.688348129013518	0.527853067024926
0.782936922384062	0.515872298656235
0.865749945876480	0.519897827854123
0.912187487725096	0.530220038060849
0.983943155017086	0.546071753615065
0.028970700811821	0.622001139635570
0.080940362201291	0.614694126399046
0.128547706583875	0.587839080870696
0.190039242138164	0.604911457757096
0.299635040003256	0.583382445697995
0.321475728824496	0.565259492985848
0.405791515360654	0.587989631726055
0.464097696828329	0.587229561648501
0.537237018180833	0.602796780056738
0.576777065539913	0.585134596627353
0.644596800299966	0.593924452863616
0.690080204542629	0.610350589890231
0.774556745155029	0.604759040633160
0.850970609791919	0.613771732340979
0.934274748345319	0.622812254892269
0.987689858066777	0.607741897194121
0.023714848464871	0.684600341656967
0.097173832699697	0.672439408761552
0.138879996698555	0.675913895463085
0.220314238650099	0.652191235471911
0.272063262169148	0.637439093147972
0.343191023326523	0.633465168839545
0.411657688798536	0.655649364481948
0.483383558031843	0.635773684992053
0.502662057421441	0.669348272883647
0.624696089347637	0.633147615271888
0.653121571790688	0.666437527552815
0.743268247153789	0.679532224878094
0.804445871412043	0.662833049116385
0.865358402775684	0.646501191125484
0.936983732768447	0.664836133970492
0.993884190580897	0.633964617258512
0.022746066815510	0.738171851448871
0.090473268667812	0.741741650648588
0.131063420181410	0.711485766171009
0.228657397378389	0.721143375522490
0.285517134813829	0.725114640934070
0.341399583550263	0.715155927252526
0.436985768508628	0.745085450979552
0.484221474263869	0.747047418684128
0.527287033087292	0.711132706148464
0.586813866195575	0.695226406898635
0.671342365556360	0.716692061374009
0.717625137949392	0.740529425745604
0.790245751190289	0.718939943042686
0.830821698215632	0.729962692562249
0.882522631452890	0.718570283708645
0.968010258882542	0.699125064510532
0.050894377604917	0.756973648430890
0.071099480892555	0.781050334546261
0.127302420995501	0.766115784648833
0.212318795913555	0.790648454940680
0.262705037868047	0.800067567016247
0.372689467883364	0.760898954586801
0.418371662071061	0.767304239827745
0.494610902211771	0.792799855941627
0.531758371136793	0.786654600547430
0.603489401119526	0.805757317952406
0.625781849114174	0.797822844190016
0.735705315481337	0.812193700461577
0.802949399699678	0.809225559801381
0.874962052723268	0.770842320363350
0.934222507100604	0.770231162391773
0.942755929224718	0.781199603028642
0.046874564341124	0.819232808485798
0.100776987377502	0.826518923353059
0.144791197400142	0.814471722173498
0.191289467810721	0.850816331405266
0.289382963319515	0.847866171993750
0.316243208378144	0.845768592910205
0.405739897578196	0.863418849284276
0.458785595930248	0.871811515549037
0.501580988348364	0.840422036220069
0.572505300677732	0.872292230938280
0.674816476687513	0.839409442464684
0.737653641041870	0.839033673043371
0.807855369507534	0.839464592549942
0.815622340364643	0.867324395991122
0.885583006328224	0.859749998398998
0.972162833459946	0.815691662720216
0.036005742856303	0.905342352961968
0.077527695833712	0.898779214452668
0.144717596723283	0.934607943533828
0.229910997014356	0.908073052145907
0.272683857654381	0.892989261516600
0.339735949360122	0.931471310321701
0.421396437490218	0.920542415562212
0.494840480924430	0.933931942635433
0.551619549555848	0.911435999872381
0.611855392137509	0.916543659341765
0.661388407367954	0.914072337118344
0.730334709131935	0.927934798962771
0.808478509482457	0.918162823068132
0.839436306435251	0.933569914078356
0.925858436367907	0.907437507609124
0.957159392554816	0.896127323130175
0.020637025406616	0.953652341344546
0.103135359992305	0.945853343017132
0.178237846541041	0.974162893058188
0.240366525582007	0.945177434872644
0.278719392000632	0.939850842595298
0.373838675237223	0.982186837583358
0.421059271273217	0.960265034029206
0.453711537298796	0.999453277050507
0.510531806316700	0.993563650843819
0.622712351235727	0.985755335870957
0.683676693311119	0.971627715313604
0.735843167782492	0.969072621424932
0.770464630453024	0.968920070321513
0.874421234111516	0.967621432726183
0.885496100777061	0.981374485515727
0.958755832752505	0.988948396215320
#
0.044257508193668	0.052880812186720
0.074965459472143	0.007578158374545
0.131091377917582	0.031595385393383
0.247745127387518	0.060053742039030
0.301833568196589	0.014591826071169
0.338135876713352	0.001955472471764
0.402168084378859	0.018705606901484
0.460899125222559	0.054850034894154
0.554657337064775	0.021865909225742
0.595920866945158	0.014264399407377
0.632721824966190	0.036116394339156
0.743717229938185	0.032273186305485
0.772255326364482	0.031829991559924
0.834355097996736	0.039833383702169
0.892647665478324	0.051991112833375
0.990656700303232	0.000610651230232
0.015660584995211	0.113112289412090
0.114579749771412	0.122442935068962
0.134919251055671	0.068511605162293
0.232302370156930	0.118130323868392
0.253533492957017	0.067240004094141
0.331757069075074	0.095756075541898
0.391759767695740	0.068966486609184
0.471001567370491	0.078936660258667
0.541363217193601	0.074830201646506
0.574249189189693	0.067923596435674
0.651759461884331	0.088198823831207
0.732935107803888	0.087265496962882
0.758490838679949	0.063623817157611
0.819899950760277	0.082614727221107
0.889902974700649	0.088837592766815
0.971151723257767	0.081364328657245
0.019512626376122	0.186895626073097
0.104436208634739	0.177150738088449
0.136403726183670	0.131124304638040
0.223770162244623	0.173851432595717
0.256301879040269	0.131459272555415
0.357626397551532	0.137892441259556
0.434463871860519	0.128615003676646
0.468941242616028	0.165965237649732
0.507769525474931	0.151451032425731
0.599724395747698	0.186443731435911
0.665168196001362	0.166648393099114
0.722642855741466	0.158931346414362
0.753980516064093	0.149972086457995
0.814733179126571	0.157629553279870
0.880226915412402	0.126515030017243
0.951266517502085	0.155098099021147
0.055455748775964	0.189170872429193
0.064573761774710	0.199002662094194
0.150608084141418	0.246944709534744
0.225362888458851	0.235475947029301
0.304316873223711	0.194452835277643
0.324207307773574	0.241651075293578
0.403755001963292	0.215971377306495
0.463379235172965	0.222360106717064
0.552790782455772	0.247373559744417
0.575528729724588	0.245245178912940
0.629141286394825	0.215129332667014
0.748214871622206	0.188550745486526
0.771367815299045	0.210583253827198
0.818565269948115	0.209929969166971
0.901755340301724	0.211815394626887
0.939359536002008	0.238522555501788
0.040413124729044	0.254371655232825
0.120771035347313	0.261781511016139
0.156714159362417	0.257371842033433
0.217341472430816	0.280867303787001
0.285968763223726	0.292764448367004
0.343128187923722	0.260807480680129
0.413384800058181	0.285554015784421
0.482755459069799	0.279234935085227
0.549769949950806	0.302203316777526
0.596072394132165	0.267933556523159
0.649154614633684	0.267282578472463
0.710495863420771	0.279170165209023
0.792211659335231	0.258329709659058
0.831029036115745	0.306456989825577
0.917152784425335	0.291308455571720
0.963098571976437	0.261706480293466
0.012418558998597	0.338635765138579
0.072359833330233	0.352865615155982
0.158583195174831	0.331914596875295
0.225011156080293	0.332479791996879
0.312077552094608	0.329384109926034
0.353526523244457	0.341560457956293
0.420026048155275	0.358483976593354
0.484734157562427	0.330709752296263
0.533315701738073	0.366806554969937
0.619725686889660	0.362856222342899
0.649025162323733	0.361598159969225
0.712564116262380	0.326516618009544
0.804393000971617	0.361712653506946
0.829302795409878	0.323757379725868
0.877442285724669	0.336079695500336
0.996490594115222	0.361832323131811
0.007729771883513	0.424347194708965
0.111494474837439	0.436539434827641
0.144706912503393	0.391841638749894
0.233189309361202	0.420686219101931
0.255493372752795	0.408639413137836
0.344240936137908	0.402701555524883
0.400908514266696	0.428423367482243
0.478568970555456	0.379364047913548
0.550441223732299	0.416024161730549
0.600272367731731	0.407491574493468
0.654369028655782	0.382588353650083
0.688321479872875	0.392087435397456
0.755745509757135	0.386853461913265
0.860386972399519	0.424136044381684
0.908396357518131	0.401397157815843
0.979075910067553	0.384329416092795
0.047542738346393	0.487941400276134
0.122357164683602	0.480105982783159
0.151714391881650	0.450456504392893
0.239573055992269	0.449228287124245
0.264810654934801	0.488877574954270
0.366028644491692	0.466618573125247
0.412716107815554	0.457907838664345
0.487554386924616	0.438137960562165
0.555171110258128	0.462554760719662
0.575633806848930	0.475954654737365
0.646223087378015	0.453542143619513
0.722382063519881	0.458656897438610
0.800865493668445	0.443732836125123
0.866560090200291	0.468004239744741
0.897103443732393	0.473150819039007
0.995707405642771	0.439142917516093
0.044467130482538	0.503023201484006
0.071097507885680	0.530427182129451
0.148869972798012	0.510139061606056
0.249932157719725	0.526994261707760
0.293120520170340	0.537079600829650
0.348860535284355	0.522500807410106
0.392688273310822	0.549849449726718
0.474570944506459	0.522994230172013
0.539435705106458	0.560974154475488
0.610622216463816	0.515674735117511
0.629271088503713	0.530603093000386
0.691117224167943	0.552558085791547
0.764031900882030	0.541820946406648
0.846786896473329	0.523270835654291
0.925031019080787	0.542506775872318
0.991454237007758	0.517205042724895
0.042932601058956	0.575581766929962
0.098133926841112	0.609426606428327
0.147740754158641	0.583146188136457
0.229990693532161	0.598184844385410
0.267968567383468	0.577967180495725
0.338118768696002	0.586153140588117
0.425482580202628	0.583435980477006
0.473841926993649	0.621421710703620
0.539550472845917	0.569295520619325
0.619397522938530	0.620128358174727
0.643163308898374	0.607123425459052
0.736136674135606	0.582483248222266
0.788417955316468	0.618765495686970
0.823122598029585	0.620772733061056
0.925046536079037	0.618461325675822
0.942208171852331	0.569607575658501
0.008592550702997	0.657798565204208
0.075409283078720	0.626768682210652
0.166961526377001	0.670500383009901
0.207201720641973	0.638185047649472
0.256713039068671	0.669210070245133
0.369339687384628	0.676743424917046
0.423679372481694	0.641312176278167
0.455424998323532	0.683353491723154
0.549514495517247	0.676341052746596
0.596891915506425	0.671090758663740
0.643267419950168	0.659259128916138
0.736059445622624	0.663614030427093
0.793074294076202	0.631154725635111
0.817119240136146	0.628902831319464
0.888910336859736	0.662404351294368
0.985449895055604	0.671322378151543
0.048442509211237	0.704952888660471
0.101035434135943	0.748161012015343
0.148142860247321	0.701781299099508
0.236285669056532	0.692019001043406
0.311101638638904	0.696056474453317
0.332898856421909	0.717759147002422
0.419088113408440	0.706136113284420
0.437537191130113	0.713181619436522
0.500231727957779	0.724927577300679
0.570983417596082	0.744704411640345
0.676668058001475	0.736213293650936
0.693043938984755	0.742533490234645
0.785735923135825	0.696359383671977
0.861421738908142	0.692903915799783
0.924678444073577	0.689502224384808
0.955991335290249	0.711455618109660
0.011545510121283	0.798050074485491
0.078319764874368	0.805067395280364
0.161050960924721	0.763265607925310
0.241837923005651	0.808656692678611
0.250460083800242	0.787804100045539
0.320384466949707	0.753617462615626
0.391065698673731	0.755665937541790
0.466781977352635	0.764135379784074
0.562263953004676	0.774972171281109
0.603954434404488	0.812322106532478
0.652265807780150	0.767128760042747
0.723421788535412	0.776987809504962
0.766977462135716	0.762040454693381
0.825780907605258	0.760962692062827
0.884154288435042	0.792514141993600
0.988845294193329	0.790862481701389
0.027645768851541	0.844720583809475
0.112268265828553	0.833843195422982
0.143877530925995	0.848805952185370
0.228476784390741	0.869101352187945
0.311216392132038	0.856215694812992
0.345373626849701	0.837653372224340
0.400929188245425	0.861752296940366
0.488822569835191	0.859653936375318
0.513644464157090	0.837492400058543
0.623474388630356	0.816865730900752
0.650245313815015	0.866432364416875
0.739784357834091	0.817004907848198
0.758532586873284	0.853351661086397
0.812585725623669	0.867857306219022
0.901750748313905	0.858282397424519
0.943855711857056	0.815707300310188
0.019295199836906	0.913933946658260
0.120149730121519	0.922615136452977
0.152810876933581	0.910810315087626
0.235272059461049	0.918557318839840
0.273323047736968	0.881063299385962
0.370578862492828	0.908891086518157
0.391165498909812	0.907260524756801
0.477545857380621	0.899079255445180
0.509539316119519	0.936501916934271
0.612286125219494	0.876058696303763
0.633492878858464	0.892894170367600
0.725879938336061	0.930735586442341
0.760008778745543	0.902043776039976
0.862443292394151	0.892950495520013
0.921590684909395	0.881328662553297
0.948744902229808	0.913729419256847
0.003541042272360	0.944548699278861
0.075092941074421	0.984992873429436
0.139347779757075	0.989303256426194
0.215485089101243	0.974052812054067
0.276284825106567	0.959276771265263
0.368074017895403	0.999717950675338
0.406795364724657	0.943910739429740
0.449324489268317	0.989237147919307
0.518483515920463	0.961025617672951
0.563483267513449	0.985035897898496
0.655470388934009	0.975750491497631
0.722268993013950	0.950380270023104
0.763229533421860	0.964352057350765
0.842709492753541	0.954913106649163
0.908754449563859	0.996606271131105
0.958377766791586	0.981968121511621
#
0.022379350373493	0.000650231202750
0.092628585138039	0.038845165787229
0.181826770493488	0.056052759230033
0.209204853371881	0.045238415037221
0.268935760050997	0.034642862105892
0.354310057746901	0.041028907444800
0.412572850438317	0.000077613338380
0.456430073395355	0.020245654920639
0.561322199966251	0.053983651463404
0.589365964630704	0.007039434671062
0.662472214893199	0.007441837880747
0.743026108246536	0.046302731538029
0.784242535891068	0.052145717241137
0.814308326691810	0.041368693399445
0.875813046063020	0.052303106114222
0.962147052391001	0.058376855914452
0.056642054433269	0.114541860149368
0.122039799941597	0.067278235060460
0.127449005478981	0.091451071951643
0.204092628966689	0.123185515476085
0.257363387559858	0.077925334877317
0.341921843245957	0.094654635490071
0.406910051278982	0.072970186668208
0.475544627051694	0.101337751368139
0.543196249079354	0.109866135910239
0.572006183969673	0.089391761523879
0.661984081956205	0.070268655561439
0.727745483886158	0.068213421314306
0.759937678204136	0.070893867088806
0.870622194574825	0.124864782788759
0.878038701936728	0.079168959495534
0.952842810558584	0.110223981373763
0.035959374036980	0.141638871228005
0.116615392775069	0.156263398494051
0.148952747235064	0.131713333744955
0.240647067124524	0.156596464141411
0.266905020024140	0.183717798775462
0.356615219741155	0.132015539334858
0.409348902067716	0.129832417166869
0.456067389871126	0.183738530205153
0.547138652920755	0.125832881880536
0.624023581898427	0.163591697690098
0.643134868649797	0.126705634073402
0.723307560453729	0.142379978311919
0.767557858828236	0.142281974000456
0.859692540569159	0.170894009435641
0.904409104950472	0.170015542705663
0.948716787754958	0.165409071482231
0.059191885272551	0.188827408798115
0.102682327177069	0.247408649796249
0.180552609859862	0.215301597177238
0.248160164846494	0.205631004170429
0.277828949684703	0.245524696248007
0.363906369891229	0.233131371856581
0.395978142104805	0.219215632962113
0.466732493230196	0.199440787389046
0.510593209272622	0.188146858054247
0.587979845402990	0.230730322825427
0.628253442512535	0.188891700702112
0.710568430664267	0.213310331330474
0.809267000294469	0.192182498592227
0.814595324671733	0.238867889621497
0.881109053066724	0.219645804980454
0.939798436477384	0.195429949004420
0.039770136538374	0.270903558475176
0.063945002941518	0.277232161802177
0.170523862947133	0.260230883114326
0.216676205126959	0.262412757790278
0.274457297540958	0.275737121867304
0.365369934368150	0.267925157317758
0.386052363525623	0.306404822926597
0.479121415041532	0.276597009614133
0.548579094229750	0.256383553963710
0.607180831454969	0.262886937652455
0.630324169136077	0.252124091261561
0.700829546756188	0.253973340398277
0.786436646486734	0.302010774449913
0.849952610480239	0.266351586182451
0.883824740334839	0.299282705582861
0.939365154641998	0.285129443313957
0.011339598221551	0.373867334986890
0.124787751046775	0.341260234395452
0.151502650615643	0.321145547541358
0.212054707712274	0.356307406046849
0.258398721171170	0.332875479876035
0.324692318800882	0.347906290023333
0.418602159999102	0.317302176962793
0.455869030284432	0.339921240206440
0.507094366855941	0.362741329995389
0.607086327926858	0.360913322624032
0.657637899370780	0.351633546155443
0.695356559810544	0.332689047955835
0.797287351724759	0.334484014403304
0.831497020485461	0.348620875412277
0.926975158390001	0.319963616437154
0.956868593236284	0.374568199651448
0.006361562294504	0.425412209541633
0.089600281854416	0.395894075064779
0.172730922477257	0.429505386082340
0.232901352715656	0.404345487746025
0.288485294507929	0.375368534470994
0.318247821125143	0.429679143342580
0.395831009305159	0.424870950457959
0.446774408849137	0.406919907393032
0.535163966845177	0.399671045792562
0.603532549308970	0.381267568141634
0.657506863739692	0.433184970984162
0.699511733942086	0.376864993741472
0.754154920637178	0.397975414370996
0.829034540995265	0.415401097221859
0.925591802978444	0.422795226066442
0.962746706738893	0.384141077929908
0.031188883796844	0.464561383915614
0.081478344164551	0.460472478070988
0.125512720507805	0.468257812222759
0.198432171952662	0.488125582295616
0.265787889355162	0.464120513169123
0.345694204043409	0.448969982348841
0.430458933026055	0.479680816798280
0.453196045204111	0.464304091502401
0.531608437006154	0.499690497352204
0.617048591751849	0.469186262511459
0.626563087615432	0.441459846974807
0.713999308331753	0.492682247639210
0.776345978453487	0.449853285189567
0.837787517803439	0.457227180236305
0.911203571036156	0.474918780100397
0.996279965415895	0.483130400545343
0.053407201497678	0.543843214890534
0.113909612712779	0.539370048072741
0.169197470993199	0.511346431378938
0.243991202265953	0.525867128808952
0.253037631468740	0.539888446519591
0.349987968854836	0.532012115705761
0.379873139217350	0.505483750793613
0.468846977899397	0.529715238946307
0.558236701936865	0.557039345540581
0.613766634863281	0.516385292434456
0.635762805630980	0.533859936906691
0.710239512720201	0.531224899001239
0.778681915391046	0.512098661393881
0.860608308776423	0.554794615045491
0.890142776133759	0.549239892553128
0.983782207967896	0.539462268914669
0.022550229366764	0.580083021985503
0.120810656123401	0.562585165913353
0.152411064095774	0.576639932961934
0.202815905187818	0.573132260224813
0.291440452676951	0.606150356029661
0.363574466578098	0.575613534590372
0.435366138204203	0.598057379415971
0.453449220909609	0.596427400458820
0.551296225659036	0.609637786747105
0.622308497869482	0.585890521868339
0.638687295638650	0.583590033410836
0.740101153101446	0.578791891577722
0.792789145921191	0.590765369451434
0.867611908293937	0.585305593432930
0.936353043318110	0.624881084018825
0.981825811464066	0.617645722753984
0.059298388033476	0.651408332537140
0.075098628705041	0.655518642255459
0.175534908758834	0.670434648880138
0.248577692982177	0.655443935109173
0.254365790650916	0.629987154651896
0.332409912492128	0.632565877023750
0.420888974720353	0.655978605100182
0.444688631092359	0.674658601329350
0.525363083367204	0.660181277658018
0.572973885022913	0.649041308779628
0.683779007827113	0.633170690549461
0.693121648089290	0.652326795700897
0.807820190310669	0.681288038087959
0.822674148965784	0.644570355526421
0.936918975086747	0.630903921891796
0.951527733679169	0.639752757826297
0.011212373460576	0.714032411319560
0.115351749261690	0.737096028413995
0.130989625745800	0.711560492685894
0.212161535621193	0.727351623800316
0.271267690162353	0.714986006706601
0.362794415673193	0.708224666382471
0.422063301532078	0.746194222839245
0.491922050145087	0.700491972590795
0.553394256201199	0.744316258946624
0.589075089322071	0.738788692409007
0.643299080028268	0.688031923782670
0.723002130959766	0.719748854164441
0.796296901516918	0.721798941457364
0.845579077570136	0.699579916387931
0.906328679244343	0.688285951691979
0.985395531559571	0.731368435848008
0.000368434339265	0.783454766257423
0.081076813007490	0.779236409718109
0.176400874025747	0.804403285159358
0.232529866286793	0.774100673055882
0.293599644700554	0.776878238065256
0.363747498949232	0.795802971620765
0.375438481423873	0.772097267113765
0.464210887227489	0.762026345767553
0.535319691095576	0.805087566141176
0.607959436117778	0.791615371398305
0.680966211539569	0.764594033553054
0.729900816756394	0.804693020732886
0.774483756953730	0.810037552247531
0.844110129161065	0.769552472343098
0.920046331589703	0.803720853973348
0.949133620440060	0.796551045506855
0.049406790520741	0.825181914045285
0.108551543493185	0.860826081010938
0.185367878249466	0.845704235202448
0.246109925791647	0.819143688700661
0.277550190635386	0.845912715704393
0.351898873219476	0.869957676650946
0.400282496141219	0.813029609096826
0.499156644975105	0.869819962796713
0.528838397490638	0.846503401022987
0.587513693541408	0.873145657169084
0.637388347840143	0.820429914603692
0.735710575663999	0.826242621583804
0.788320407542242	0.860749047304445
0.831880222341134	0.853427658900253
0.894470066098606	0.838472140304156
0.991031738097903	0.833080698406110
0.038041556190127	0.880195286693679
0.080507310926450	0.916098434545821
0.165969632939312	0.919385643788121
0.217403247304587	0.935290973763981
0.273417312540910	0.884237609485685
0.340473721479758	0.888770795023015
0.435443901849315	0.913308008437349
0.499679454660434	0.907898009878792
0.525929425980064	0.934335239434576
0.606577955720499	0.918021131025865
0.686016333594689	0.902157634954121
0.724918599904030	0.919937041307552
0.766872930257086	0.937225097542914
0.855217093509905	0.903421064598002
0.910059857132160	0.932103349753214
0.969553614100919	0.881481538382704
0.011576137566375	0.971805813133671
0.107657192474617	0.988444848943838
0.186856094558457	0.990626595533832
0.224444624539917	0.951544292361719
0.302319603605969	0.951801538339770
0.336825379408972	0.979168296917730
0.391470205450074	0.990873103901016
0.446631455184922	0.982167954843530
0.518293309073381	0.938328600270517
0.612582245911491	0.998510994438783
0.626314179157213	0.967481131876116
0.725942497790894	0.956936157589531
0.778817452671662	0.996357330222115
0.815042324088291	0.973538127081361
0.914491101395570	0.995698659126809
0.952338991428222	0.985916991598419
#
0.026170631672994	0.018979762248690
0.092953947525344	0.003791181677089
0.131640648689154	0.034848246629664
0.221857508143144	0.057672287205391
0.253599725970090	0.018121258068858
0.334399989258242	0.004913104844725
0.416547799710894	0.032705053621951
0.484585257811026	0.054324218230165
0.561358523860424	0.051735370984938
0.602539151406972	0.024884340009858
0.640824261154240	0.010387707096615
0.695096139856054	0.006330698890106
0.803467886432998	0.004338715182813
0.835133143749585	0.057461464208891
0.914748018820479	0.062130621561578
0.957388510946740	0.023109612497061
0.031379623796996	0.080767889147570
0.077464735459062	0.075222752627503
0.166065458116020	0.122858490677983
0.212366935351716	0.123177397544653
0.296655667738327	0.113102027838026
0.371379582996336	0.097770872374012
0.413185364779361	0.070306060255460
0.458423434266803	0.077566931027702
0.542738841681913	0.106573039748839
0.615509235734471	0.076698937005526
0.632649409237236	0.076617294503752
0.691859607061921	0.087325052669580
0.795677623925888	0.120729159591889
0.869236172379282	0.089136899833483
0.881108049697617	0.119395167667394
0.943124035927612	0.074251308530628
0.054981886582096	0.142157327184025
0.123261751606656	0.163952730415960
0.137669531413161	0.162140596884918
0.238779550604820	0.178163886606499
0.275052723975399	0.144424822346057
0.357463855335946	0.138811097308949
0.418442257311764	0.135728196709121
0.498935509021728	0.146902959391452
0.551666741125907	0.144927284888673
0.575115899340044	0.136576904030302
0.639205483271905	0.147692906515485
0.748459296140577	0.137621604971383
0.754500330441399	0.134900553401653
0.821566847897267	0.129199423362547
0.935432852856566	0.161617830360569
0.948193861959897	0.137799763109139
0.000581034051855	0.228034382564489
0.109216799970417	0.243386820000803
0.181674899124581	0.206237293143928
0.243559145876453	0.221402796779038
0.282263497975018	0.241334407602864
0.370141029327675	0.194171883152838
0.418831457641519	0.229279156201933
0.460632011809068	0.205722550254600
0.532482914750577	0.230013401155596
0.623008279129399	0.230543022126784
0.674987332543239	0.206689013565585
0.692038449954600	0.218472255197347
0.794823305939167	0.218821208698517
0.871269730617355	0.234993462985729
0.875551916789974	0.208174753385986
0.966717191512980	0.242044351221887
0.059683024300538	0.264545426867447
0.117835830284244	0.270613954261787
0.161048574847181	0.256525218240923
0.217527457709081	0.281843038050421
0.305230454685569	0.299138116981866
0.316488577577748	0.293331200456207
0.387644326433689	0.258898602713341
0.495951849748020	0.279231510917710
0.504601280191471	0.255575375938340
0.570582315502242	0.267309127088475
0.662203770008568	0.264217294290247
0.745028384188779	0.281070838122063
0.808495460266363	0.264677417118726
0.848163363808571	0.303057935814270
0.911589812073877	0.286107888191731
0.991418944873479	0.286888624753777
0.048746823402761	0.316726178775827
0.069814819393171	0.322579664195091
0.180969129547819	0.352750091997499
0.199831124296140	0.339907139342373
0.308112108002094	0.341023371867142
0.328868133514507	0.370977622688743
0.393125632883894	0.342786876346284
0.453085245437241	0.370765843544101
0.560733606339952	0.346899439530540
0.600155985544588	0.362665021003379
0.637994933076085	0.362460901157456
0.709981107740309	0.352983492858006
0.751012137320012	0.314106084857859
0.871125067365036	0.355412245898138
0.903213571894614	0.313369294730567
0.948797766791260	0.346536213641878
0.041499169000075	0.406784872459081
0.076620794137502	0.379269763333553
0.133221689002407	0.410843102968261
0.247991600175270	0.389775557839841
0.275497702043619	0.399925142546982
0.351590641696027	0.375374036593799
0.423659580072542	0.387783872272187
0.480640971999532	0.416143385542939
0.512730418620103	0.404458061318602
0.584441070115296	0.399378163440125
0.651575818067434	0.397946543938701
0.740238565076198	0.386171754350344
0.766266598442748	0.390286747078711
0.845333690660851	0.403624737278122
0.888837121066483	0.382118229057435
0.992114821912748	0.408476219141967
0.006815828355452	0.461170608590746
0.101580265685702	0.475781023613126
0.159121527853799	0.446735092499115
0.236782588920156	0.466316965502644
0.285479481180194	0.460240633552368
0.320400931947027	0.441973067690146
0.424003264339758	0.467283900019197
0.481843133802024	0.491533258404008
0.505822659049491	0.439746242628257
0.581833577661154	0.482907967725282
0.644372107873059	0.486278159220535
0.704251304287289	0.484291426630060
0.807892066178120	0.479665815941912
0.874108708026844	0.483874196925055
0.885142825196996	0.484137893243259
0.952705876672456	0.458539514079699
0.025980314813433	0.537920128650246
0.122929593358522	0.555221962289704
0.169459852269376	0.519046198290085
0.192540867153448	0.560644181022803
0.268258993750964	0.527522257943061
0.338375510144601	0.519488777373216
0.436556797547163	0.519902803736018
0.448316130163920	0.559066777975314
0.553107114099108	0.540018812878993
0.564205135015469	0.539865607172219
0.657282286214708	0.526480788473035
0.741791136982919	0.509841309586154
0.798955001123006	0.546543024040070
0.848346445354015	0.530478435546504
0.887336864109928	0.552991126603561
0.981300390379340	0.542604757933902
0.021571686656464	0.582620708392961
0.081520104857981	0.563962798420448
0.142434512705643	0.578101055365545
0.202771417800167	0.581732243987902
0.271730177924440	0.570416883581881
0.329875261483219	0.563725856875238
0.379495974674820	0.575481769471774
0.460298046285822	0.564842255844814
0.558515192052237	0.614165384392642
0.575888456998134	0.593721020610240
0.680387847749607	0.597239601768609
0.743296963350334	0.566379610973848
0.765285878474891	0.582932095906681
0.864998532282188	0.591109008622265
0.875722667871910	0.619254614312494
0.940601665119897	0.586013695870879
0.001150952434086	0.633154074154015
0.123561952713891	0.663625797163957
0.168274918552086	0.643823490788071
0.244258810342699	0.626731207667438
0.300271064534963	0.675688824075202
0.371994039872543	0.669362302181395
0.434802693488845	0.666077156808129
0.445671693016349	0.651309035418976
0.545088851223720	0.645560133421226
0.608389576209218	0.630199606371508
0.649821975288755	0.659452734013776
0.716339566256814	0.630433697924119
0.770879001346971	0.651968406679683
0.844213065029288	0.669771820171683
0.896709344063818	0.656933892351094
0.963696593977790	0.649179486272433
0.053583037018795	0.692481014791406
0.069707241391229	0.708917533881943
0.161326977199951	0.748029215886614
0.208625089076493	0.692794332398403
0.262919232121301	0.740599032401945
0.371622436562698	0.725048191635881
0.427848443823249	0.701543803795717
0.441788781813646	0.726001059412607
0.554622580455528	0.693502896335792
0.606192869755601	0.734560402848772
0.676143886591574	0.745356093174279
0.737821558138314	0.693710641980570
0.764570478498836	0.688424558975600
0.812871220332540	0.745352494718473
0.921769610020395	0.690266031437848
0.996043874706617	0.724170770737499
0.043154684109184	0.761331069722383
0.074743879292450	0.757430075422146
0.168566077695826	0.799000559022301
0.190948558710154	0.752280679502823
0.270483039950017	0.795145317646127
0.335432902478597	0.801441738786861
0.428761068045572	0.785269921697390
0.440188685432702	0.780313422037362
0.548688531588108	0.789727230434592
0.569086988894638	0.795726538108016
0.643116605719695	0.791573594712320
0.749163506756109	0.805616971642155
0.794194095370871	0.771539549712101
0.849929501602293	0.781010929516868
0.912773103563877	0.774400706728781
0.978234277116306	0.792109182754557
0.017818604047135	0.822452124836261
0.113897554573812	0.849050791738916
0.134581704204223	0.830563759420897
0.226020669733645	0.852228035359231
0.301697082465793	0.843636003184630
0.339987955353569	0.844399289424624
0.427381385173621	0.854044836751778
0.444626222831925	0.868912400574519
0.550099345503282	0.867578370844149
0.621806667491167	0.822206270737738
0.649353799852392	0.831796967399841
0.709537583743114	0.872218729738313
0.774012032901871	0.871723918927420
0.855156762229781	0.850852333745768
0.920389232614634	0.814861772931731
0.974067621305368	0.874462721636394
0.037535776640297	0.905181341986214
0.124911684906672	0.902034171295710
0.173989171639315	0.911350481933646
0.244236947850845	0.888371927361207
0.304850869228214	0.893881371321944
0.346819725986994	0.902023507521260
0.413864647571199	0.934367890308930
0.498035634780078	0.892987906515013
0.521615168885122	0.902162539138729
0.581608506666172	0.914701192969154
0.675868740433564	0.928780076179253
0.735212152485669	0.924766642315026
0.774388484415107	0.912068079700011
0.832600477854745	0.933502504499281
0.916570124269712	0.919878478099680
0.987975333072356	0.878592478010359
0.000513399994935	0.952376160279353
0.119545988286158	0.964277230122075
0.170915152087904	0.956348906755761
0.243619824627209	0.993053730721132
0.294639726674566	0.983583952834849
0.315697823593672	0.947230798907632
0.425605126231817	0.954546867742796
0.464305535634469	0.968291267992647
0.504488861494928	0.987257186640579
0.624794125687865	0.954301181718894
0.676071697756083	0.975580638807286
0.716975168535597	0.957604891421531
0.763605658855779	0.996111413172006
0.840006022356685	0.952859600383756
0.904133783427331	0.991388774504044
0.986800112161855	0.937818400256293
