0.1164802720000000 0.8218428250000001
0.6335069902500000 0.3049829365000000
0.1764420770000000 0.3619052692500000
0.5837196497500000 0.9539094812500000
0.6089185820000000 0.7112630289999999
0.7330575980000000 0.0189568015000000
0.2235353907500000 0.0406736555000000
0.4779878530000000 0.4899686412500000
0.8321544282500000 0.9811907667499999
0.2719178412500000 0.5877247615000000
0.8336264715000000 0.4915087722500000
0.4249661502500000 0.2311758052500000
0.8959299122500000 0.2384773702500000
0.0422929237500000 0.5134997485000000
0.3804119860000000 0.8043885857500001
0.8694969632500000 0.7240546602500000
0.2080386070625000 0.9015476916875000
0.7131908775625000 0.4494205558125000
0.0376195625000000 0.3345504653125000
0.6576280751250000 0.8333416456875000
0.6790556521875000 0.5894982603750000
0.5412993221250000 0.1301487886250000
0.1834367913125000 0.1812808085625000
0.3079467659375000 0.4411923253750000
0.9614498377500000 0.9163307308125000
0.4481513087500000 0.6471127166250000
0.7730491965625000 0.2528247310625000
0.4012086634375000 0.0816491323750000
0.9953262335000000 0.1000773223750000
0.1029878532500000 0.6462186412499999
0.3772976437500000 0.9739604113750000
0.9937650200000000 0.5406139589375000
0.0360353909375000 0.9781736555625000
0.5094216851875000 0.3201557600000000
0.1612980192500000 0.4811013173125000
0.5389919819375000 0.8262457341250000
0.5493413636875000 0.5853898155625000
0.6507469632500000 0.0990546603125000
0.0458591978125000 0.0453202021250000
0.4037218251250000 0.3955975050625000
0.7781697563750000 0.8363965351875000
0.3927251527500000 0.6078507530625000
0.9434145348125000 0.3568817439375000
0.3080067460625000 0.1965608736875000
0.8497269987500000 0.0695836838750000
0.2250600800625000 0.6624558359375000
0.2750000586250000 0.7720092341875000
0.8321544285000000 0.6061907667499999
0.1505943291250000 0.9731311609375000
0.5783828771875000 0.4695228549375000
0.0689498266875000 0.3917634415000000
0.7135568655625000 0.9190727682499999
0.7337471653124999 0.7251232343750000
0.6459066178750000 0.1853771930625000
0.1150583788750000 0.1756483058125000
0.2713075681875000 0.2874919564375000
0.8932084054375000 0.8238128861250000
0.4027418476250000 0.7393847458125000
0.8379782499375000 0.3225768612500000
0.3069969632500000 0.0287421603125000
0.7556079968125000 0.1410128710625000
0.0290039458125000 0.7252611356250001
0.4731812881875000 0.9019626882500000
0.9750600800625000 0.6624558359375000
0.0338671119375000 0.8558694897500000
0.7212133125000000 0.3384567153125000
0.1500150200000000 0.2906139589375000
0.5150498574375000 0.7628815711250000
0.7345050361250000 0.5651448588125000
0.5394070187500000 0.2083354113750000
0.2212876321875000 0.1184479234375000
0.3583160998750000 0.3136848000625000
0.9735353909375000 0.7906736555625000
0.3448880253125000 0.5124258053750000
0.9310630819375000 0.4325593021250000
0.4975370975000000 0.0170800474375000
0.8575204700000000 0.0058342708750000
0.1656862745000000 0.7132352941250000
0.2876704964375000 0.8861301807500001
0.9095092659375000 0.5700985753750000
0.1488318799375000 0.7733370834375000
0.6000600800625000 0.4124558359375000
0.2486172260625000 0.4640325993750000
0.6023773164375000 0.8925246438125000
0.5765662549375000 0.6507784896875000
0.6126979900000000 0.0339251803750000
0.1068196506875000 0.0413869223125000
0.4590395348125000 0.4193817439375000
0.8348785998750000 0.9250129250625000
0.3395143995000000 0.7000517003750000
0.7740256111875000 0.4470280124375000
0.4272786028125000 0.1655476893125000
0.8365828018750000 0.1426585748125000
0.0984400331250000 0.5339001815000000
0.4134174945000000 0.9215820816875000
0.7797149491249999 0.6768993886250000
0.0852974926875000 0.9440528396875000
0.7161504136250000 0.2733048245625000
0.2290258125000000 0.3384567153125000
0.7065826192500000 0.7987257488125000
0.6114894504375000 0.5249224561875000
0.6000348381875000 0.2391064961250000
0.0821544285000000 0.2311907667500000
0.4659210910625000 0.2873713037500000
0.9587196499375000 0.9812532312500000
0.4635568655625000 0.5440727682499999
0.8460880288750000 0.4191041939375000
0.3333333333125000 0.0833333333125000
0.9445424390625000 0.2090991338125000
0.1576519991875000 0.5362297802500000
0.3178888753750000 0.9923816531875000
0.9115024708750000 0.6980863589375000
0.1661032499375000 0.8538268612500000
0.6019129997500000 0.3528074450625000
0.0415258125000000 0.4478317153125000
0.6958441868750000 0.9839051835000000
0.7151733284375000 0.6511532628750000
0.7254391865000001 0.0803902184375000
0.0338671119375000 0.1058694897500000
0.3395143995000000 0.2625517003750000
0.8258473040625000 0.7840045480000000
0.4602335156250000 0.7025932233125000
0.9899546453125000 0.4769717507500000
0.4631908775625000 0.0744205558125000
0.9156862745000000 0.0882352941250000
0.2127326140000000 0.5872248440000000
0.3079539921875000 0.8237426033125000
0.8031678413125000 0.5428028866250000
0.2105614790625000 0.9654316130625000
0.7425887810000000 0.3971800112500000
0.0250755414375000 0.2707280707500000
0.5777353137500000 0.7603508724375000
0.6772060932500000 0.5277533025000000
0.5616270654375000 0.0091654088750000
0.2437650200000000 0.1656139589375000
0.3393159782500000 0.3884061412500000
0.9038451253749999 0.8971735030000000
0.2941716952500000 0.6477489945000000
0.8421967863750000 0.2612989243125000
0.3589117988125000 0.0248237506875000
0.8451029965000000 0.2010971464375000
0.0719176241250000 0.5965325451875000
0.3502995577500000 0.8675429530000000
0.9347355192500000 0.5045388173125001
0.0257469632500000 0.9115546603125000
0.5394474038750000 0.3800416939375000
0.1354684478125000 0.4234779590625000
0.5412993221250000 0.8801487886250000
0.5448230847500000 0.7112948535000000
0.7212133125000000 0.2134567153125000
0.1656337095000000 0.0597766240000000
0.4207366914375000 0.4852980813125000
0.7584667780000000 0.9639673724375000
0.3463312076250000 0.5706342992500000
0.9626713655000000 0.2883990465625000
0.4907445625000000 0.1900192153125000
0.8053219080625000 0.0296119808125000
0.2218887335000000 0.7250773223750000
0.4553448161875000 0.9635341570625000
0.9000150200000000 0.6343639589375000
0.2091457004375000 0.7856646436875000
0.6644129997500000 0.4153074450625000
0.2066289425625000 0.2750818313750000
0.7222661693125000 0.8474860390000000
0.6306079968125000 0.6449191210625000
0.5953275200000000 0.0933483339375000
0.0562650200000000 0.1656139589375000
0.4111489298125000 0.3418451783750000
0.9001393528125000 0.9564259848125000
0.4031697563750000 0.6801465351875000
0.8813100800625000 0.3733933359375000
0.3033892163750000 0.1360181920625000
0.9507919603125000 0.1357007216250000
0.0946325572500000 0.7101079032499999
0.4754391865000000 0.8303902184375000
0.8062650200000000 0.7281139589375000
0.0140662549375000 0.7914034896875000
0.5113893995000000 0.2581571691250000
0.0807203632500000 0.2945910446875000
0.6613518088750000 0.8960988644375000
0.6777895348125000 0.7006317439375001
0.6929794603125000 0.1469311903750000
0.1009304562500000 0.0988993762500000
0.2903397988125000 0.3465075611250000
0.8422459165625000 0.8617264521250000
0.4876790256875000 0.5955861410625000
0.7789494298125000 0.3171512846875000
0.3674226540000000 0.1291075245000000
0.9126867408125000 0.0247636650625000
0.1353248305000000 0.5950371971250000
0.2719245274375000 0.9481272895625000
0.8626790256875000 0.5408986410625000
0.1441415637500000 0.9126946224375000
0.5255564678125000 0.4391711863750000
0.1927732549375000 0.4184522063125000
0.6005574113750000 0.8257039393125000
0.7393997498750000 0.5024047910000000
0.6625348381875000 0.2391064961250000
0.0084667780000000 0.2139673724375000
0.3989079951250000 0.2783347356250000
0.9126867408125000 0.7747636650625001
0.2796239048750000 0.7068512088750000
0.9813049340625000 0.4003092896875000
0.4767350456875000 0.1296054648125000
0.8941415637500000 0.1626946224375000
0.2250037549375000 0.5335909896875000
0.4506596085000000 0.7718070216875000
0.9759612813125000 0.5992933757500000
0.0833333333125000 0.7708333333125000
0.6627450980000000 0.3529411764375000
0.0120884083750000 0.3973051089375000
0.5194338284375000 0.9400877180625000
0.5332892546250000 0.5208338528125001
0.5287643920000000 0.0660136140625000
0.1459299124375000 0.2384773703125000
0.3689836663125000 0.4469058085625000
0.7584667780000000 0.7764673724375000
0.2856812881875000 0.5269626882500000
0.9022296455000000 0.3028157572500000
0.4300818799375000 0.0233370834375000
0.7872079700000000 0.1933342708750000
0.0224319873750000 0.5640514843750000
0.3411899708750000 0.7762113589375000
0.7713243731250000 0.6110132099375000
0.0862220063125000 0.8781064513125000
0.5728336220000000 0.2952515447500000
0.1126790256875000 0.3455861410625000
0.6343837095000000 0.7629016239999999
0.6153805018125000 0.5886940120625000
0.5864498377500000 0.1663307308125000
0.2403624593750000 0.2290826826875000
0.2598087614375000 0.4074013661875000
0.7838312076250000 0.8987592992500000
0.4006819859375000 0.5445207230625000
0.7993960767500000 0.3845690680625000
0.2662858269375000 0.0861484335625000
0.7941105192500000 0.0904763173125000
0.1691716952500000 0.6477489945000000
0.3286177140000000 0.9247630670000000
0.9718887335000000 0.7250773223750000
0.2358536336875000 0.8392204359375000
0.6460098836875000 0.4798454359375000
0.1047012335000000 0.4750773223750000
0.6453956547500000 0.9496814371875000
0.5081629997500000 0.6653074450625001
0.6704209403125000 0.0413034665625000
0.1615024708750000 0.1199613589375000
0.4706319806875000 0.3633389425625000
0.9498490191875000 0.8461422669999999
0.3528756176875000 0.6432715896875000
0.8851505288750000 0.4737916939375000
0.3675818799375000 0.2108370834375000
0.9735353909375000 0.0406736555625000
0.0386728137500000 0.6587883724375000
0.4115582491875000 0.8555657177500000
0.8457993509375000 0.6653229234375000
0.0678268920468750 0.8218729891093750
0.6688049341093750 0.3065592897187500
0.1500009387343750 0.3521477474218750
0.6153624594375000 0.9790826827031250
0.5738910619062501 0.7007953287968750
0.6880201446093750 0.0105794352031250
0.2488315583750000 0.0250193305937500
0.4703551241093750 0.4637200451875000
0.8638362040468750 0.9908835392656250
0.3119558332500000 0.6019711447343750
0.8182733900468750 0.4433201900000000
0.4153691636093750 0.1990860745625000
0.8787624643593750 0.1907203927812500
0.0090088477343750 0.5257934138906249
0.4130574113750000 0.7944539393125000
0.8343720793906250 0.6952353015937500
0.2484412550000000 0.8851534897343750
0.6959006112031250 0.4939030124375000
0.0053888753906250 0.3673816532031250
0.6391209165781250 0.8617264521406250
0.6466479445000000 0.6081793431093750
0.5441716952812500 0.1789989945468750
0.1441415637343750 0.1626946224218750
0.2682084055000000 0.4859222611875000
0.9939903203281250 0.8998233439375000
0.4912933321093750 0.6315383157187500
0.8091751245156250 0.2686458479687500
0.4349886613281250 0.1192429376875000
0.9432622991406250 0.0632061827656250
0.1211262590312500 0.6725362147031250
0.4249661503437500 0.9811758053906250
0.9696906160781250 0.5164300981875000
0.0522864251093750 0.9464161609218750
0.5062848382031250 0.3641064962031250
0.1754661664531250 0.4504155707656250
0.5063891169531251 0.8597927965937500
0.5252403203281250 0.6185733439375000
0.6822303921562500 0.0758272058750000
0.0084667779843750 0.0264673724375000
0.4341484115468750 0.3860758597187500
0.8121543065156250 0.8660081498437500
0.4249661503437500 0.6061758053906250
0.9747079699843750 0.3183342708593750
0.2854407563281250 0.2419675353281250
0.8348289945625000 0.0971015353125000
0.1975939044218750 0.6295678974218750
0.2673856097656250 0.8022747834531250
0.8688597966250000 0.5825975546093750
0.1783892163906250 0.9797681920625000
0.6156678413750000 0.4470997616406250
0.0981812881875000 0.4332126882656250
0.7130609961093750 0.8853860010312500
0.7379535619062501 0.6890765787968750
0.6613518089062500 0.1460988644531250
0.0714203220468750 0.1317406720625000
0.3054450653906250 0.2901968307187500
0.9290376034062500 0.8183262061406250
0.4348774129375000 0.7282217307187500
0.8626790257031250 0.3455861410781250
0.2884467743750000 0.0042700118593750
0.7894129997968750 0.1340574450625000
0.0494584055000000 0.6988128861875000
0.4507161027812500 0.8823445643125000
0.9906678413750000 0.6365528866406250
0.0094048906250000 0.8336376163281251
0.6976264618750000 0.3180898971250000
0.1822153875468750 0.2983828835625000
0.5523544603281250 0.7880444716562500
0.7242523278437500 0.6052372086093750
0.5184687025468750 0.2270115962500000
0.2094945624843750 0.0806442153125000
0.3235276298125000 0.3351190793281250
0.9485276298125001 0.7726190793281250
0.3213745848437500 0.5522137555937500
0.8952895788593750 0.4148890084687500
0.4629782499375000 0.0100768612656250
0.8418556635000000 0.0322768811250000
0.1461236406250000 0.7389110538281251
0.2757189044218750 0.9108178974218750
0.9319969633125000 0.5912421603125000
0.1832643995000000 0.7547392003593750
0.5715088477343750 0.4320434138906250
0.2085930198437500 0.4863088253906250
0.6179721833750000 0.9312693305937501
0.6115936462031250 0.6693034388906250
0.5893801175000000 0.0014585677187500
0.1075204699843750 0.0058342708593750
0.4427317030312500 0.4351109614843750
0.8650583789062500 0.9256483058281250
0.3678328019062500 0.7168773248125000
0.8021482549531250 0.4965772063437500
0.3831974038593750 0.1612916939687500
0.8199059762187501 0.1767128022187500
0.0709006112031250 0.5564030124375000
0.3806079968437500 0.9261691210937500
0.7954992408125000 0.6321855400781250
0.0821544285000000 0.9811907667500001
0.7459367913281250 0.3062808085937500
0.2396799124843750 0.3703133078125000
0.7259467743750000 0.7542700118593750
0.5641091852031250 0.5257221662656250
0.5709667779843750 0.2139673724375000
0.1188597966250000 0.2075975546093750
0.4669582004687500 0.2573443312031250
0.9903624594375000 0.9790826827031250
0.4400850112656250 0.5102650619687500
0.8311471020937500 0.3805762772343750
0.3361581393125000 0.1150269758125000
0.9933838477343750 0.1976684138906250
0.1373650028125000 0.5025662654843750
0.3458305784218750 0.9700521157968750
0.8961236406250001 0.7389110538281251
0.1313891169531250 0.8597927965937500
0.5669948515000000 0.3497832840625000
0.0028661998437500 0.4559575126406250
0.7237980192343750 0.9498513173749999
0.7474718251250000 0.6455975050468750
0.7115917779843750 0.1202173724375000
0.0572564531250000 0.0846141788281250
0.3697303921562500 0.2633272058750000
0.8562415375781250 0.8077939513437500
0.4779878532500000 0.7399686412656250
0.9585172343125000 0.4445483929062500
0.4901483900468750 0.0683201900000000
0.8945957192968750 0.1173807137343750
0.2403805017968750 0.5886940121093750
0.2765287506875000 0.8463446913593750
0.7710930198437500 0.5488088253906250
0.2281716852031250 0.9436909162656250
0.6996332617343750 0.3882241357968750
0.0140662550000000 0.3070284897343750
0.5985353909375000 0.7906736556093750
0.6459066179062500 0.5603771930937500
0.5230423389843750 0.0326794140937500
0.1928310932812500 0.1527533024843750
0.3716223626093750 0.4124806140468750
0.9334367913281250 0.9312808085937500
0.2541260352343750 0.6373656795156249
0.8656250146562500 0.2867523085468750
0.3501485822812500 0.0557827902343750
0.8219176241093750 0.2215325451875000
0.1108801751093750 0.5714161609218750
0.3500002346875000 0.8380369368593750
0.9002403203281250 0.5248233439375000
0.0531831535000000 0.8968062110000000
0.5011542939062500 0.4126257247500000
0.1282721537500000 0.3890965294687500
0.5584367913281250 0.9312808085937500
0.5061584619218750 0.7056671034687499
0.6927317030312500 0.2476109614843750
0.1813597966250000 0.0200975546093750
0.3766051241093750 0.4793450451875000
0.8022864251093750 0.9464161609218750
0.3675818800000000 0.5858370834843750
0.9468759387343750 0.2525383724218750
0.4595617408125000 0.2278886650781250
0.7521166945000000 0.0534918431093750
0.2484467863906250 0.6987989243750000
0.4934495048125000 0.9874628293281250
0.9319319859687500 0.6382707230781250
0.2433838477343750 0.7601684138906249
0.6475433321093750 0.3815383157187500
0.2289215686250000 0.3033088235312500
0.7401483900468750 0.8183201900000000
0.6686150028125000 0.6588162654843750
0.5694830878593750 0.0757270710156250
0.0246100082812500 0.1334750453750000
0.3814204964843750 0.3548801807656250
0.9239610467187500 0.9959762958750000
0.3806079968437500 0.6449191210937500
0.9282445624843750 0.3208785903125000
0.2740828019062500 0.1426585748125000
0.9984412550000000 0.1351534897343750
0.0673008820781250 0.7424719988750000
0.4475718081093750 0.8182403236406250
0.7736581393125000 0.7400269758125000
0.0458591978281250 0.7953202021406250
0.5579539922031250 0.2612426033125000
0.1165491515625000 0.2661822600468750
0.6812454370156250 0.9346614729687500
0.6626391169531251 0.7347927965937500
0.7115917779843750 0.1827173724375000
0.1194969633125000 0.1224921603125000
0.3071648069375000 0.3745931314218750
0.8694969633125000 0.8724921603125000
0.4594178413750000 0.5877247616406250
0.7640662550000000 0.3539034897343750
0.3286177140156250 0.1747630670000000
0.9000087095468750 0.0597766240312500
0.1653379522187500 0.5990247161093750
0.2709268121562500 0.9904438459531250
0.8732508050468750 0.5084091925781250
0.1694473837031250 0.9251579359843750
0.5345036625000000 0.4753537940000000
0.2251485822812500 0.4307827902343750
0.5679734305937501 0.8416803586250000
0.7005649709218750 0.5574613589843750
0.6773484305937501 0.2010553586250000
0.0415258124843750 0.2134567153125000
0.4348774129375000 0.2907217307187500
0.8966124594375000 0.7915826827031250
0.3035157833281250 0.7447945425781251
0.9480231903906250 0.4015249557187500
0.4978233330156250 0.1578845789218750
0.9334367913281250 0.1812808085937500
0.1963745848437500 0.5522137555937500
0.4888362040468750 0.8033835392656250
0.9757936243749999 0.5646203237656250
0.1157977193906250 0.7686051389531250
0.6352779627343750 0.3362526058593750
0.0518964778750000 0.4168314649218750
0.5335476437812500 0.9739604114218749
0.5059181635000000 0.5400893811250000
0.5063891169531251 0.1097927965937500
0.1783892163906250 0.2297681920625000
0.3172822356406250 0.4906454578437500
0.8100906148437500 0.8072706706718750
0.2718720793906250 0.5546103015937500
0.9224427496093750 0.2771972892343750
0.3951920769375000 0.0494052695000000
0.7584667779843750 0.2139673724375000
0.0376485822812500 0.6182827902343750
0.3714634084218750 0.7723051089843750
0.7915258124843750 0.5884567153125000
0.1150583789062500 0.9256483058281250
0.6150575681875000 0.2640544564843750
0.0765157704843750 0.3503273255312500
0.6674951658593750 0.7756473452812500
0.5849319874218750 0.5640514844062500
0.6234412550000000 0.1351534897343750
0.2105614791406250 0.2154316130312500
0.2953146773750000 0.4133816560000000
0.7596682034375000 0.9146970931093750
0.4271482549531250 0.5590772063437500
0.8018964778750000 0.4168314649218750
0.3079539922031250 0.0737426033125000
0.7530221020937500 0.0993262772343750
0.1616619861093750 0.6793885857812501
0.3570973040937500 0.9011920480156250
0.9397701496562501 0.6900763907500000
0.1947373574531250 0.8292878211718751
0.6661017546875000 0.4583338528437500
0.0650477720468750 0.4655383427812500
0.6625348382031250 0.9891064962031250
0.5404405751250000 0.6770916456718750
0.6417116006093750 0.0501421739531250
0.1273554212968750 0.0800389400000000
0.4438695624843750 0.3301559340625000
0.9906678413750000 0.8220997616406250
0.3167391807500000 0.6763670618124999
0.9322569906875000 0.4627252608281250
0.3257957883750000 0.2242015527500000
0.9933838477343750 0.0101684138906250
0.0131600924375000 0.6853394758125000
0.3802524709218750 0.8699613589843750
0.8560570090937500 0.6288012935781250
0.0649521903593750 0.8518503415468750
0.6654462010156250 0.2741261370000000
0.1470492020156250 0.3178413309062500
0.5689367408125000 0.9778886650781250
0.5835930198437500 0.7363088253906250
0.7065826192343750 0.0487257487968750
0.1968019925000000 0.0483335677187500
0.4952177615625000 0.4449670103750000
0.8688597966250000 0.9575975546093750
0.2709268121562500 0.6154438459531250
0.8446325572656250 0.4601079032656250
0.3761347884531250 0.2393451546406250
0.9144070187812500 0.2083354114218750
0.0531678413750000 0.5428028866406250
0.4234841852031250 0.7600971662656250
0.8651483900468750 0.6933201900000000
0.2437650200156250 0.9156139589843750
0.7452177615625000 0.4449670103750000
0.0608459619218750 0.3150421034687500
0.6373646013593750 0.8153282215312500
0.6772060932812500 0.6215033024843750
0.5373016720156250 0.1436140827031250
0.1848499374687500 0.1256011977500000
0.2688983525312500 0.4426663158593750
0.9929721833750000 0.9312693305937501
0.4632061261875000 0.6706938323281250
0.7863223947031250 0.2912222521093750
0.4322303921562500 0.0758272058750000
0.9755574113750000 0.0757039393125000
0.0803436462031250 0.6693034388906250
0.4153691636093750 0.9490860745625000
0.9463745848437500 0.5522137555937500
0.0084667779843750 0.9639673724375000
0.5516456548125001 0.3246814372031250
0.1348517546875000 0.4583338528437500
0.5144884980468750 0.8153106508281250
0.5167023410312500 0.5686213037656250
0.6507469633125000 0.1224921603125000
0.0205386071250000 0.0577976916875000
0.3961404352031250 0.4319721662656250
0.7530221020937500 0.8493262772343750
0.3992066880625000 0.5744563308437500
0.9713312076250000 0.3675092992812500
0.2867636815156250 0.2112229935937500
0.8647598837031250 0.1048454359843750
0.1917391807500000 0.6763670618124999
0.3067584877343750 0.7952534521093750
0.8160623102031250 0.5701557600156250
0.1766456548125000 0.9496814372031250
0.5999817481250000 0.4886458919218750
0.1046463352187500 0.3881493634687500
0.6929794603281250 0.8969311904062500
0.7140631332812500 0.7291781703750000
0.6331974038593750 0.1612916939687500
0.0882189044218750 0.1608178974218750
0.3004332491093750 0.2586419201875000
0.8945957192968750 0.8673807137343750
0.4119514130468750 0.7098745650937500
0.8265157704843750 0.3503273255312500
0.2818244109375000 0.0559901028437500
0.7736581393125000 0.1775269758125000
0.0072373574531250 0.7042878211718751
0.4479578362968750 0.9247910285156250
0.9602818532343750 0.6390866826718750
0.0375037550000000 0.8226534897343750
0.6897709984531250 0.3587891569687500
0.1659292016250000 0.2599590687031250
0.5418737914531250 0.7564118363125000
0.7114576446093750 0.6175130289531250
0.5553033281250001 0.2408641788281250
0.2406678413750000 0.0720997616406250
0.3645096517656250 0.3738244229218750
0.9468019925000000 0.7983335677187500
0.3687650200156250 0.5406139589843750
0.9162993221093750 0.4113987886562500
0.4476910882031250 0.0496533712031250
0.8726861406250001 0.0475048038281250
0.1458333333281250 0.7044270833281250
0.2999083154218750 0.9329935339531250
0.8798584571093750 0.6100219295156249
0.1803033281250000 0.8033641788281251
0.5687329374218750 0.3793489802343750
0.2164494298437500 0.4577762847343750
0.5738748102031250 0.9080463850156250
0.5817471245156250 0.6764839127031250
0.5689367408125000 0.0403886650781250
0.0833333333281250 0.0208333333281250
0.4625000586718750 0.3970092342031250
0.8179794603281250 0.8969311904062500
0.3463671119531250 0.7308694897656250
0.7629741194687500 0.4792078662343750
0.4113591952812500 0.1360302445468750
0.8719197564218750 0.1488965352656250
0.1059219366406250 0.5035197052343749
0.3885139130468750 0.8973745650937500
0.7749317496875000 0.6423959209687500
0.1182953220468750 0.9754906720625000
0.7454467659218750 0.2536923253906250
0.1926346517656250 0.3269494229218750
0.6880201446093750 0.7605794352031250
0.6179721833750000 0.5562693305937501
0.6031716852031250 0.1936909162656250
0.0852974927187500 0.1940528397343750
0.4944969633125000 0.2865546603125000
0.9445424390937500 0.9590991337968749
0.4707892546875000 0.5208338528437499
0.8660157833281250 0.4010445425781250
0.3699482309531250 0.0951718121562500
0.9587196499687500 0.2312532312656250
0.1295521013593750 0.5497032215312500
0.3544013087656250 0.9400814666562500
0.9252197364531251 0.7262371589062500
0.1583767475781250 0.8262457341250000
0.5997079699843750 0.3183342708593750
0.0072509864531250 0.4938152839062500
0.7242523278437500 0.9802372086093750
0.7130372454531250 0.6837953378750000
0.6973654549531250 0.0915592624375000
0.0030221020937500 0.0993262772343750
0.3370453220468750 0.2958031720625000
0.8397279497031250 0.7562059376718751
0.4879535619062500 0.6890765787968750
0.9749817481250000 0.4886458919218750
0.4722661693437500 0.0974860390000000
0.9356471952500000 0.0992950028125000
0.2250348382031250 0.6141064962031250
0.2962471653281250 0.8501232344062500
0.7679506059531250 0.5057176564218751
0.2250348382031250 0.9891064962031250
0.6929680198437500 0.4199025753906250
0.0516572356406250 0.2562704578437500
0.5719121455625000 0.8108206975625000
0.6498130819531250 0.5263093021562500
0.5259803921562500 0.0055147058750000
0.2173742408125000 0.1810136650781250
0.3265646773750000 0.4133816560000000
0.9348499374687500 0.8756011977500000
0.2665041409375000 0.6744627181093750
0.8307203632656250 0.2945910447031250
0.3230732309531250 0.0404843121562500
0.8682953220468750 0.2254906720625000
0.1033543736250000 0.6053955204218751
0.3381968081093750 0.8182403236406250
0.8795521013593750 0.5497032215312500
0.0072509864531250 0.9313152839062500
0.5298672260937500 0.4093450993593750
0.1537386613281250 0.4004929376875000
0.5051018089062500 0.8960988644531250
0.5110753808281250 0.7341564563906250
0.6901628271875000 0.2164656791562500
0.1321910980000000 0.0165034035156250
0.4176393995000000 0.4456571691093750
0.7713243731718750 0.9860132099218750
0.3521489818437500 0.6101813515000000
0.9771970830781250 0.2716321379843750
0.4876790257031250 0.2205861410781250
0.7767049126718750 0.0103467305781250
0.2131968081093750 0.6932403236406250
0.4907445624843750 0.9400192153125000
0.8962329968437500 0.6722628710937500
0.2361356097656250 0.8022747834531250
0.6314204964843750 0.4173801807656250
0.2428328019062500 0.2793773248125000
0.6973654549531250 0.8415592624375000
0.6407124163906250 0.6754883317343749
0.6156678413750000 0.0720997616406250
0.0236581393125000 0.1775269758125000
0.3856237914531250 0.3189118363125000
0.8959299124843750 0.9884773703125000
0.4148759156250000 0.6500884485000000
0.9113489136875000 0.3624203592968750
0.2590839937968750 0.1851566278437500
0.9778756177187500 0.1745215897343750
0.1137362510625000 0.7414915735312499
0.4436894318750000 0.8513892352031250
0.7691289426093750 0.7125818313750000
0.0267049126718750 0.7603467305781250
0.5306221653281250 0.2876232344062500
0.0737551175000000 0.2670835677187500
0.6341905751250000 0.8958416456718750
0.6300480192343750 0.7311013173749999
0.7439226311718750 0.1744143535156250
0.0848785998750000 0.0656379250937500
0.2505201446093750 0.3230794352031250
0.8395790249687500 0.8284212000156250
0.4614576446093750 0.6175130289531250
0.7959065647656250 0.3478215536718750
0.3422149491562500 0.1456493886562500
0.8821910980000000 0.0165034035156250
0.1804566880625000 0.5744563308437500
0.2943196507031250 0.9788869223281250
0.8311471020937500 0.5368262772343750
0.1836262590312500 0.8912862147031250
0.5103813596718750 0.4973958657968750
0.1987785430000000 0.3874660206562500
0.5809571673281250 0.8695863535000000
0.7280420408593750 0.5334598452812500
0.6305348040937500 0.2215045480156250
0.0213243731718750 0.2360132099218750
0.4176393995000000 0.2581571691093750
0.9332643995000000 0.7547392003593750
0.2682084055000000 0.7359222611875000
0.9751485822812500 0.4307827902343750
0.4615917779843750 0.1827173724375000
0.9193015233125000 0.1319383256250000
0.1928888753906250 0.5236316532031250
0.4830575980312500 0.7689568014687500
0.9396166945000000 0.6159918431093750
0.0918954699843750 0.8027092708593750
0.6304119861093750 0.3707948357812500
0.0375037550000000 0.3773409897343750
0.5252403203281250 0.9935733439375000
0.5535157833281250 0.5572945425781251
0.5599636150781250 0.1070452975937500
0.1644070187812500 0.2083354114218750
0.3395143995000000 0.4500517003593750
0.7914084273749999 0.7649441560000000
0.2513986624843750 0.5265633078125000
0.8807014130468750 0.2723745650937500
0.4037870975000000 0.0170800474843750
0.8026403697656250 0.2413579032656250
0.0064367408125000 0.6028886650781250
0.3209667779843750 0.7764673724375000
0.7543093641562501 0.5869852150937500
0.0981812881875000 0.9019626882656250
0.5877366935937500 0.2666925029687500
0.1009467743750000 0.3167700118593750
0.6772060932812500 0.8090033024843750
0.6000348382031250 0.6141064962031250
0.5921693559531250 0.1307176564218750
0.2080386071250000 0.2452976916875000
0.2592041114531250 0.3766277839062500
0.7605732309531250 0.8783749371562500
0.3871210462968750 0.5181492915625000
0.7747089937968750 0.4039066278437500
0.2606513087656250 0.1158627166562500
0.8016572356406250 0.0687704578437500
0.1384483330156250 0.6266345789218750
0.3177732549531250 0.8872022063437500
0.9929721833750000 0.7437693305937501
0.2084066179062500 0.8728771930937500
0.6305664458125000 0.4986986356406250
0.0673008820781250 0.4924719988750000
0.6751185298593750 0.9635519665468750
0.5444473837031250 0.6439079359843750
0.6531799341093750 0.0253092897187500
0.1504782499375000 0.0882018612656250
0.4798346537500000 0.3265965294687500
0.9712876322187500 0.8684479234843751
0.3687587095468750 0.6847766240312499
0.9112980192343750 0.4811013173750000
0.3422959403593750 0.1956003415468750
0.9513304770156250 0.0074029952031250
0.0601669603281250 0.6278882216562500
0.3812774491562500 0.8331493886562500
0.8146001527968750 0.6703507531093750
0.1009304562812500 0.8488993762656249
0.6442161664531250 0.2629155707656250
0.1743413637343750 0.3353898156093750
0.6183838477343750 0.9476684138906249
0.5999817481250000 0.7386458919218750
0.7218267522656250 0.0478253233906250
0.2143801175000000 0.0014585677187500
0.4496332617343750 0.4819741357968750
0.8269884980468750 0.9559356508281250
0.3025939966093750 0.5887858522187500
0.8150477720468750 0.4655383427812500
0.3873070090937500 0.1913012935781250
0.9239610467187500 0.2459762958750000
0.0365309101406250 0.5597277634531250
0.4037870975000000 0.7670800474843750
0.8409210910312500 0.7248713037656250
0.2015662550000000 0.9320284897343750
0.7049450042500000 0.4659662941406250
0.0084667779843750 0.3389673724375000
0.6626391169531251 0.8597927965937500
0.6627450980312500 0.5638786764687500
0.5272296455156250 0.1778157572187500
0.1373353409218750 0.1463474538906250
0.2926052350781250 0.4634508666406250
0.9656697564218750 0.8852246602656250
0.4767350456875000 0.6608554648125000
0.7590271142656250 0.2775054823750000
0.3988387810312500 0.1159300112968750
0.9712876322187500 0.1184479234843750
0.0646001527968750 0.6703507531093750
0.3825279228593750 0.9533557703281250
0.9944689044218750 0.5123803974218750
0.0090088477343750 0.9945434138906249
0.5228056521875000 0.3394982603750000
0.1822569906875000 0.4627252608281250
0.5186471020937500 0.8493262772343750
0.5553033281250001 0.6158641788281251
0.6771482549531250 0.1215772063437500
0.0114647994531250 0.0113300505312500
0.4265395788593750 0.4148890084687500
0.8072564531250001 0.8346141788281251
0.4290556521875000 0.5894982603750000
0.9631968081093750 0.3338653236406250
0.2526628271875000 0.2164656791562500
0.8551841728593750 0.1213245203281250
0.1963745848437500 0.6459637555937500
0.2818244109375000 0.8059901028437499
0.8269884980468750 0.5809356508281250
0.1444338284375000 0.9400877181093750
0.5635597951718750 0.4815917654531250
0.0822891272031250 0.4089759799687500
0.7439226311718750 0.9244143535156250
0.7049450042500000 0.7159662941406250
0.6812871455625000 0.1701956975625000
0.1001704964843750 0.1361301807656250
0.2572296579531250 0.2633595180937500
0.9161032499375000 0.8538268612656250
0.4277895348281250 0.7006317439531250
0.8499532704843750 0.3737648255312500
0.2622931825156250 0.0150191092656250
0.8031831535000000 0.1468062110000000
0.0562650200156250 0.7281139589843750
0.4770339509375000 0.9310138084062500
0.9751485822812500 0.6807827902343750
0.0403245048125000 0.8702753293281250
0.7398904352031250 0.3694721662656250
0.1829539922031250 0.2612426033125000
0.5082963738750000 0.7782028583750000
0.7057683077343750 0.5726210780312500
0.5027607309531250 0.1986874371562500
0.2453262335156250 0.1000773224218750
0.3294948650781250 0.3492327975937500
0.9643801175000000 0.7514585677187500
0.3178888753906250 0.5236316532031250
0.9076519992031250 0.3799797802656250
0.4965082617343750 0.0366616357968750
0.8270016865156250 0.0491402184218750
0.1273313545000000 0.7121008801562499
0.2590839937968750 0.9351566278437500
0.9005943291093750 0.5981311609531250
0.1500087095468750 0.8097766240312499
0.5912870975000000 0.3920800474843750
0.2429721833750000 0.4937693305937500
0.5923742408125000 0.9310136650781250
0.6009346653281250 0.6313732344062500
0.5843937223593750 0.0542214345625000
0.0665714567343750 0.0215371083906250
0.4954868459218750 0.3797269839843750
0.8719197564218750 0.8988965352656250
0.3155221020937500 0.7243262772343750
0.7915258124843750 0.4478317153125000
0.4134174945156250 0.1715820817343750
0.8650583789062500 0.1756483058281250
0.0718024237968750 0.5228706257031250
0.4260038943750000 0.8793847349843750
0.7630370637343750 0.6710193015781249
0.1126649021250000 0.9429517554218750
0.6899521903593751 0.2893503415468750
0.2054794060312500 0.3678831362968750
0.7164498005000000 0.7708665827187500
0.5946906160781250 0.5164300981875000
0.5816873102031250 0.1892963850156250
0.1138362040468750 0.2408835392656250
0.4954467659218750 0.2536923253906250
0.9733021013593750 0.9559532215312500
0.4465839937968750 0.5601566278437500
0.8648904352031250 0.4319721662656250
0.3732082004687500 0.0698443312031250
0.9759612813437500 0.2242933757500000
0.1847355192343750 0.5045388173749999
0.3263304770156250 0.9449029952031250
0.8958333333281250 0.7044270833281250
0.1856471952500000 0.8492950028125000
0.5833333333281250 0.3177083333281250
0.0290039458125000 0.4752611356406250
0.6918464024375000 0.9505686958593750
0.6916260352343750 0.6373656795156249
0.7425887810312500 0.1159300112968750
0.0375037550000000 0.0726534897343750
0.3687871455625000 0.2951956975625000
0.8691837614218750 0.7824013662031249
0.4465839937968750 0.7476566278437500
0.9547374566718750 0.4729408603750000
0.4436894318750000 0.1013892352031250
0.8848618509687500 0.0950104234843750
0.2257936243750000 0.5646203237656250
0.2606513087656250 0.8658627166562500
0.7922929238125000 0.5134997486250000
0.2374622547968750 0.9615355667500000
0.7398544603281250 0.4281811904062500
0.0455642476562500 0.3031813152031250
0.6238315583750000 0.7750193305937501
0.6605049778281250 0.5024669844062500
0.5523544603281250 0.0380444716562500
0.2273773164843750 0.1425246438437500
0.3562525331875000 0.4167126814843750
0.9287933321093750 0.9127883157187500
0.3033015315468750 0.6364234580781249
0.8738044403906250 0.2987417525937500
0.3647864251093750 0.0089161609218750
0.8443244109375000 0.2434901028437500
0.0943244109375000 0.6184901028437499
0.3213792648593750 0.8541366285000001
0.9273904352031250 0.5257221662656250
0.0056079968437500 0.8910128710937500
0.5611788468750000 0.4027207208906250
0.1683710462968750 0.4243992915625000
0.5421537506875000 0.9147040663593750
0.5502197364531251 0.7262371589062500
0.7114576446093750 0.2425130289531250
0.1466124594375000 0.0415826827031250
0.3953439007968750 0.4625060456562500
0.8020096517656250 0.9753869229218750
0.3323680547031250 0.6245238533125000
0.9937871455625000 0.2951956975625000
0.4415714567343750 0.2090371083906250
0.7787645947187500 0.0439120764531250
0.1919312881875000 0.7300876882656250
0.4876790257031250 0.9705861410781250
0.9244600112656250 0.6665150619687500
0.2143801175000000 0.7514585677187500
0.6656133176093750 0.3844568313750000
0.2272258714218750 0.2566847455156250
0.6920521013593750 0.8714805652812500
0.6819689044218750 0.6686303974218750
0.6203262335156250 0.1000773224218750
0.0338312076250000 0.1487592992812500
0.4357430458281250 0.3578173326406250
0.8944338284375000 0.9400877181093750
0.4357430458281250 0.6703173326406250
0.8919933576406250 0.3354200896562500
0.2882924390937500 0.1700366337968750
0.9580386071250000 0.1515476916875000
0.0843720793906250 0.6952353015937500
0.4779878532500000 0.8649686412656250
0.7994584055000000 0.6988128861875000
0.0414084273750000 0.7649441560000000
0.5272296455156250 0.3028157572187500
0.1238044403906250 0.2987417525937500
0.6506819859687500 0.9195207230781250
0.6474319874218750 0.7046764844062500
0.7231812881875000 0.1519626882656250
0.0848289945625000 0.0971015353125000
0.2950204699843750 0.3183342708593750
0.8647598837031250 0.8548454359843750
0.4845050361406250 0.5651448587812500
0.8108459619218750 0.3150421034687500
0.3664174390937500 0.1778491337968750
0.9176052350781250 0.0103258666406250
0.1595092659218750 0.5700985753906250
0.3025939966093750 0.9637858522187500
0.8498016720156250 0.5186140827031250
0.1528723626093750 0.8812306140468750
0.5536819874218750 0.4546764844062500
0.2313049341093750 0.4003092897187500
0.6203262335156250 0.8500773224218749
0.7217802615625000 0.5045373228750000
0.6295391538593750 0.2073806185625000
0.0522864251093750 0.1964161609218750
0.4173253808281250 0.2966564563906250
0.8821910980000000 0.7665034035156250
0.3079467659218750 0.6911923253906250
0.9487785430000000 0.3874660206562500
0.4544722188437500 0.1543454132968750
0.9287933321093750 0.1627883157187500
0.2279154965156250 0.5057846464375000
0.4435207004687500 0.7856646437031251
0.9903624594375000 0.6040826827031250
0.1226861406250000 0.7975048038281251
0.6813893528437500 0.3314259848281250
0.0258385934062500 0.4325988800937500
0.5492294060312500 0.9460081362968750
0.5494600112656250 0.5102650619687500
0.5186471020937500 0.0993262772343750
0.1444338284375000 0.1900877181093750
0.3463671119531250 0.4808694897656250
0.7864824781093750 0.8096193425781250
0.2892350456875000 0.5046054648125000
0.9322153875468751 0.2983828835625000
0.4193386150781250 0.0563861179062500
0.7860353909375000 0.2281736556093750
0.0415258124843750 0.5884567153125000
0.3647864251093750 0.7589161609218750
0.7724319874218750 0.5640514844062500
0.0735429238125000 0.9119372486250000
0.6187871455625000 0.2951956975625000
0.0716909203750000 0.3653057483906250
0.6511556413437500 0.7914410358593750
0.5840555015781250 0.5945266128281250
0.5667391807500000 0.1451170618125000
0.2281716852031250 0.1936909162656250
0.2796896773750000 0.3899441560000000
0.8062650200156249 0.9156139589843750
0.4069401827343750 0.5184218592812500
0.7633737802500000 0.3828674953906250
0.2962471653281250 0.1001232344062500
0.8121543065156250 0.1160081498437500
0.1409737278281250 0.6587169844062500
0.3422149491562500 0.8956493886562500
0.9839185821093750 0.7112630289531250
0.2105491965937500 0.8153247310781250
0.6440903165781250 0.4400123019218750
0.0843720793906250 0.4452353015937500
0.6300989136875000 0.9874203592968750
0.5059181635000000 0.6338393811250000
0.6343837095468750 0.0129016240312500
0.1803033281250000 0.0846141788281250
0.4661966062656250 0.3147290402343750
0.9703275200156249 0.8433483339843750
0.3542274624687500 0.6762910730625000
0.8928951496562501 0.4400763907500000
0.3521489818437500 0.2351813515000000
0.9389019992031250 0.0352532177656250
0.0091327275312500 0.6555569408593750
0.4120233900468750 0.8394383540625000
0.8246332617343750 0.6382241357968750
