0.4638977050781250 0.7234721183776855
-0.6026841402053833 0.3108805418014526
0.2932898998260498 -0.1001451015472412
-0.4872350692749023 -0.5711880922317505
0.0965117216110229 0.6026775836944580
-0.2498360872268677 -0.2420430779457092
0.8460738658905029 -0.7779613137245178
0.0581302642822266 0.6523549556732178
0.8762915134429932 0.8970059156417847
0.8891922235488892 0.0590975284576416
-0.7172057628631592 0.8627368211746216
0.1744621992111206 -0.9354423880577087
0.7071886062622070 0.9438456296920776
0.4972543716430664 0.3056825399398804
-0.5697739124298096 -0.8067190051078796
0.6251702308654785 0.7600452899932861
0.7113288640975952 -0.4847338199615479
-0.4353836774826050 -0.8040434718132019
0.1432698965072632 0.5598969459533691
-0.2002387046813965 0.0131875276565552
0.2956657409667969 -0.6147782802581787
0.5234167575836182 0.2477742433547974
-0.8845347166061401 -0.6441972255706787
-0.3373820185661316 0.9420638084411621
0.3551093339920044 -0.1766783595085144
0.0115485191345215 0.8793303966522217
-0.9466578364372253 -0.1812565326690674
0.8155621290206909 -0.2183550596237183
-0.8254446983337402 -0.4236527085304260
0.8717623949050903 -0.3298220634460449
0.9682925939559937 -0.9104503393173218
-0.6560760140419006 0.1031758785247803
0.1010105609893799 0.9912071228027344
0.5558035373687744 0.4517608880996704
-0.0335907936096191 -0.5953368544578552
0.2351981401443481 -0.6839880347251892
0.1051276922225952 -0.2332221865653992
0.5992350578308105 0.0739496946334839
0.7215309143066406 0.3896389007568359
0.4392908811569214 -0.5030649900436401
0.6584240198135376 -0.2973765134811401
-0.0583949089050293 0.8617453575134277
0.3550208806991577 -0.7481962442398071
0.9663286209106445 0.1944003105163574
-0.1933355927467346 -0.1233824491500854
-0.4722445011138916 0.5428018569946289
0.7308373451232910 -0.5310195684432983
0.4062862396240234 -0.7470131516456604
-0.2053471803665161 -0.2745081186294556
0.7090847492218018 0.4465683698654175
0.9799348115921021 0.6142773628234863
0.3133345842361450 -0.4610636234283447
-0.2690606713294983 0.5336147546768188
0.8399865627288818 -0.5201387405395508
-0.6064752936363220 -0.5489584803581238
-0.4092181324958801 0.4892320632934570
-0.2099860906600952 -0.5872039198875427
-0.9221170544624329 0.9359374046325684
-0.4741199016571045 -0.3572874069213867
-0.0740078687667847 0.7945542335510254
0.1388028860092163 0.2911128997802734
0.1466414928436279 -0.9857459068298340
-0.7078703045845032 -0.7683843374252319
-0.7581033706665039 -0.7330855131149292
-0.0354003906250000 -0.3722316622734070
-0.9660737514495850 0.8261889219284058
0.8503249883651733 0.4005659818649292
0.8421611785888672 0.7969785928726196
0.8987650871276855 -0.1065736413002014
-0.6781610250473022 0.1642340421676636
0.8814359903335571 0.6983499526977539
0.4473129510879517 0.5343838930130005
0.4384633302688599 0.7821178436279297
-0.8184547424316406 -0.3125331401824951
-0.5036581754684448 -0.7289489507675171
-0.5817772746086121 -0.6882401108741760
0.2824065685272217 -0.0340114831924438
0.8750565052032471 -0.9183832406997681
0.5428525209426880 -0.1131615042686462
-0.2912631630897522 -0.3082734346389771
-0.7185265421867371 -0.8199689984321594
-0.2961228489875793 0.5996375083923340
-0.3394564390182495 0.2869309186935425
0.6908190250396729 0.0369104146957397
0.2420085668563843 0.6001875400543213
-0.9806049466133118 -0.7138636708259583
0.4839975833892822 0.6304341554641724
-0.7459068298339844 0.9756784439086914
-0.4506577849388123 0.4442133903503418
-0.1129087805747986 -0.5511699914932251
0.5241278409957886 0.8574784994125366
0.5087026357650757 0.7687888145446777
0.3871378898620605 0.2147228717803955
0.9996415376663208 0.4366637468338013
-0.2697889804840088 -0.7907253503799438
-0.5775018930435181 -0.0238889455795288
-0.8948774933815002 -0.1240752935409546
-0.5651639699935913 0.8660941123962402
0.4071805477142334 0.6658140420913696
0.3719382286071777 0.0281127691268921
0.8772977590560913 -0.8361555933952332
0.8020042181015015 0.1891607046127319
-0.3043822646141052 -0.6239902377128601
0.6330604553222656 0.4471880197525024
0.0401580333709717 0.1056796312332153
-0.4269565939903259 0.8262399435043335
0.5789619684219360 0.2811365127563477
-0.6788690090179443 0.5385925769805908
0.3842955827713013 0.4172692298889160
0.5256062746047974 -0.5138583779335022
-0.5436470508575439 0.3590786457061768
-0.1209579706192017 -0.1811968088150024
-0.0487498641014099 0.2014850378036499
-0.6908535957336426 -0.0304687619209290
-0.9684112668037415 0.0329535007476807
-0.0208746194839478 -0.2830739617347717
-0.3814877271652222 -0.4422426223754883
0.4853813648223877 -0.9941251277923584
-0.9474302530288696 -0.3588886260986328
0.6137293577194214 -0.9828822612762451
-0.7592014670372009 0.6234188079833984
0.2039060592651367 0.1923968791961670
0.2736355066299438 0.2139061689376831
-0.0776163935661316 -0.4006316065788269
0.3810518980026245 0.6095079183578491
0.1536662578582764 -0.5564321279525757
-0.7789591550827026 -0.1771395802497864
-0.9890455007553101 -0.2493797540664673
-0.5124506950378418 -0.4368517994880676
-0.1133990883827209 0.1170545816421509
-0.6122838258743286 0.4430774450302124
-0.7655130028724670 0.2652162313461304
0.7065540552139282 0.7445595264434814
-0.5632015466690063 -0.1506581902503967
-0.4030398726463318 0.9978798627853394
0.0871725082397461 -0.8779261112213135
-0.3319145441055298 -0.9862803816795349
0.7612339258193970 0.3314285278320312
0.8939179182052612 -0.0302139520645142
0.0562200546264648 0.3205914497375488
-0.1231707334518433 -0.3201503753662109
-0.2019500136375427 -0.4610441327095032
-0.8404164314270020 -0.0468246340751648
-0.6467020511627197 0.9927403926849365
0.8214468955993652 -0.4457167983055115
0.5876342058181763 0.8031845092773438
-0.0415388345718384 0.5015592575073242
0.7918885946273804 0.3722717761993408
0.2485202550888062 0.5290938615798950
0.3274281024932861 0.7539576292037964
-0.1217012405395508 0.9048337936401367
0.3277461528778076 -0.4085109829902649
0.6599975824356079 0.7049815654754639
0.4525492191314697 0.1987363100051880
-0.7078252434730530 0.7790561914443970
0.5249422788619995 -0.3264622092247009
0.3328776359558105 0.3520884513854980
-0.3649289608001709 -0.5092911720275879
0.4454650878906250 0.8441351652145386
0.4939953088760376 -0.2268849015235901
-0.9019783139228821 -0.3324892520904541
0.8098416328430176 0.9379665851593018
-0.4487929940223694 0.1517294645309448
-0.9428184628486633 -0.0120497941970825
0.3747130632400513 -0.2690077424049377
0.4267457723617554 -0.9378134012222290
-0.2395164370536804 -0.6531926393508911
-0.4900488853454590 0.2107893228530884
-0.7994141578674316 0.9057606458663940
-0.3115975856781006 0.4581822156906128
0.7187422513961792 -0.6842886805534363
-0.4433273077011108 0.3288712501525879
0.4625605344772339 -0.0706784725189209
-0.2601431608200073 -0.9735097885131836
0.6885293722152710 -0.6420006752014160
-0.1135352849960327 0.5882829427719116
-0.5667305588722229 0.1357638835906982
-0.7646022439002991 0.4455494880676270
-0.4636350274085999 0.0263701677322388
0.4227459430694580 0.9219003915786743
0.1848458051681519 -0.4692425131797791
-0.7740488052368164 -0.0664513111114502
0.0067613124847412 0.5817620754241943
-0.3447266817092896 0.3882600069046021
0.4554238319396973 0.9815849065780640
-0.0732747316360474 -0.7774350643157959
0.9849691390991211 0.0666109323501587
0.2802650928497314 0.4240533113479614
0.2352844476699829 0.9421883821487427
0.3674503564834595 -0.9920865297317505
0.8868951797485352 -0.7061642408370972
-0.6168467998504639 0.3835233449935913
-0.0131629109382629 -0.1064360737800598
-0.9139524698257446 0.6572710275650024
0.0982112884521484 0.0532650947570801
0.7885141372680664 0.2823368310928345
-0.0678613781929016 -0.4874855875968933
-0.9999302029609680 0.5967930555343628
0.2483094930648804 -0.9411092996597290
-0.8247646093368530 0.4864884614944458
0.6848794221878052 -0.3948680162429810
-0.1752798557281494 0.1609141826629639
-0.4653891921043396 -0.6510310769081116
0.3190207481384277 0.1661140918731689
-0.7514537572860718 -0.5533370971679688
0.3914154767990112 0.7387996912002563
0.0569599866867065 -0.9463832378387451
0.1432256698608398 -0.6379979252815247
0.5208926200866699 -0.6712003350257874
0.9512388706207275 0.3970456123352051
-0.8611784577369690 0.3562459945678711
-0.4115713834762573 0.1920435428619385
0.1095507144927979 0.1982733011245728
0.5666959285736084 0.6759352684020996
-0.5875073671340942 0.0469591617584229
-0.8112727403640747 0.3340584039688110
0.4243291616439819 -0.8308400511741638
-0.6124830245971680 0.1880283355712891
-0.2815541028976440 0.7144562005996704
-0.4278036355972290 0.0762636661529541
0.2815213203430176 -0.7684994339942932
0.2405254840850830 0.3563361167907715
0.1871390342712402 0.8899314403533936
0.6934968233108521 -0.8409658074378967
-0.6319890022277832 -0.9093399047851562
-0.2054700851440430 0.9504190683364868
-0.5742555856704712 -0.4378490447998047
-0.8243275880813599 0.8032549619674683
-0.3274818062782288 -0.9258670210838318
0.7997536659240723 -0.3057092428207397
-0.7056468725204468 -0.6450032591819763
-0.3907590508460999 -0.0870517492294312
0.4301337003707886 -0.1255281567573547
0.6375582218170166 -0.5753562450408936
0.9404056072235107 0.0129597187042236
0.2295333147048950 0.4106469154357910
-0.5421346426010132 0.6946694850921631
0.2694896459579468 -0.2416187524795532
-0.2166551947593689 0.0674030780792236
-0.8496944904327393 0.2709224224090576
-0.9181376695632935 -0.2848855257034302
-0.9292718172073364 0.9922505617141724
0.9989210367202759 -0.6932237148284912
-0.1178246140480042 0.6928087472915649
0.0593532323837280 -0.8292776346206665
0.2102304697036743 -0.5959429144859314
0.1227539777755737 -0.1284167170524597
-0.5175252556800842 0.0599031448364258
0.1380305290222168 -0.8258500099182129
-0.9402071833610535 -0.9130011796951294
0.1969712972640991 -0.3780097961425781
0.4886081218719482 -0.9309649467468262
-0.2077509760856628 0.8633265495300293
0.6966708898544312 0.3315764665603638
0.5832872390747070 -0.8124275207519531
-0.9423097372055054 -0.5532855391502380
0.8541544675827026 -0.1294400691986084
-0.3277735114097595 -0.7548331022262573
-0.8342734575271606 -0.5474923849105835
0.7153953313827515 0.8854238986968994
0.1545659303665161 0.7609550952911377
0.6915626525878906 -0.2347521185874939
-0.4432771801948547 -0.0289617776870728
0.4802983999252319 0.4166976213455200
-0.8955711722373962 -0.5189827680587769
0.4769220352172852 -0.0061050653457642
-0.9123150706291199 0.7616035938262939
-0.5340399742126465 -0.3273561000823975
0.7718499898910522 -0.0951231122016907
0.1712485551834106 0.4413446187973022
0.2602132558822632 0.0294055938720703
0.8763635158538818 0.6270596981048584
0.8174718618392944 0.5676478147506714
-0.8641163110733032 0.7323263883590698
0.6451940536499023 -0.9283038973808289
0.7543636560440063 -0.9424837231636047
-0.8488697409629822 -0.2088919281959534
0.0796028375625610 -0.5815514922142029
0.6113797426223755 0.2155209779739380
0.3128324747085571 -0.8530508875846863
0.0463627576828003 0.8154996633529663
-0.3311004042625427 0.7234537601470947
0.6052759885787964 -0.4069694876670837
0.5166486501693726 0.0768893957138062
-0.7694211006164551 0.7750701904296875
-0.3054713606834412 0.3556511402130127
0.0483747720718384 0.7103941440582275
0.8898119926452637 0.3341892957687378
-0.8971186876296997 0.8617986440658569
0.7193279266357422 -0.0130411386489868
0.0666788816452026 0.2257193326950073
-0.2287061214447021 -0.5255856513977051
0.7344117164611816 -0.3821468949317932
0.4305748939514160 0.3338171243667603
0.2204514741897583 -0.1379183530807495
-0.9404547810554504 0.4082595109939575
-0.2228071689605713 -0.8409283757209778
-0.5418266654014587 -0.2091534137725830
0.2969335317611694 -0.9116102457046509
-0.6921657323837280 -0.3534519076347351
-0.0798326134681702 -0.6166530251502991
0.0211317539215088 -0.1865286827087402
0.5424946546554565 -0.2731901407241821
-0.6661173105239868 0.4364806413650513
0.9349811077117920 -0.4583587050437927
-0.6896174550056458 -0.5670394897460938
0.5640550851821899 0.0311499834060669
0.0222867727279663 0.1870805025100708
0.7903604507446289 0.7822010517120361
0.1903640031814575 0.5173374414443970
-0.2775221467018127 0.1164466142654419
0.3642233610153198 -0.4781540036201477
-0.4337192177772522 -0.2245674133300781
0.6251822710037231 -0.0156383514404297
-0.3122268915176392 0.0411996841430664
-0.3262625336647034 -0.3990310430526733
0.8135836124420166 -0.8692803382873535
-0.9268065690994263 0.1699687242507935
-0.6355820894241333 0.8691149950027466
0.3642201423645020 0.0777553319931030
0.5140039920806885 0.9413146972656250
-0.6223829984664917 -0.8233240842819214
-0.6045912504196167 -0.0818854570388794
-0.4994442462921143 -0.9058903455734253
0.5217323303222656 0.5184416770935059
0.7350209951400757 0.1328170299530029
-0.9191541075706482 0.7070240974426270
-0.1737259030342102 -0.3440591692924500
-0.1965358257293701 0.6230247020721436
0.0586972236633301 -0.3050561547279358
-0.9722946286201477 0.0919288396835327
-0.3986706733703613 0.6941747665405273
0.2429648637771606 -0.8399699330329895
-0.7296717166900635 0.0394233465194702
0.1735836267471313 -0.0680983066558838
-0.4890151619911194 -0.7879698276519775
-0.9782220125198364 0.2262616157531738
-0.0464429259300232 -0.9157286882400513
-0.3183528780937195 0.7841467857360840
-0.1210523247718811 0.9993954896926880
-0.6471862792968750 -0.2783676981925964
-0.9752315878868103 0.7539227008819580
0.7116886377334595 0.5320811271667480
0.0380061864852905 -0.7593789696693420
0.8486948013305664 -0.6144520640373230
-0.8855206370353699 -0.8204131126403809
0.1873205900192261 0.3748147487640381
-0.4777122735977173 -0.1675483584403992
-0.5987446308135986 0.6456788778305054
0.9278504848480225 0.9984645843505859
0.5908006429672241 0.3771947622299194
0.9612478017807007 0.7775794267654419
0.8960564136505127 -0.6550676226615906
0.4963293075561523 -0.4019870162010193
0.1152247190475464 -0.7218335270881653
0.9164656400680542 0.8426649570465088
-0.8910416364669800 0.4259846210479736
-0.2392596602439880 0.2149091958999634
0.1733579635620117 -0.2767120599746704
-0.7416208982467651 -0.4791430830955505
-0.9566509723663330 -0.1133988499641418
0.4781666994094849 -0.3550873994827271
-0.5167427062988281 0.8468546867370605
-0.6923024058341980 0.3664041757583618
0.2353907823562622 0.0967724323272705
0.2310370206832886 0.8389998674392700
0.5857872962951660 -0.5532492399215698
-0.5076021552085876 0.6023565530776978
-0.0009047985076904 0.3054885864257812
-0.2453504800796509 0.3768267631530762
0.0548312664031982 -0.6326209306716919
0.5982226133346558 -0.6877181529998779
-0.3687691092491150 -0.7917245626449585
-0.3659806847572327 0.8344298601150513
0.8184123039245605 0.0337228775024414
0.9517500400543213 0.3284363746643066
0.1979670524597168 0.0214719772338867
-0.8327431678771973 -0.1197659969329834
-0.6552906036376953 0.8149286508560181
-0.4520680904388428 -0.8570134639739990
0.9651640653610229 -0.1927478909492493
0.3908413648605347 0.8815962076187134
-0.6694815158843994 0.3148746490478516
0.6396623849868774 0.8881008625030518
0.9079334735870361 -0.7813708186149597
-0.6408232450485229 -0.0167513489723206
0.0563387870788574 0.5311167240142822
-0.6774892210960388 0.2392721176147461
-0.2280766963958740 0.4754537343978882
0.2956416606903076 0.9033087491989136
-0.7796538472175598 0.1157323122024536
0.6489076614379883 0.5600486993789673
0.3759073019027710 0.4919915199279785
-0.4599071145057678 -0.0977500677108765
-0.0859211683273315 0.3976788520812988
0.6586456298828125 -0.1772590875625610
0.2745499610900879 -0.4270895123481750
0.3826397657394409 -0.7993983030319214
-0.3487852215766907 0.5273919105529785
0.4622368812561035 -0.5808862447738647
-0.9367493391036987 0.6018667221069336
-0.7318336963653564 -0.2946894168853760
0.3017891645431519 0.6344023942947388
0.0234831571578979 -0.5899491310119629
0.6489043235778809 -0.7266051173210144
0.5420289039611816 0.1900745630264282
-0.0369800329208374 -0.6740522384643555
-0.8572282195091248 -0.2679975032806396
-0.7128763794898987 -0.4269210696220398
-0.1536140441894531 -0.0278410911560059
-0.9694784879684448 0.4792321920394897
0.4885702133178711 0.1207641363143921
0.2205352783203125 0.2548747062683105
-0.9623005390167236 -0.4554855823516846
0.2086482048034668 -0.2085209488868713
-0.3542828559875488 -0.3176110386848450
-0.4284865856170654 -0.9744105935096741
-0.1081432104110718 -0.9835477471351624
-0.5566309690475464 0.7708300352096558
0.1344244480133057 -0.1826228499412537
-0.6294320225715637 -0.6681742668151855
0.6531503200531006 0.9558742046356201
-0.4468055963516235 0.3935526609420776
-0.6017424464225769 -0.4886674284934998
-0.5187563300132751 0.9249764680862427
0.8184312582015991 0.8516298532485962
0.9706522226333618 -0.1331860423088074
0.8247129917144775 -0.9868469834327698
-0.1474500894546509 -0.8479494452476501
-0.7883087992668152 -0.7999699115753174
-0.4445070624351501 0.6192432641983032
0.9763824939727783 -0.7642284631729126
0.8063521385192871 0.7180157899856567
-0.5629737377166748 0.4324733018875122
-0.7872013449668884 -0.9159992933273315
-0.3153300881385803 -0.8619141578674316
-0.6881445050239563 0.9125590324401855
0.7619658708572388 0.6438666582107544
-0.7264076471328735 0.7084147930145264
0.3466804027557373 -0.5430087447166443
-0.4902878403663635 -0.3022244572639465
0.2362557649612427 0.7677763700485229
0.5273463726043701 0.7116945981979370
-0.1592136621475220 0.4414256811141968
-0.5870974063873291 -0.9548848271369934
0.1338729858398438 0.4045920372009277
0.5570272207260132 -0.4466649293899536
-0.8414631485939026 -0.6053051948547363
0.3815313577651978 0.2760910987854004
-0.9406683444976807 -0.6119982004165649
0.9763118028640747 -0.8546016216278076
-0.3557824492454529 0.6273064613342285
-0.3739493489265442 -0.3745095133781433
-0.5741282701492310 0.5678689479827881
-0.6208210587501526 -0.3233442902565002
-0.6596763730049133 -0.1235102415084839
-0.5550224781036377 0.2049727439880371
0.9852577447891235 -0.9712248444557190
-0.0706630945205688 0.6204662322998047
0.1299232244491577 0.9120742082595825
0.9129872322082520 -0.2246403098106384
0.6408094167709351 -0.5121456384658813
-0.4471731185913086 0.9005005359649658
0.6536890268325806 0.1482478380203247
-0.9911831021308899 -0.9833723306655884
0.4844034910202026 -0.7258555889129639
-0.2688671350479126 0.2809979915618896
-0.9593379497528076 0.9023566246032715
-0.5123044848442078 0.2827429771423340
-0.0206810235977173 0.0990101099014282
-0.3241616487503052 -0.0857343673706055
0.8592022657394409 -0.1833143234252930
-0.2308648228645325 -0.8937783241271973
-0.9137907624244690 -0.7012315988540649
0.9089006185531616 0.5787043571472168
0.2092092037200928 -0.5175628662109375
-0.3380131721496582 0.1544291973114014
0.4304471015930176 -0.4314865469932556
-0.2671214938163757 -0.7190588712692261
-0.6196894645690918 0.7449343204498291
-0.5185192227363586 -0.4940879940986633
0.8961566686630249 0.1906031370162964
0.0693647861480713 -0.4139382839202881
0.1066557168960571 -0.3761358857154846
0.5784770250320435 0.1425535678863525
0.0949215888977051 -0.4641413092613220
0.2885216474533081 -0.5417505502700806
0.6350933313369751 -0.8251912593841553
-0.7990033030509949 0.0040099620819092
-0.0127990841865540 -0.9882544279098511
-0.0042123198509216 0.6432862281799316
0.1416536569595337 0.6361869573593140
-0.7766622304916382 0.6884192228317261
0.3647743463516235 -0.3543217778205872
-0.8119503855705261 -0.9848563075065613
-0.7385314702987671 -0.9895760416984558
0.9402742385864258 -0.3385096192359924
0.9381839036941528 -0.7193033695220947
-0.7503661513328552 0.5704002380371094
-0.1093299984931946 0.3070957660675049
0.5362386703491211 0.6284162998199463
-0.4195702075958252 -0.1288211345672607
0.3125060796737671 0.8440393209457397
0.5496081113815308 -0.9128845334053040
-0.5639750957489014 0.9880634546279907
-0.7212237119674683 -0.1957077980041504
-0.4652819037437439 -0.4861448407173157
-0.3915798068046570 0.5783573389053345
-0.2169326543807983 0.3309875726699829
-0.8369068503379822 -0.7348090410232544
0.4594924449920654 -0.6488108038902283
0.6823976039886475 0.2349276542663574
0.5399556159973145 -0.9620027542114258
-0.8843007087707520 0.1239167451858521
-0.5837590694427490 0.2623347043991089
-0.3572657704353333 -0.6180064082145691
0.5516213178634644 0.9798905849456787
0.9951192140579224 -0.4765434265136719
-0.0236434936523438 -0.1582843661308289
-0.4122947454452515 -0.7207820415496826
-0.1397225856781006 0.7774909734725952
-0.2365659475326538 0.7917824983596802
-0.9991403818130493 0.6575621366500854
-0.9956191182136536 -0.3043905496597290
0.5961867570877075 -0.1475474238395691
0.3831796646118164 -0.6708734035491943
-0.1996042132377625 0.7337384223937988
-0.1599410176277161 0.5127750635147095
-0.2929738759994507 0.8581891059875488
-0.0546334385871887 -0.0028173923492432
0.2012034654617310 -0.8706306219100952
0.9574542045593262 0.6593199968338013
0.7104570865631104 -0.0627865791320801
0.3115702867507935 0.2700741291046143
-0.2591353058815002 0.0354379415512085
0.3201080560684204 -0.2375742793083191
-0.0279887318611145 -0.8488051295280457
-0.8407343029975891 0.5485987663269043
0.1943223476409912 0.6211433410644531
-0.8876841068267822 0.2024060487747192
-0.8156594038009644 0.1813089847564697
-0.1922302246093750 -0.2046594023704529
-0.1281260251998901 -0.7483299970626831
0.7426967620849609 -0.8151043057441711
-0.8187854290008545 0.9554948806762695
0.9938813447952271 -0.6077176928520203
-0.5349013805389404 0.4881145954132080
0.2762733697891235 0.3190392255783081
0.7456561326980591 0.1896365880966187
-0.8707964420318604 0.9315119981765747
-0.9522280693054199 0.3216094970703125
-0.0208437442779541 -0.7331917881965637
-0.0554922819137573 0.1418319940567017
0.9385336637496948 -0.6272780299186707
0.9037876129150391 -0.2806716561317444
0.9691137075424194 0.7213816642761230
0.8763989210128784 0.4711678028106689
0.3460416793823242 0.6606755256652832
0.8621945381164551 -0.2424798011779785
0.1033271551132202 -0.0261780023574829
-0.4088844060897827 0.2682874202728271
0.2994801998138428 -0.1531968712806702
-0.0244046449661255 -0.4445172548294067
-0.0828266143798828 -0.7138608694076538
0.4467591047286987 -0.1772898435592651
-0.0951247215270996 -0.8515877723693848
-0.7765634059906006 -0.6828606128692627
-0.8875061869621277 -0.4319307208061218
0.4065248966217041 0.1209753751754761
-0.2465447783470154 -0.1738210320472717
0.5907948017120361 -0.0543082356452942
0.7635536193847656 0.4532060623168945
-0.4964627027511597 0.7719373703002930
0.9673694372177124 0.1354787349700928
-0.0468754768371582 -0.2125796079635620
-0.5229781270027161 -0.8273306488990784
-0.1336718201637268 0.2351084947586060
-0.5709202289581299 -0.2784540653228760
0.6183267831802368 0.3327494859695435
0.8972426652908325 0.1165106296539307
-0.2310017943382263 0.1472040414810181
-0.1075091361999512 -0.0504459142684937
-0.3790640234947205 -0.9119212031364441
0.2261886596679688 -0.0742263197898865
-0.6487697362899780 0.6802928447723389
-0.8097172379493713 -0.8635030388832092
0.3723231554031372 0.8269391059875488
-0.2358224391937256 -0.3263053297996521
0.7533558607101440 0.9803365468978882
-0.8603558540344238 0.0228519439697266
0.8737763166427612 0.2748966217041016
-0.6658641099929810 0.0459669828414917
0.3696507215499878 -0.1236985325813293
0.9328492879867554 0.9397752285003662
-0.1939343214035034 -0.6993948221206665
0.6625298261642456 0.3695960044860840
-0.2237631082534790 -0.4099486470222473
0.5847840309143066 -0.2447551488876343
-0.3939830064773560 0.0315428972244263
-0.6523528695106506 -0.5289026498794556
0.7642581462860107 -0.1494306325912476
-0.0410706996917725 0.9697998762130737
0.0042244195938110 0.9926705360412598
0.4687714576721191 -0.2996466159820557
0.7488889694213867 0.5929604768753052
-0.6250239610671997 0.9228243827819824
-0.7509774565696716 -0.3693503141403198
-0.0928107500076294 -0.2621422410011292
-0.7236936092376709 0.1321572065353394
-0.0141569375991821 0.2515300512313843
-0.4207324981689453 -0.3221805691719055
-0.8265593051910400 0.6294758319854736
0.7054350376129150 -0.1584370136260986
-0.6424223184585571 -0.4313335418701172
-0.1403718590736389 -0.4114665389060974
-0.2600240111351013 0.9976748228073120
0.1439706087112427 0.0828187465667725
-0.8002262115478516 0.7352951765060425
-0.2707915306091309 -0.4700576663017273
0.9616519212722778 -0.2923685312271118
-0.4328399896621704 -0.4407158493995667
0.0417685508728027 0.3976131677627563
0.8308296203613281 -0.6865546703338623
-0.0648159980773926 0.6776334047317505
0.0577449798583984 -0.5360738039016724
0.3375008106231689 0.9812121391296387
-0.7517659664154053 -0.1132231354713440
-0.3596250414848328 -0.1751270294189453
0.3603098392486572 -0.0384616255760193
-0.5645298957824707 -0.3814156651496887
-0.7157931327819824 0.4886465072631836
-0.7640167474746704 -0.4303779006004333
0.9328751564025879 -0.5128765702247620
-0.6710898876190186 -0.2187927365303040
-0.8829418420791626 -0.9384251236915588
0.7929003238677979 -0.5644055604934692
-0.2574386596679688 0.6466971635818481
-0.5099356770515442 -0.1027921438217163
0.3161512613296509 0.4926670789718628
0.0502427816390991 0.0215184688568115
-0.4135102629661560 -0.5600405931472778
-0.2986902594566345 -0.5515042543411255
0.3891991376876831 0.5483411550521851
0.7396557331085205 -0.2570274472236633
-0.4292862415313721 0.7698057889938354
-0.7484967708587646 -0.2387729287147522
0.7862050533294678 -0.7630246877670288
0.5241972208023071 -0.0663607120513916
0.9327670335769653 0.4764233827590942
0.5575102567672729 0.9012807607650757
-0.8947921991348267 -0.7582699060440063
-0.3503646850585938 -0.2602170109748840
-0.2695303559303284 -0.0857703685760498
-0.1737956404685974 -0.9083153009414673
0.3481944799423218 -0.6213542222976685
0.6593126058578491 0.4906443357467651
0.8388119935989380 -0.0340983271598816
-0.5015853643417358 0.1577917337417603
0.7901253700256348 0.5216792821884155
-0.2468702793121338 -0.0189248919487000
-0.5553458333015442 -0.7489706277847290
0.1827530860900879 -0.7839447259902954
0.0285545587539673 -0.3793668150901794
0.8234778642654419 0.1183488368988037
-0.6776547431945801 0.6310602426528931
0.8330715894699097 0.2342660427093506
-0.1348342895507812 0.6442399024963379
0.9864693880081177 0.9987202882766724
0.5749924182891846 -0.3272659182548523
0.7572215795516968 0.6936904191970825
-0.6566004157066345 -0.9927333593368530
0.4624204635620117 0.4821290969848633
0.6875675916671753 -0.9768792390823364
-0.9947069883346558 -0.0478069782257080
-0.1697943210601807 -0.9852741360664368
0.7271802425384521 0.0722573995590210
-0.6857841014862061 -0.9382995367050171
-0.7491325139999390 0.1856112480163574
0.1389123201370239 -0.3211199045181274
0.6105266809463501 0.9980448484420776
-0.0486269593238831 -0.0599936246871948
0.9005428552627563 0.3876963853836060
-0.1569985151290894 0.0672607421875000
0.9280883073806763 -0.3890333175659180
0.7300510406494141 -0.4374776482582092
-0.4112427234649658 -0.6151582002639771
-0.0324341058731079 0.7227904796600342
0.0870605707168579 0.4809414148330688
-0.1611887812614441 -0.5998091697692871
-0.1680923104286194 0.3114256858825684
-0.3063335418701172 -0.0095722675323486
0.2511371374130249 -0.3668848276138306
-0.9751709699630737 -0.8611987233161926
0.7419322729110718 0.2403596639633179
-0.1286567449569702 -0.6731463074684143
0.1857948303222656 -0.7302366495132446
0.2660497426986694 0.4762121438980103
0.7328730821609497 -0.6164361834526062
-0.7924667596817017 -0.4793356060981750
-0.1374660134315491 -0.1099417805671692
0.5571278333663940 0.3281079530715942
-0.9375594854354858 -0.9902528524398804
-0.7486740350723267 0.3178243637084961
-0.6294556856155396 0.5119850635528564
-0.0515401363372803 -0.5436847805976868
-0.4795381426811218 0.9968861341476440
-0.5525147914886475 -0.8946887254714966
-0.1902918219566345 0.2599252462387085
0.5597194433212280 -0.1907371282577515
0.0178743600845337 -0.6862245798110962
-0.1388291120529175 -0.4835206866264343
0.7964469194412231 -0.8220282793045044
-0.9137125015258789 0.2803615331649780
0.2857981920242310 -0.2986662387847900
0.1016336679458618 0.8557957410812378
0.7499971389770508 0.8155440092086792
-0.6727485656738281 -0.7077572345733643
-0.7437191605567932 0.3808560371398926
0.0011305809020996 0.7903256416320801
0.0796989202499390 0.9067134857177734
0.0520827770233154 -0.1215093135833740
-0.1950597763061523 -0.7974607944488525
-0.3188268542289734 0.2341947555541992
0.0359477996826172 -0.4555118083953857
0.9959484338760376 -0.3718386292457581
-0.8983265161514282 0.5021377801895142
-0.3994842767715454 0.8801072835922241
-0.2535720467567444 0.4284015893936157
0.3477309942245483 -0.8935267329216003
0.6740347146987915 0.8127088546752930
0.1858859062194824 0.8173193931579590
-0.8539400100708008 0.6770095825195312
0.4424395561218262 0.2643721103668213
0.8907046318054199 -0.5617613792419434
0.5257171392440796 -0.5792887210845947
0.7639012336730957 -0.8610168695449829
0.0952292680740356 -0.7820922732353210
0.9457685947418213 -0.0520962476730347
-0.0723356008529663 0.5469042062759399
0.1795185804367065 0.9811574220657349
0.4107565879821777 -0.5600513219833374
-0.8137177824974060 0.4228321313858032
-0.0884222388267517 0.9446551799774170
0.5853301286697388 0.5925232172012329
0.2677515745162964 0.9829118251800537
-0.8353443145751953 0.1105115413665771
0.9944535493850708 0.5470020771026611
0.2305593490600586 -0.2771229147911072
0.8518424034118652 0.9973357915878296
-0.0985834002494812 0.4803398847579956
0.6371083259582520 -0.3683102130889893
0.0400133132934570 0.9504071474075317
-0.5601643919944763 -0.5243238210678101
-0.7949615120887756 -0.6302744150161743
0.3275784254074097 -0.9578076004981995
0.5092211961746216 -0.8603625297546387
0.1525129079818726 -0.8896956443786621
-0.0618837475776672 0.2665261030197144
0.9375202655792236 -0.9503912329673767
-0.5548052787780762 -0.6390089392662048
0.2981598377227783 0.5501534938812256
0.8331326246261597 -0.3851645588874817
-0.1240466833114624 0.8454841375350952
0.3219540119171143 -0.7059931755065918
0.8757648468017578 -0.4233914613723755
0.6924122571945190 -0.9060608744621277
0.5913027524948120 -0.8699643015861511
-0.5911878347396851 0.8071174621582031
-0.5254547595977783 -0.0381368398666382
-0.8609811067581177 -0.8668290972709656
-0.4914093613624573 0.6765271425247192
0.5454804897308350 -0.7536903619766235
-0.2098033428192139 -0.9506695270538330
0.4952119588851929 -0.1570389270782471
0.4278091192245483 -0.9988198876380920
-0.6501830816268921 -0.7683820724487305
0.1867737770080566 0.1422334909439087
0.9775978326797485 0.8993345499038696
0.3614743947982788 0.9267413616180420
-0.1553370356559753 -0.2772960066795349
-0.0002340078353882 -0.9350862503051758
0.2578650712966919 0.7211294174194336
-0.2839382290840149 0.9189574718475342
-0.0782553553581238 -0.1456413269042969
0.5293283462524414 -0.0150516033172607
-0.9812612533569336 -0.7811225652694702
0.8240014314651489 0.6291646957397461
-0.4977232813835144 -0.2425599098205566
0.5536104440689087 -0.3864631056785583
0.6431565284729004 -0.4479050040245056
-0.1649952530860901 0.3886318206787109
0.2812949419021606 0.0760815143585205
0.6370407342910767 -0.2235042452812195
0.4679737091064453 0.9002355337142944
0.4206074476242065 0.0445474386215210
-0.3963921070098877 0.4374459981918335
-0.1157469153404236 -0.9325097799301147
0.6836396455764771 0.6484339237213135
-0.9844543337821960 0.1529500484466553
0.0033117532730103 -0.8036051392555237
0.0252475738525391 0.4735774993896484
0.4598270654678345 -0.7897367477416992
0.5734829902648926 -0.4977094531059265
0.6863249540328979 -0.7778514623641968
0.7783086299896240 -0.6615071892738342
-0.7478178739547729 0.9038317203521729
0.2444161176681519 0.6546081304550171
-0.3603922724723816 -0.0250512361526489
0.2459176778793335 -0.9949607849121094
-0.4598265886306763 0.7239118814468384
0.6467561721801758 -0.1050751209259033
-0.3603996038436890 -0.5672254562377930
0.0711938142776489 -0.1811018586158752
-0.6302206516265869 0.5841307640075684
0.9783637523651123 0.2813088893890381
0.9166930913925171 -0.8682802915573120
-0.7989916801452637 0.8511223793029785
-0.3529754281044006 -0.6678966283798218
0.0128066539764404 0.0599293708801270
0.5081312656402588 0.3749756813049316
0.7807381153106689 -0.4976513981819153
0.7891162633895874 -0.0072572827339172
0.9984773397445679 -0.4244484901428223
0.6029871702194214 0.9331223964691162
-0.8890124559402466 -0.5869687795639038
0.8939377069473267 -0.9931280612945557
-0.1703815460205078 -0.5244387388229370
0.8181519508361816 0.4405031204223633
0.1359038352966309 -0.5057199001312256
0.1610765457153320 -0.4205600619316101
-0.3802270889282227 0.0977281332015991
-0.8789375424385071 0.6107344627380371
-0.9556279778480530 0.5316169261932373
0.8886282444000244 0.7571938037872314
0.1545535326004028 0.2278742790222168
-0.4841956496238708 0.3596659898757935
-0.3900835514068604 0.3588724136352539
-0.2163661122322083 -0.7503952980041504
-0.0087617039680481 0.4122719764709473
-0.9972303509712219 -0.6580884456634521
-0.0583114624023438 0.3427896499633789
-0.3143280744552612 -0.2032860517501831
-0.4876866936683655 0.1090419292449951
0.6501064300537109 0.2903784513473511
-0.1751781702041626 0.6861425638198853
-0.8443904519081116 -0.7892774939537048
0.5262682437896729 -0.8049486279487610
-0.5527111887931824 -0.5748925805091858
-0.6171694993972778 -0.2349723577499390
-0.9149789810180664 -0.8636271953582764
0.7875466346740723 -0.4079886674880981
0.9236483573913574 0.2410659790039062
0.3129868507385254 -0.3586042523384094
-0.5398802757263184 -0.9936960935592651
0.0843086242675781 0.3682942390441895
-0.0532463788986206 0.4484016895294189
-0.3800554275512695 0.7536861896514893
-0.3311547040939331 0.9967631101608276
0.0747456550598145 -0.6861358284950256
-0.2996999025344849 -0.1451233029365540
0.1308456659317017 0.1509619951248169
-0.8549685478210449 -0.3832486867904663
-0.6161818504333496 -0.6029871106147766
-0.0024125576019287 -0.5113528966903687
-0.9173570871353149 -0.0758996009826660
0.3903952836990356 0.9722039699554443
0.1415247917175293 0.6966217756271362
0.8415275812149048 0.5154817104339600
0.4561904668807983 -0.8733085393905640
-0.2757570147514343 -0.3731060028076172
0.4172197580337524 -0.3516519665718079
0.4191471338272095 -0.0330767035484314
0.2296878099441528 -0.0208153128623962
0.5635479688644409 -0.6334512829780579
-0.8035135269165039 0.0627949237823486
0.0454634428024292 -0.0437729954719543
-0.9940273165702820 -0.1561372876167297
-0.4371553659439087 0.9496691226959229
0.5837817192077637 0.5258735418319702
0.7034404277801514 0.9984848499298096
-0.9997968077659607 0.3003214597702026
-0.4791281223297119 0.4894641637802124
0.3929867744445801 -0.2145158648490906
0.0974329710006714 0.7606587409973145
-0.9950565099716187 0.4109643697738647
-0.4940337538719177 0.4171032905578613
-0.3922859430313110 -0.8479716777801514
0.3783106803894043 0.1644961833953857
-0.7887984514236450 -0.2684457898139954
0.7125431299209595 -0.3140483498573303
0.4072657823562622 -0.6126746535301208
-0.7021450400352478 -0.8848870396614075
-0.1967819333076477 -0.0546640157699585
0.1981133222579956 0.3016273975372314
0.6313537359237671 0.6456782817840576
-0.0553741455078125 0.0569925308227539
0.0595470666885376 -0.9971889257431030
-0.4848944544792175 -0.9799795746803284
0.0782798528671265 0.1577428579330444
0.5318078994750977 0.5780715942382812
0.3884056806564331 0.3643020391464233
-0.1836035251617432 0.5673701763153076
0.1284580230712891 0.8071050643920898
0.4361134767532349 -0.2420362234115601
-0.9170911908149719 0.0474529266357422
0.5873099565505981 0.7263330221176147
-0.6192976832389832 -0.1712060570716858
0.0372070074081421 0.2708283662796021
0.2611107826232910 -0.4786298274993896
-0.0697948932647705 -0.3116908073425293
0.9464842081069946 -0.5724058151245117
0.0160733461380005 -0.2456569671630859
-0.0008406043052673 -0.0026220083236694
-0.9869478940963745 0.9724361896514893
0.7659198045730591 0.9030410051345825
-0.8543388247489929 -0.4881536364555359
0.3359258174896240 0.5869358777999878
0.3237264156341553 0.0054095983505249
0.2532051801681519 -0.1764534115791321
0.8915799856185913 0.5247790813446045
0.9966123104095459 -0.0637546181678772
-0.1040833592414856 0.1916518211364746
-0.0916196703910828 0.7455928325653076
0.7838072776794434 0.0771887302398682
0.4363590478897095 0.3920234441757202
0.7787977457046509 -0.3525913357734680
0.9907023906707764 0.8411688804626465
-0.7441927194595337 -0.0088896155357361
-0.2457612156867981 0.5957442522048950
0.3287446498870850 0.4080673456192017
0.1081488132476807 -0.9441486597061157
-0.5238705873489380 0.5480180978775024
0.7683219909667969 -0.9988837838172913
0.1427960395812988 0.0194698572158813
-0.7789676189422607 0.5153325796127319
0.8640460968017578 -0.4722860455513000
0.0040678977966309 -0.3324036598205566
0.4038197994232178 -0.8768559694290161
0.5966534614562988 -0.7517265081405640
-0.8929604291915894 -0.0303248167037964
0.3261258602142334 0.1140903234481812
-0.9944149851799011 -0.9325581192970276
-0.3255947232246399 -0.4766411781311035
0.5896095037460327 0.8624765872955322
-0.5161209106445312 -0.6764516234397888
0.7617095708847046 -0.1996952295303345
-0.7033688426017761 0.0851693153381348
0.2766679525375366 0.8042531013488770
-0.3125494718551636 0.6541132926940918
-0.1089659929275513 0.0175530910491943
0.2447383403778076 -0.6346389055252075
0.9777265787124634 -0.2415309548377991
-0.8684969544410706 0.9967267513275146
-0.9977307915687561 -0.5441399812698364
0.1794013977050781 -0.6805133819580078
-0.1748831868171692 0.9019148349761963
-0.9968917965888977 -0.4125823378562927
-0.8938387632369995 0.5586090087890625
0.4760034084320068 0.0469443798065186
0.9959111213684082 0.4923342466354370
0.4391397237777710 0.5907419919967651
0.0877959728240967 -0.0808600187301636
-0.9984291195869446 0.3525618314743042
0.0934221744537354 0.1073369979858398
0.0192974805831909 -0.8712226152420044
-0.8001539111137390 0.5845736265182495
0.4393965005874634 -0.7011837959289551
-0.7486248016357422 -0.6069505810737610
0.9863026142120361 -0.5361142754554749
-0.9706721305847168 0.7004653215408325
0.6718463897705078 0.0888792276382446
-0.6754356622695923 -0.4840547442436218
-0.9981591701507568 -0.5957888364791870
0.3771469593048096 -0.4193049073219299
-0.8642777204513550 -0.9979413151741028
0.9997100830078125 0.0165950059890747
-0.8265197873115540 -0.6737595796585083
-0.5401611328125000 0.0100567340850830
0.8552621603012085 0.1577954292297363
0.8070421218872070 -0.9335718750953674
0.4946943521499634 -0.4660605788230896
-0.8426553010940552 0.8804671764373779
-0.6555984020233154 -0.0702105164527893
-0.8971553444862366 0.8099284172058105
-0.8994920849800110 -0.2164424657821655
-0.3871409296989441 0.9328978061676025
0.0061646699905396 0.3560736179351807
-0.3706298470497131 0.2325830459594727
0.1433647871017456 0.4938042163848877
-0.4133224487304688 -0.4954254627227783
-0.5101804733276367 -0.6162377595901489
0.2965216636657715 0.6845898628234863
0.8321450948715210 0.3314294815063477
0.2483782768249512 0.1562870740890503
-0.4596616029739380 0.2653760910034180
0.3439434766769409 -0.3084558844566345
0.2074357271194458 0.6969351768493652
-0.6354529261589050 -0.3781417608261108
0.6933717727661133 0.1794903278350830
-0.2864159941673279 0.1929413080215454
-0.4256890416145325 -0.3893039226531982
-0.4115010499954224 -0.2725343108177185
-0.1857357621192932 0.8170379400253296
-0.6725131869316101 0.7343449592590332
0.9139776229858398 -0.1646111011505127
-0.7215945720672607 0.6563957929611206
0.2410538196563721 0.8885049819946289
