0.546111572907749476 0.163900440920059287
0.360425554421509142 0.468983860373168693
0.396889517798991398 0.158020223954611905
0.075290662475570425 0.009290321259662060
0.198528882898900416 0.006868055664581370
0.231100590112802318 0.826344219205976893
0.531210503031971371 0.395102954195493183
0.867937184802693107 0.446099006078248927
0.008609216713839520 0.203109048779573087
0.047180984230182410 0.952681129759968659
0.858493344129266700 0.623025986156901634
0.449999122157296427 0.681889671069987990
0.391372853010812483 0.841690951218368788
0.455571058117504646 0.471285986983304428
0.543694754184841256 0.586686959651869344
0.756578961280070073 0.166189305974586810
0.240592011214050217 0.518995971041924964
0.856365521264709662 0.410157168584564580
0.923983454511721591 0.907770650513922583
0.765102730472126291 0.303927852057405745
0.169932186152709608 0.989515958725505573
0.750736219879783118 0.412204584007726804
0.964920118215032874 0.174725670538251721
0.267084735277311636 0.214558731968655714
0.599002073684065550 0.302757449877801232
0.110953730939816919 0.265078077403503864
0.993768810154843307 0.779149886528394786
0.134364173292970290 0.569385845182467820
0.851586332505400612 0.975400557235112764
0.737666763003175796 0.259443381806228779
0.466101902812873725 0.620568720397192575
0.320122625899888713 0.799357022145100515
0.006434827224271240 0.442596746310153666
0.510266297608248265 0.656719199520949704
0.170108896044324831 0.411335033603995648
0.276786313789298410 0.341717025188640444
0.589752704896314928 0.201604436600124115
0.441267074330027209 0.647450902491899405
0.882258205577406862 0.534583809621400841
0.246125515043062348 0.257147540160843679
0.950692985957001691 0.217226811256147845
0.430228887872718568 0.994004332796678991
0.080312357008546664 0.602682148731166434
0.681659149465254077 0.577724133526321459
0.578489354644213027 0.150165046388076318
0.251602316195650710 0.140027946771636325
0.375130815501690529 0.114106102528773179
0.029648353429474191 0.941760308715875016
0.656169372146288676 0.633070556345361468
0.024177794963000709 0.181754583202019926
0.605874045452775123 0.481585593723357464
0.310972927360896767 0.189250639751266991
0.745588301595210945 0.076628335664261693
0.237034833368010789 0.180340153768166034
0.771182333050597246 0.373850276879685639
0.279997050687186499 0.474252852299828775
0.574204440620620593 0.865270105445012261
0.339409143260642421 0.947832529548299108
0.039554808383792162 0.590578397497352747
0.865256699567713450 0.102913926922540311
0.712198028146316942 0.182127441130336187
0.782722963029019336 0.521705459261249338
0.100589929911799325 0.448427691662279360
0.572782893341541421 0.821993746354902299
0.426630834539957371 0.624877349437086504
0.500331843672515375 0.630754646833732835
0.908230915093977131 0.804401995234891753
0.031962803506712101 0.727583301545305927
0.134680437162941258 0.894073917150993269
0.920680059675499152 0.033028566868685112
0.792191725962014592 0.332346451700887058
0.238474469449330928 0.665025239463691409
0.130203578050170965 0.790759551271804861
0.852262497304081212 0.478282449565863466
0.744805177971523125 0.730037632404499037
0.654249721736634759 0.570510030906758669
0.419301517430022197 0.676036486535169900
0.899380566146336324 0.079241376698087840
0.756773107598607275 0.904176109934661576
0.741085824820856831 0.192675527569550531
0.344286697471235859 0.647122647803283213
0.059882354239524822 0.711807092463408786
0.333851913547075996 0.620736637592001927
0.607408588683225448 0.071258442121659271
0.147014318331239180 0.742302831977841970
0.155486058263092697 0.630713079505959562
0.726801806919316395 0.033853357533712269
0.160974183005073546 0.695667937221505994
0.375397931908134808 0.685360979524175629
0.033259119277135978 0.797526129913379789
0.385187128609530194 0.286809324867089599
0.338412523705879043 0.763164701311850768
0.617008838323224396 0.278408144116210898
0.994318916133998920 0.703279814290106442
0.311777665931583181 0.217260437703337805
0.068742877619838716 0.383613381699237477
0.492496561328921723 0.803412522694750608
0.609445233947020881 0.398257945332350483
0.030716211381185850 0.425089130282279071
0.485327412388076029 0.327411291946419769
0.785776447329459837 0.178406895733618731
0.895855250606056863 0.830201973769408519
0.670745520839132192 0.716484026935410134
0.902306844892423854 0.692294797855121269
0.034989364182502918 0.381766306040828618
0.857499086154458912 0.913873745060148179
0.849108696582520084 0.690895137510147084
0.797595197460593264 0.709134733093614189
0.604774712815232207 0.888637425097105860
0.637949377756183211 0.085278049418862023
0.056808698638987520 0.495728115855319784
0.692293107246157113 0.703171364484126760
0.934241361405541593 0.552023204825766833
0.073663725460905549 0.187119864345301312
0.895969856616673610 0.058490319706567873
0.455545859203385861 0.066768170874340449
0.152457869800472989 0.230238063627725864
0.402820211761451996 0.578798863852843071
0.963626079795680823 0.468078548929656113
0.284079294072949518 0.411436290899641122
0.501850581581195221 0.543820274928259018
0.626242523007227714 0.621817458467848305
0.329813888739744931 0.555125837839616887
0.509478191994862883 0.828206098162700854
0.973517330690518268 0.792225528066201834
0.940631769961404407 0.179890555267077423
0.841013872828176967 0.161286781844962812
0.034456027732341347 0.515263319662818797
0.344475311591931344 0.066276732719435127
0.054038550615278007 0.315577061255960967
0.317494698214622284 0.675698850803767126
0.494920796014419517 0.729716347296477608
0.148259966413799127 0.951790815919090427
0.644914766964967079 0.685685964566046025
0.786596389296106313 0.267363780173350274
0.679760938256797176 0.805424150743407230
0.273283402806157094 0.277153540641199625
0.006654963201852600 0.815073486184735407
0.547561540982823503 0.980010964790970052
0.347077636116151389 0.504417955561652920
0.397393149369764664 0.215522263955739424
0.536900423148939376 0.139512277819813901
0.601794102425884825 0.753888676361847865
0.434630469374092665 0.708549510348749245
0.708982231616062886 0.586829915768377064
0.920481972627741563 0.621281596462898711
0.322547450774047895 0.973944189703091379
0.505415102901221158 0.967619882880586646
0.573796191705241765 0.284354117877205659
0.346142677279508204 0.313293316666014232
0.363221782907791169 0.367504031933491737
0.629535297774354019 0.409130179419898821
0.833467081783072716 0.992874636430831847
0.610938274451194197 0.520150662419950005
0.051862728410103982 0.355909688276146441
0.777554709022340806 0.408300093921665552
0.430498008684016997 0.213790776677140526
0.697228840314394915 0.432119468073830948
0.847644449147190393 0.726485723402391925
0.880270119077306790 0.938372974556425099
0.382234273016214987 0.638548733445122196
0.204014694056323886 0.587280891849292774
0.462459376902658204 0.300243872690570068
0.844751276012209562 0.798298691898407853
0.145370135239453357 0.599313440781581552
0.600325548786027285 0.632110581245250991
0.266005595769430725 0.642258226151624201
0.722359786023853312 0.219164239924446114
0.667842476993395939 0.609252781227586637
0.119221163043047362 0.027091870718546351
0.752593424095142627 0.994378224260647148
0.781296017276844168 0.632551025128503808
0.965692028473168707 0.006576964074293030
0.433690794942130753 0.881029064267287221
0.348999811628963985 0.025412630088138991
0.219419202778242284 0.447798468233241209
0.622800087929779811 0.211135204920449904
0.512787079882220498 0.993745742119743647
0.167033413357867977 0.829313852470823121
0.651876474462358746 0.858395269299368602
0.850266390929021565 0.272384838765959647
0.441901330531682401 0.538098063825812711
0.433906214739935236 0.907612746614483212
0.103083042737207697 0.661573309579536306
0.164499910605026389 0.041046937323183867
0.532812298191254530 0.082825944225136228
0.121119656335226145 0.307556110564107532
0.235890938922337645 0.737784352350426831
0.206445406101129603 0.696742300263972103
0.556251382405543504 0.019380722791166542
0.703511824463977642 0.091682463629680522
0.556167916354004976 0.885967474093938390
0.698372430427465329 0.745077055321752724
0.569699537195071715 0.348163591186657517
0.180101189582229149 0.265233364067462118
0.470245134943970577 0.567196040385225198
0.539587436360595696 0.777947770772498881
0.492717173055568780 0.201501712571963365
0.170760760510885623 0.320861241011120346
0.979757018969158011 0.433632674746496083
0.214918670753037611 0.035106006267314298
0.719754823031424684 0.411421676614640353
0.611678383389964164 0.322960985340806861
0.889721572190852239 0.575547312144196188
0.293348646755278941 0.156886348215044658
0.257087081521299443 0.885181884589637424
0.952533215843121672 0.858097798715271254
0.680251469790964958 0.760860693080676720
0.956543111871635654 0.696809047133501114
0.270074570041704209 0.372699349575009720
0.574545309165322871 0.037451392605588218
0.006112334020217210 0.349709322590633809
0.439571761259284766 0.398449096774889933
0.091791112012503617 0.933185813727009372
0.007718741450222780 0.078685238044022943
0.019421734319065631 0.844442293118290221
0.840456335739325322 0.583513400589820930
0.477873096749776571 0.756109767429859803
0.653348564090266537 0.993490298995038157
0.006127305158234060 0.259030892827612269
0.414701519022004250 0.541096842063610417
0.739455403161554781 0.690530222146908734
0.283252284102989860 0.898906346347408292
0.351121846525371317 0.573793279824835079
0.792348534485098455 0.781935290121529736
0.664033026483902833 0.103294986850861858
0.653719689067811749 0.035409096355917553
0.678633904421943712 0.236342770581168982
0.882935902303884745 0.411269128170592746
0.552753828812288739 0.502059511302211936
0.901102606587375843 0.730703284360031291
0.611099085668770581 0.927447255003366999
0.424581004859432842 0.434175896935581229
0.285513014197515291 0.129669092560453281
0.100308028341595745 0.326103474197049548
0.430318710518359238 0.833312543397177974
0.733837905626139597 0.848952559891435588
0.413679905278932059 0.928229523239779697
0.143671034741890802 0.145184709971264536
0.939163787306003917 0.602506971316284279
0.348147459281132721 0.925422944976111106
0.518662426932365750 0.899211764541284708
0.293876987397173051 0.508394922151133466
0.717123113180174410 0.554176459238355790
0.408441304620319967 0.074291602606069318
0.090394299645066067 0.560888759757422029
0.146768663480022821 0.814460813706840314
0.688903736887899187 0.652518967713348053
0.074340573110092012 0.527695541249853295
0.626552783359599186 0.117352126274249569
0.923379239164244137 0.376963941487863385
0.894481154729949157 0.448386241145971698
0.724058127845561006 0.773500756049397387
0.934492729772357089 0.258289400243104983
0.883571745950492038 0.303251894220206375
0.658851262825035144 0.130915530119441237
0.531270201031460498 0.210070972658194299
0.801791202255880187 0.487591577554791211
0.134540658426874238 0.395764069211085201
0.665185964089551773 0.351811126129970897
0.694433582199937005 0.857762894679247490
0.947728526286045980 0.510053583730659565
0.299722320144094112 0.058691926590252019
0.940918414173554485 0.336625277993638283
0.325081477322172741 0.398981961352770309
0.926369581933624620 0.687735131283184975
0.818607020802282204 0.257698287713360730
0.584682087035575559 0.992831663472137804
0.564126645883643585 0.535750332468417523
0.428868459723260154 0.949019896386765982
0.992775536763911726 0.397390436031261340
0.203299574326749832 0.630391660268551091
0.128521657121122013 0.213335739606645980
0.172435145311188420 0.917242643796944090
0.473318405487684335 0.876982215981489954
0.313170719849868051 0.011141842079344270
0.470079165451717795 0.983278549339675401
0.857745185312936531 0.659250978188208325
0.143967966823016214 0.123129046175882717
0.679479657676358983 0.467664965139610977
0.787487080752222512 0.137515649541200047
0.149458556652565300 0.975661496011744234
0.347388465659896006 0.238928426607714961
0.457600386092500921 0.271316811174398875
0.334316875837108007 0.175025957826994538
0.261447793508776893 0.751948172686924599
0.226903251725377342 0.941592084497642978
0.625126407752055080 0.184975850431038036
0.260063711966138145 0.302375678883721910
0.519910715708619020 0.034434465064214659
0.029317476876987769 0.470981726971205217
0.728814523592352659 0.006427070267225110
0.955404783671857327 0.575304328640063201
0.887302948170943795 0.118471381915676688
0.033217642965213567 0.876246095353654164
0.954755085725930597 0.429883082479517342
0.818841239081055106 0.949382681320286359
0.877805822447193740 0.694102322346165979
0.499995392828651575 0.131241779211708542
0.649587929860521940 0.941905253950307442
0.850931546355883750 0.133604350234672764
0.194701586834340523 0.427256461209797045
0.085937151969418590 0.767246211066559658
0.580250101645450211 0.964892693004730573
0.268676694886665346 0.098899183539934044
0.041458582851822301 0.222949212817743825
0.660944818305913229 0.006874807061936660
0.962290480479978005 0.538438872124791468
0.218846374915857622 0.334790931311761852
0.697594690853651556 0.830438792428646488
0.366464596349708738 0.965956276392558655
0.555805845741036975 0.667816442224275830
0.071622099054213073 0.132013901230281672
0.107441580889350352 0.585163999190563944
0.146733040877441268 0.670582316190250993
0.536122240115063486 0.559262825727809276
0.784863462516795507 0.982332555883804082
0.992313467835465257 0.469629342287245788
0.323397596770797158 0.144722134019248438
0.168593903640808285 0.110191950076134415
0.769204595135733249 0.741627755542023426
0.201553396273838892 0.255379076116709625
0.767514168158391907 0.206141989469720122
0.015116068224588721 0.304394605932634565
0.237203215484623919 0.914870528317341725
0.790640469437975502 0.594365994082857840
0.667815203669453905 0.190381722952880472
0.866407369039680075 0.957224285577536138
0.213216975991957380 0.900651330047150589
0.522362052987616732 0.498798929480689102
0.302345623446412359 0.759418284725376092
0.021324742851356160 0.624472985880231701
0.473110929987106743 0.705111975306226713
0.767282727327541214 0.792435607664233155
0.579915199078871568 0.468146831363749572
0.548983229083649604 0.705638226384762257
0.986941468105415387 0.351366463510468297
0.300670339981769175 0.543690054542672718
0.764950558034074968 0.594250021403329054
0.627346614661342450 0.702840982673907710
0.987026637636607473 0.650238954738483366
0.244998107603497273 0.113996603121130247
0.632524668845865001 0.490531552891745104
0.783819699286489868 0.062208099790386273
0.483885972864057323 0.046730660985311652
0.719055884000337819 0.064006564580070036
0.360625699680035217 0.666698781881353897
0.774443038038886811 0.671281071123295714
0.756678346789637746 0.046485546875346007
0.024263697408447249 0.241376313073335458
0.777073207756401874 0.480447459682654454
0.352815357023892884 0.340175273915252596
0.190659908311680670 0.166161175183662135
0.569342921094764809 0.797316417667828237
0.773545265093756096 0.862914194700361792
0.980341753559016205 0.565402267267068215
0.795014727757250572 0.295892614316568103
0.922898518428707848 0.512016078160209664
0.648730189032968196 0.891614484087909775
0.621523818247414983 0.561029434741073030
0.291432344026602563 0.320249036854312386
0.863610413355659801 0.161195035260396857
0.635932279237628628 0.158219130325061352
0.618806263785546928 0.781684925218237070
0.341986295961437370 0.435307362127317021
0.661748553783592652 0.968313310442681319
0.685994776087389457 0.265021423598672756
0.228898711080720851 0.874030288061858451
0.363506845781307486 0.829066798048088804
0.183516570995152450 0.524788086581401969
0.621365675375027182 0.021429663349594948
0.414896281598471584 0.505465073154453326
0.653823989984793408 0.462194047760519089
0.580187824857467782 0.427747932628283756
0.168668098846783687 0.181933934788588048
0.294813449785411130 0.621958922204019049
0.649656421362654779 0.420458623189695568
0.120564296546297745 0.833955271238080442
0.528578956331757110 0.680838702768381987
0.117765309604382917 0.691702023190338133
0.608518042124109870 0.809721708795994921
0.272128899148020631 0.924197422935059243
0.258787192101780306 0.046694996699251923
0.565451909373008044 0.377861655160772969
0.908878547305131068 0.412886043260116464
0.872735520132559173 0.232765687838681290
0.402760550715125620 0.132319168093724404
0.110414914329940494 0.484066317530416512
0.862034473545433055 0.055623893512848473
0.077159285558057622 0.673691719875457506
0.651701735596546317 0.777139878486430180
0.717585633325553696 0.731841467755964148
0.714553547274848322 0.377081493931747447
0.345180907720214147 0.285744076865641961
0.641510021923473950 0.335996072463174866
0.451963408114010479 0.326207160765807025
0.457601392371090487 0.593070781667554114
0.127818339335901310 0.451634633032477195
0.534760242370124650 0.363346920622864555
0.101734184445412934 0.790191284405488914
0.083190551652506772 0.488733854414255875
0.912742872034562058 0.471186027605722979
0.448534868825095023 0.033866045997402949
0.298439317789979008 0.870500221999913393
0.123812906936618061 0.091588126809480030
0.009260807013471100 0.006051895896192700
0.054195470838548747 0.022801589844226259
0.007994498200703300 0.593153812083075271
0.168093716970162010 0.869774003136988716
0.908622585221506740 0.653258227721233986
0.457040121336598437 0.731577969882774903
0.563413722831454078 0.224079247483945587
0.966425882829217597 0.928043905866512642
0.806332268131583429 0.404725508516900923
0.993525863062702852 0.529088735693261980
0.328978176551085133 0.042873314126090252
0.430324240451580964 0.576108126586205138
0.916175740640505110 0.336772826345355214
0.690252690448806439 0.049039123940635310
0.037489754191124880 0.978007122627409187
0.220807686034154016 0.374609551773803506
0.235998445868030260 0.219353857903598737
0.926664069704679738 0.436524755551454036
0.465815383480790768 0.355609501047700061
0.833197042555622103 0.629751931829585665
0.018640238576635441 0.694527549253158516
0.582401834952609665 0.776349936515427608
0.458357445937435659 0.962813785529425537
0.535549614619968084 0.730433109904094713
0.104599959264877751 0.971065201314530446
0.220280784150839293 0.781583316035077580
0.172493384740332323 0.492493910861477091
0.154443961308248778 0.341209864086279291
0.938343417263215018 0.293789837055559222
0.576124027673558636 0.729110668140024121
0.431653713856637755 0.362909183408823943
0.804822172094233013 0.911562386700173422
0.294038281148864322 0.720667351957574809
0.470398373474847642 0.653285085436090540
0.228978319948374809 0.414992679279000132
0.376767097878685175 0.499316635420598176
0.037544930892023209 0.099456499682864297
0.159551273773199276 0.274371821905410762
0.253384858843983263 0.689812984644537552
0.641477530373682492 0.366698648829168028
0.094142647213902864 0.378772502287551660
0.865213614134011655 0.199003184011376233
0.536037191196705121 0.281056847501079288
0.890865459301451335 0.335241182990519304
0.925631122589535504 0.737327061577505383
0.826615014213197719 0.361746492644130391
0.653294283418681232 0.311039726280440743
0.353911644068225506 0.407807540908682209
0.604018762521281727 0.099785116348448832
0.398246510022365163 0.702339371821556258
0.741861591703619316 0.340962890762532611
0.294119074185860141 0.960993319676695323
0.782229446294487207 0.927694695640986389
0.836288218897556779 0.022532134860238640
0.330476035237676435 0.086885923814141897
0.971232400197838075 0.674084497827632245
0.965390417118515476 0.828435041390626736
0.099550701792141760 0.825442983103677919
0.591775915717263734 0.541029240595393368
0.923309221431051874 0.959100730196619455
0.909526757792095797 0.106590299813810407
0.939295700277470003 0.472171988226570749
0.209420228895849658 0.858862267818289893
0.915271370808970364 0.868016019683981233
0.595032799762620135 0.680668922208267690
0.306195853688785324 0.239434135712579543
0.140214194074131382 0.858066043132819423
0.215679622053629505 0.993311866075432759
0.689753992874460264 0.390663994052233787
0.489073130727561867 0.945932692480936588
0.401296625685971908 0.769356787911086082
0.063370963627073618 0.649857388033412864
0.860728242093731333 0.338217457272432132
0.306243225693540511 0.291017783754862314
0.818235659237139701 0.782701942737122014
0.189357220583743158 0.678712296017940586
0.095650473038496997 0.040415909658551567
0.113771244412360528 0.365174127234563883
0.806122881846103367 0.153305690106116665
0.382257741816099672 0.233118515030594997
0.958254443025298386 0.134070744568235478
0.761047360757024394 0.231872517367875508
0.818300085765953922 0.595760963488102702
0.790699709450450428 0.223780223707722770
0.576472008251095347 0.938768246913144200
0.714479303918100883 0.692547157681585812
0.174335294386103901 0.721265759196219380
0.099749371462728553 0.522111718418143633
0.602384239055187010 0.439705388453152435
0.401480983759650467 0.439614578867508765
0.383285277016189085 0.561537902482539431
0.232365678273558751 0.287225803853912054
0.754194732379577681 0.629563503978636252
0.411706106381214965 0.862567929604933892
0.040953792025212321 0.167742784318755667
0.859923882984659493 0.556489803835802377
0.212029525095651594 0.296513278608946385
0.877125190780364328 0.485075987091919070
0.307165278909353634 0.647460286565246124
0.173572145798600252 0.785004956802324849
0.869116047727250374 0.594066617956620968
0.716697001706970260 0.891448338486090841
0.972803473355232429 0.883585451630383600
0.416176013653522026 0.308795905852056407
0.951255397506414746 0.990797432160057889
0.133292000934632948 0.713828213638589171
0.690096158517883196 0.953797357166131898
0.497593553260945898 0.513532661550513247
0.812666990757505037 0.226983235870510558
0.447355529996653234 0.806745863157940279
0.073315499802539874 0.741609955121596887
0.577978641086717593 0.575816990164482068
0.926901414385732259 0.840211722172706121
0.058517491864885252 0.787002369762615506
0.359325554220371823 0.780695177172456400
0.976907794405852625 0.501926015601052988
0.859270635538537442 0.519248349334294756
0.802481559034510905 0.966719824264627436
0.018627414646405879 0.768740780513156086
0.415348336114528649 0.257409268771806699
0.887781709836882094 0.252890969950942623
0.049863637753112589 0.543951297283537971
0.426994759551929726 0.471104466910294228
0.973544791041623059 0.087444755985504385
0.739112618950393263 0.299987583626136090
0.511420473917651441 0.262617821806756968
0.144126139061991787 0.185807579833187742
0.555328909039033092 0.464772692237433616
0.121050935971164342 0.147626315787854734
0.088039135391805079 0.914196700928165518
0.279495886412753136 0.668158448648548120
0.653158688427633805 0.217091347991252348
0.158765883194049939 0.767049787616084888
0.205343348158136318 0.099418260683598159
0.380887407968270253 0.752412371986072692
0.349188679757700182 0.737053439259789944
0.872735234185035291 0.371558187513955196
0.078165142855787684 0.342976615240547344
0.435406501868229046 0.241596232655681420
0.183741450621712210 0.888519937200043408
0.090571855854102767 0.702583663711307427
0.501273600790356544 0.351346976592598947
0.749397338340207053 0.142838916696111429
0.896923501636042286 0.764959150459197490
0.942801902371472100 0.722896139808043348
0.194402238958980900 0.463351094087720405
0.046556802539877262 0.754488384989177585
0.940435526766999930 0.812969290440969661
0.540182214907915959 0.054486907275558223
0.559459020284829633 0.752776124323407680
0.120831485154131280 0.756727609236083731
0.347831685322722739 0.211468997761956046
0.444861767839575428 0.424073543396606523
0.825568961977255267 0.288795325792560398
0.190839277901905413 0.840729176451384563
0.616620370014210106 0.954023193241443246
0.272253253586192179 0.814607361590821477
0.780004193223249098 0.819204499889891968
0.592989901351360871 0.844289916463271228
0.469913888534672253 0.828017422423299232
0.690054997109115664 0.312081193122671241
0.212828322003084602 0.527810479247708297
0.216293915163291883 0.652581257260621106
0.500249609446657195 0.379039631193323623
0.650189931950866273 0.732241480689447499
0.820876950144041495 0.074267724843294081
0.729820025255573213 0.481763270554259493
0.276017664273643326 0.562264591583485074
0.986538658327125395 0.925114888385220713
0.981811974051407077 0.731411978746559055
0.839159760445095104 0.441764278090953144
0.262594643078176371 0.719233868774044049
0.763935489544791069 0.017525658097439941
0.672845916400386490 0.426613206812071100
0.731293685767619328 0.919982581974762237
0.949436468588483296 0.776264908749325744
0.193103885323220203 0.556258001751460118
0.940633999920528652 0.121012724975153474
0.225718769538240549 0.707829971661544488
0.047049355690659773 0.900175931790187178
0.536951548622835118 0.858408459412905334
0.481021986458167849 0.426488372729213139
0.832120677833372957 0.510310827595243155
0.221133014069300970 0.242682866772344685
0.343830154596619808 0.857432570433989794
0.290484969561337569 0.081322951589440196
0.268316877277356536 0.434292871766998378
0.644566076708798286 0.807524986180432336
0.367385872454356277 0.005328124620883450
0.377634449401127781 0.615496573662741131
0.529948417813276507 0.334901741075386283
0.426585763838750742 0.285963299065616905
0.655545504342586405 0.501577360547951323
0.828662805137886704 0.408827249900564071
0.662861031921388011 0.833840388611752470
0.302423593453576611 0.579467344912699911
0.820057547328996828 0.847219047193527253
0.720988077432458074 0.973454549233134125
0.969881899953134230 0.388553860550948094
0.015630522002365369 0.922861633046519914
0.503979976731491308 0.065941372730318082
0.546424437178550715 0.835065329639183451
0.882656035083292601 0.652554597286100435
0.070978239052796710 0.252583760503129362
0.705962535575226924 0.464779188413360078
0.395671633914572662 0.889329193645850502
0.991503072958334952 0.230941062678688691
0.361608166054064484 0.163499661726391909
0.129947888369030984 0.507376911451103862
0.324984292250800166 0.521810197366451733
0.475442121433027443 0.171113561603125131
0.421778608009191203 0.335484144067525358
0.184651908253587238 0.070870036992301100
0.992976353048589999 0.878838223643314764
0.638062703316081614 0.912031783412688535
0.559293067559887835 0.618070196854316745
0.635989397520401623 0.531504311796320628
0.536340091163815313 0.241384685004381261
0.994014092033357111 0.605873451829089027
0.161537105744670173 0.085068374289070658
0.675839113972303562 0.925529546341756770
0.290573969112008057 0.031040901278120540
0.201504240608790297 0.396197610285272783
0.566842138630246128 0.404371274208803255
0.872571051067960068 0.726991438960828296
0.754279326634110792 0.493045747693228287
0.130237710923935657 0.344126453920690134
0.205659444737833597 0.494445951878958401
0.142960753845847888 0.297592830147107801
0.537566145857771405 0.954647644074604562
0.434981491855623514 0.177805970610922903
0.815810197982144159 0.329882430562336793
0.526261121634234663 0.607170650557298019
0.635452213847093939 0.751815945556624121
0.470036852425727292 0.112679903512538093
0.380435721923683856 0.985787212634510301
0.989694526909139949 0.038837936164010212
0.807013395241800713 0.443961992625455881
0.119048156633974611 0.615363306845986613
0.634138386054393655 0.243424759971775984
0.314279082067793869 0.912241252455765705
0.799091991879014474 0.669318584160900620
0.388899894170390614 0.727070783589349512
0.422305589480311050 0.788010617181507111
0.270046939165315192 0.522717888103178874
0.804527347701352924 0.562392589099411699
0.343433820082064467 0.261050561084142818
0.049839707867613381 0.456119613276859293
0.595658366536574668 0.233239277764656749
0.400977772550944356 0.395633489987326226
0.368112773122365122 0.192822801328445481
0.872847772680302558 0.803424352724353641
0.546110582423908308 0.308117707004357477
0.557979758019244154 0.189164076258881320
0.146222728488059228 0.429466020749468824
0.536877750912106544 0.638278531247290171
0.312436670692371687 0.428283899110994126
0.402793821363099713 0.186449384533112328
0.679244704670834754 0.879994809138864187
0.914903574523544427 0.015028203006215660
0.793020141828291170 0.032463833635834383
0.732702606516990484 0.872850112542044032
0.640797544471639169 0.654049575114712289
0.666365476576798677 0.168980713447502096
0.815525787999483276 0.819101659503259860
0.978661845064259683 0.272623128028821993
0.090053795647365154 0.125759191013522398
0.380147950175623861 0.313117609259278673
0.626163678885721775 0.452203592273969224
0.075659402973387357 0.811061540650510393
0.172042403728851045 0.020651995911904031
0.138762626728483440 0.913093292501635512
0.510591061180691974 0.307757626396485962
0.506122872331881135 0.158573959082896399
0.390872324976433982 0.342303570313946703
0.421045827832920327 0.736214981376835498
0.492272510125242257 0.600517098961286799
0.690177785556022161 0.022099334370113188
0.603009115425915954 0.580281400096542055
0.330033341911780964 0.697337757301983663
0.853124281850502597 0.082400376876743453
0.107811037492665740 0.219363321043286152
0.795624116955886418 0.744813524343148070
0.334223157699628515 0.994656290171327839
0.538547899244452233 0.536040503151781200
0.924727262899878499 0.164013080363747732
0.993997034925064860 0.092178879432247340
0.119999108325830384 0.543923679644153446
0.729902830350756870 0.524078634016451828
0.152041207239091702 0.518132599234079727
0.824721333792451605 0.122016046099041930
0.029297950744113510 0.337352167115813395
0.276454928627192897 0.194765067449693297
0.321001900634888759 0.841927939917356927
0.128311368935860370 0.646908934859620199
0.391060319615060437 0.035407867901889163
0.071636572095869100 0.054093239736731642
0.257196738721241047 0.488560040191813594
0.727880394763438132 0.821230761326879333
0.013740303130832130 0.394351001554471781
0.488967785849550196 0.402805650330238907
0.112634129467331978 0.413770137818401884
0.561271095741295967 0.258391288317154189
0.186195460855505646 0.956383539393653392
0.687706100235198958 0.144673470199389698
0.845018960722339840 0.238065893504605663
0.437385058952079686 0.123132790739657327
0.458711197315513630 0.928917387902336245
0.117374434356982360 0.069288779650978682
0.297639865479538024 0.383291046083646669
0.613669315002206117 0.143190715213935615
0.466687762202955714 0.225569754368356579
0.311637389545863619 0.734746630391936217
0.104224762613681243 0.733372293796288655
0.491478667097639599 0.286517457353700156
0.008050564992783669 0.535749800685940469
0.807480374933279954 0.525078910228680806
0.897642104978313204 0.502254883137797092
0.263522751398157506 0.007175150882273610
0.179728236319042112 0.370960889769899271
0.007603862946469750 0.139631642710133619
0.006122509498996400 0.889653718744908284
0.950877362294799577 0.939731727035672648
0.994901372324054067 0.296125311184690765
0.892750672116644495 0.193847493173184893
0.092300840627884628 0.630295558092814678
0.472027135805487663 0.900175068009088641
0.593197817765383717 0.173118344352702291
0.085073953184888806 0.416395276645248891
0.509801149732883596 0.704121272134450304
0.505576674406615134 0.450153507790626406
0.212213869246074660 0.969040768163085264
0.941318034829518036 0.399719852923967445
0.972430454572883907 0.326686113094333597
0.056784238745639481 0.991465342454846743
0.742459547524699115 0.102134524077072020
0.893070532539405049 0.993003200446701761
0.610074258095420818 0.722505564308798309
0.652713268490443421 0.261686638104657421
0.034534006640334618 0.286932864740996107
0.692677607687154473 0.787007419254808438
0.836101266563609169 0.933064876691551026
0.908266232642484517 0.208904835877808670
0.907051668760871621 0.975193152392336837
0.189081019299282227 0.306368544035508394
0.914807079856936767 0.934213606719399570
0.987844094154786356 0.830644268887541282
0.209224777508664528 0.748137461104204093
0.972773992252187414 0.024382312579265208
0.762770428572741688 0.265352177604084694
0.301065861377080579 0.937306745690406062
0.505131112575548658 0.575042081422413642
0.751179631474766185 0.764650863538060444
0.665836152503641809 0.385286762129665894
0.461031578178918877 0.383747183493169108
0.471712368070292209 0.505127593104972461
0.870682313070635150 0.031681921661737389
0.058136989486623158 0.207074424617959274
0.310622190375860252 0.358514607125153040
0.980976018475690048 0.135985677171434949
0.775163582129529072 0.558786869563763888
0.493614405466677952 0.851269814862684826
0.583643679600700738 0.601938632807527241
0.064390854513994178 0.572688979374662677
0.250810730265790760 0.400772796273894616
0.907134646348848772 0.544090399974715977
0.707756944843275670 0.506358886937933517
0.170965695840903709 0.580495262465274164
0.018113626986608952 0.052709155295363408
0.912323328000316014 0.143631262955160155
0.937717170208992368 0.657916887602406297
0.296030629339618545 0.828440373218981341
0.341896457065233084 0.812383774808293491
0.371318523965052383 0.869798819808704549
0.316996292793439771 0.323274812619785024
0.129872887833945516 0.938480175061966571
0.976785304516781139 0.208454792340094675
0.730756385306855494 0.126534091370543889
0.831887661633546438 0.548218575307338973
0.875342051943542976 0.770063779926772662
0.411760429698728114 0.971304660939999454
0.517989569141243056 0.753294772615665575
0.520137753726501062 0.006549119843095530
0.253275791690042218 0.592457137943282919
0.453144485346966108 0.853843842821134125
0.481303095660839064 0.086464331047053922
0.180849781370814866 0.612781061932387905
0.025499925632286261 0.560855815854023332
0.492961862445618682 0.482005689096979661
0.892075535176453216 0.907671758615717916
0.074970402208097808 0.301622768419175458
0.814974702959223585 0.102060180480956553
0.424161477867534997 0.051753548716725613
0.470592486964266199 0.453449877437834048
0.552141292770903624 0.915389949692380078
0.769518922652653758 0.706328447868407427
0.168401132096762662 0.453631140203965388
0.411664683644599017 0.017555279732532011
0.843620256931534973 0.834156980622807964
0.775625332958214120 0.885111315216903449
0.967871166217121326 0.974892859907575904
0.764461879920840359 0.943968998831168915
0.385409192376506948 0.912985113784093971
0.716041135740799195 0.655476765450467735
0.377451417557680524 0.445073562256080857
0.911417514998974942 0.298300734631340936
0.024738207665496840 0.122031401159019781
0.503606498454436280 0.230109813950432784
0.381973889829260282 0.797683597124975052
0.824970241131934845 0.474761597085444409
0.332549679776762197 0.467683305979144537
0.741890992990781317 0.378953836254022680
0.132019546167635116 0.255877489965736338
0.158238055565582736 0.550682945595104889
0.372733558609135540 0.086281822516972639
0.066310411623984267 0.907770492330040590
0.956460489062789909 0.638337726069164169
0.678170028740194830 0.074673964219279354
0.568925329961773807 0.324259874295045325
0.756153855482651793 0.529333780746777394
0.435504526921298596 0.152837076265826599
0.323511612807427351 0.596276166278936093
0.893124427691535439 0.617433588721540194
0.084054001469328232 0.957454465135298749
0.955099456091033749 0.362484691706686624
0.353034831800987770 0.898062632157418106
0.251389782963817865 0.842897573140928391
0.693453553765361219 0.208860628169476203
0.926203806445017319 0.223695288117747471
0.291443882418686573 0.692533479847948552
0.970637163534412206 0.610149759972073880
0.924206429742195468 0.776146845135752494
0.597999951334732383 0.258030281961646957
0.404001582350677457 0.814635345280210310
0.012330747586844550 0.491080648130961195
0.811907804440528902 0.006712298680037250
0.745571688740605754 0.563764585155536624
0.087729974625453011 0.230965015216281599
0.993848369647004404 0.974797887926761142
0.543483581551226558 0.114796086639757711
0.870021948044799154 0.837137586398958744
0.663516047912316220 0.538458594808560509
0.091372534745080503 0.174906450053994855
0.408372667677468937 0.101834502264513627
0.249187163315003013 0.449954292311968818
0.887718606804425603 0.159936581034766712
0.718189099965319766 0.243269864796024193
0.251177553576093393 0.068474717699218202
0.574645190725864619 0.647622535898959573
0.842118508386227038 0.318857740187630911
0.718553496761922150 0.338266801219416269
0.810790223907763563 0.864816688638668341
0.246851767955182821 0.328567180434715667
0.418238898724562991 0.604573634510484181
0.695232417889546817 0.986751331216964123
0.255552572431552494 0.951366324116252327
0.877184653279155180 0.007327876573991810
0.715632589020942844 0.299476487340237352
0.280866512736915985 0.990145537844322687
0.194777489720198926 0.212218828549386618
0.942585588506790417 0.047997153564851458
0.601371123467743796 0.352440850997453703
0.230424890678957162 0.482718281898990742
0.815779343870529083 0.185280944989450747
0.467482476826043547 0.144024935447681246
0.129613352919677460 0.007134814760041520
0.205505346267006783 0.054102638326157693
0.466780774145985400 0.542419350259160549
0.175478395037348522 0.652688231008466624
0.242715516413077759 0.022546296650749809
0.113205955020077742 0.172235963816019078
0.693584498434596797 0.348019907556301966
0.271230406967005289 0.244521850074076619
0.227802527754167206 0.082637818257335127
0.054602399174792433 0.617315522238951697
0.259709475995518357 0.795164167817596135
0.351512191589872680 0.712099478401630015
0.774289176532495738 0.114904706256778399
0.384592456587382503 0.262463116294033350
0.605257169122785821 0.374845600555665293
0.307465211963680152 0.114597266346197546
0.580644441079575246 0.123844170769283668
0.496356961866554425 0.919104233340880983
0.093287800428613399 0.281632830331942641
0.301932009665860868 0.784992865557380792
0.326418574623459690 0.883497708655397451
0.402908988482386321 0.371767393378505284
0.957887411172019809 0.301446039682348621
0.582672728194195910 0.504211266528607149
0.108669180935941190 0.993827662491890140
0.275310740953090938 0.856388547244782306
0.695678170093297910 0.618808204337848222
0.441049444681775149 0.759239960265833180
0.213445118773004705 0.809740901354360165
0.961526210787622793 0.250542184348047647
0.693618748290023346 0.284385480590362005
0.546455576237486085 0.433642500295497613
0.146831335684040665 0.476584314878893134
0.593513082298484762 0.006652185593772340
0.172847182523303666 0.222411597707093844
0.268379897658380995 0.168789525022621678
0.299402490481114336 0.453338803385102462
0.578289443750145460 0.698722943433729871
0.717955477111504980 0.940542281613362174
0.769503243656679103 0.837623833319273481
0.944195150419461893 0.889678438440904551
0.736544065956336924 0.801282179253889448
0.847187265452294946 0.763710636275302002
0.782707861084897871 0.442616684598844123
0.209782581504153465 0.125245440655404439
0.821875002326078907 0.744587620433122321
0.184184444850632123 0.141095981045625818
0.584457167364886065 0.907064481216762419
0.225889557486530057 0.600786058982167193
0.338273364505841778 0.109989280262794586
0.254256202035402112 0.977005496713058585
0.314063306422423527 0.486953205797028610
0.748116036357553194 0.662452353591487464
0.196001968256482140 0.348894617636969884
0.780888929523057995 0.088317053806078016
0.485627824726636792 0.019766053012255310
0.852384462902022300 0.885609600751752213
0.036008839614641193 0.043157098552260909
0.378438198056260500 0.406025827231224767
0.612227779292278007 0.662275059436294611
0.678580713717254924 0.676483677645060677
0.214295380751624187 0.193063668593684956
0.798874519470126998 0.371606004094704234
0.193045457530497400 0.793199947024179730
0.275691799181290720 0.604091735948350195
0.447681164708564450 0.006498011408002990
0.359020982075354822 0.537513610154449872
0.388800170313931270 0.527733195715527348
0.838253878415454068 0.203486399524466788
0.359988123563097284 0.137822427397131131
0.735996999736694746 0.595427354593789815
0.242794319436002937 0.628416826713169785
0.376976938341287815 0.055273671514666833
0.826061500801981485 0.667029576094733234
0.710748803371966220 0.160350682880384177
0.529048613941860313 0.932490411501624150
0.337971092159293995 0.366949629758971274
0.906595184784002361 0.262946238179956437
0.242927729341702148 0.361863799882968962
0.690421687800984452 0.907518580429709898
0.681590756174832779 0.504285177214421676
0.512368654392225120 0.875676300363976590
0.623663674660713818 0.835745774402675945
0.457058673119177028 0.197759540938339307
0.224940386990503283 0.153553339696202662
0.824998833085815564 0.048557524893963200
0.188418975329907812 0.739851803564975707
0.259065856821284801 0.773979968748886860
0.690652783779042712 0.541743722637685110
0.992742823387890660 0.167176350243947669
0.193104976755832547 0.931980722747308477
0.101485689089770958 0.102257708182600715
0.073051555575789351 0.077142559848793535
0.382469394527859941 0.944296271316692470
0.806494432827903007 0.632182083484923996
0.115902027101765615 0.878049482967311778
0.894038507513913006 0.874852443768859844
0.226686028878012147 0.560554031909453521
0.897841587534992103 0.373180050733007529
0.934220545997346608 0.086500538875094901
0.403424333671583035 0.654225449370619105
0.569519714831261958 0.095218326754434757
0.508810064786173744 0.104085124219976621
0.617629703022257726 0.978065526158117149
0.054839185032800893 0.145007537766990657
0.462110988593340377 0.782116339725466458
0.056176219781419463 0.415351540397827623
0.076857087603096286 0.861218018941823704
0.139330112693453856 0.054690101632627393
0.766550644264325842 0.341612237051196477
0.440686725534948698 0.091436515190333356
0.636823759871995576 0.595201027314450681
0.958195759607689990 0.072750972432655991
0.096149168380207928 0.871094114703111155
0.530906506494548847 0.806498253035222601
0.034504940279719010 0.652320482185694939
0.914664180375741376 0.581587059461474931
0.606881174395110023 0.046270961662432997
0.155300458161161337 0.378935202687711858
0.487983151580286489 0.678208539768786589
0.396603579971579079 0.477826009476370717
0.845704517353308649 0.373678678991554991
0.006301156319436780 0.978375865223032326
0.074327209773172698 0.452104039439439054
0.697452314213187652 0.118312882764715299
0.646264075922045378 0.290397464525876670
0.646052417165982051 0.058596483806663213
0.866903496265749585 0.871460488343282047
0.058482619710623518 0.852219546890335411
0.821048813080768936 0.704027711179336713
0.442446555857723745 0.502613455306099799
0.531127319103478213 0.464493893471219832
0.052473727117828113 0.267882177864741666
0.520813406664809464 0.421805655517100753
0.517133955696783110 0.183844893204321791
0.477742571258582438 0.252126085348861384
0.724631059119909882 0.625605513553170400
0.055292168041835683 0.088872172131828797
0.617824545741566755 0.868492003045596594
0.731429570783759586 0.444357918629239734
0.363677265209558898 0.597966387379571307
0.044720886305193157 0.686135903824074300
0.756270382231092331 0.451081343424163783
0.820103974222135435 0.893327639463200152
0.866195229516960374 0.289739378417344651
0.005630688313290220 0.737553227153392887
0.570000059376685853 0.068324682781048696
0.304319917551693575 0.266482864572356759
0.044539417993776483 0.828667319171932704
0.251653095655036352 0.553760930167299881
0.965569626226153943 0.749012403820168648
0.751896129217598963 0.962124960456428369
0.006194258156571210 0.662014399888249616
0.501208292267271704 0.778798671124300013
