0.0055822623333924 0.0153671170721361
0.0585017616566631 0.0273314124935504
0.0834396715085541 0.0213762148401903
0.0971051639491579 0.0085231513048944
0.1526132034764246 0.0134644429565791
0.1660164332463560 0.0196734970973499
0.2012435323225348 0.0309920652082633
0.2310471613509734 0.0019890863502874
0.2785161334084417 0.0147187514457278
0.2834242099226559 0.0008607646223104
0.3214241671678581 0.0072972918208000
0.3669400176123347 0.0116821699680706
0.3978528641319681 0.0078901282903412
0.4170923132715756 0.0263573569089714
0.4612717781699859 0.0238052447477334
0.4759342377426779 0.0000990223122181
0.5174072057400946 0.0146109561420462
0.5445366604348041 0.0264993522579174
0.5764480289190124 0.0244235629546884
0.6058524034841448 0.0155663698752813
0.6398614810373034 0.0225767594801590
0.6813234869976874 0.0034545550692124
0.7086709070641811 0.0016453303340189
0.7334776340558075 0.0008282776569515
0.7505454392715860 0.0265831169280150
0.8036839763351308 0.0202121681286972
0.8435228824062804 0.0163982357790946
0.8609443428821628 0.0258849921051511
0.8764859168538058 0.0044240239746610
0.9282599254338949 0.0026581948441777
0.9481248384328619 0.0019243212875465
0.9985541295256026 0.0307910168838973
0.0270742456497982 0.0511057494590128
0.0377476542598515 0.0406003132628364
0.0775410142391485 0.0420795110584111
0.1019742987615573 0.0400802567360653
0.1409164024151208 0.0315349660497745
0.1806207284589526 0.0469144855926067
0.2063458105186252 0.0444117449079594
0.2243847329976198 0.0600375455894491
0.2628664706496937 0.0474418339594815
0.2898540854385375 0.0487736219834082
0.3324823737958651 0.0514691408288984
0.3654245019361525 0.0424566949730717
0.3843667606404036 0.0414863376626330
0.4241416588993865 0.0430736855060770
0.4659120889039805 0.0452093974827348
0.4989160247423592 0.0414415901709758
0.5171780490478866 0.0460915807575532
0.5570110358493823 0.0464804886352889
0.5678646816490601 0.0621184690618391
0.5938046076685484 0.0558563911823241
0.6318368309968059 0.0543847850848351
0.6811229717252567 0.0522135392204097
0.6950602453945639 0.0507649092345498
0.7269326985422423 0.0599165518667702
0.7512456275180397 0.0418188036868523
0.8024614680419856 0.0623109618123730
0.8194604812226216 0.0409973525454479
0.8714327143823554 0.0323047119367872
0.8980972890515352 0.0556470115350973
0.9073426581601828 0.0470683526373899
0.9468217879942761 0.0379825775922917
0.9867387478019630 0.0567485498607066
0.0082838954855453 0.0674510315066859
0.0496883009307879 0.0876824211994555
0.0899970862215165 0.0637629788334025
0.1128317413570561 0.0863094272107244
0.1392160727588751 0.0719382374137237
0.1576007038121611 0.0831499987258820
0.2138279377837882 0.0781556095911541
0.2491143688686892 0.0780460516233046
0.2718933661202107 0.0798211395855511
0.2978517818429129 0.0763280336268161
0.3132626975780455 0.0917519589292244
0.3487187474705853 0.0695506157103222
0.3751294035150369 0.0891500264929529
0.4146723494808773 0.0873933842227314
0.4564460556938471 0.0852040739176311
0.4771666150348906 0.0667425216475898
0.5040427256187137 0.0716538678604974
0.5475271382789680 0.0836750699661692
0.5754601260178339 0.0731043515132858
0.6244247876416572 0.0791513630320705
0.6314038681292534 0.0685372474992055
0.6669923665057790 0.0889836396581247
0.6879064010022700 0.0805769376260272
0.7300151347137613 0.0741896871515793
0.7550740035912741 0.0842880952723462
0.8041450108884698 0.0638931801113597
0.8331980191978909 0.0637393564978998
0.8582933611233584 0.0814094326254011
0.9023460101848697 0.0672671156695365
0.9091556893336241 0.0799740307459781
0.9471465052039716 0.0708563502766372
0.9877348335973118 0.0805824305647334
0.0036550409787944 0.0942659546522119
0.0536983075358343 0.0957598471640453
0.0689054916733069 0.1195485339530836
0.1020506428311887 0.1161511664336669
0.1484562109922099 0.1055133135883856
0.1874711010276049 0.0977106044128349
0.2143078371787528 0.1138816644751148
0.2275000560339957 0.1046924912960076
0.2745016674461465 0.0941659235430884
0.2975701123851823 0.1073209204768651
0.3143259079696428 0.1078950639941524
0.3466456359353624 0.1228416772325712
0.4060157518354409 0.1088002306002308
0.4186641086324819 0.1130293261576370
0.4431251057356915 0.1191344108769145
0.4861121437599534 0.1168652499222413
0.5236944235900343 0.0943926622568732
0.5624591307323867 0.1071239751381401
0.5756550477023926 0.0992387744196899
0.6033117872124424 0.1231254858668556
0.6466641235731360 0.0945305423646722
0.6829211011794692 0.1190510109417211
0.7154860551508292 0.1185296174831954
0.7198447342973124 0.1136853046962928
0.7810359263085058 0.1217113272805435
0.7866164409340854 0.1095947908427766
0.8179328846323148 0.1208811999757376
0.8574587539275083 0.1068796224473977
0.9028198729677841 0.1249777073811050
0.9257292118929034 0.1176758606740942
0.9519397193325605 0.0946659979844613
0.9835664219716399 0.0939254518205342
0.0178385786612819 0.1403761473468853
0.0315874841362875 0.1496144902148649
0.0892482461690112 0.1364473480737932
0.1233698604961599 0.1424782592588301
0.1497166360031870 0.1382279043138701
0.1592106100895092 0.1473461241853070
0.1882844356736149 0.1475608987761103
0.2298655168423473 0.1300965282954353
0.2661027702996409 0.1504485303129458
0.2864927629111151 0.1523309008077660
0.3257321491104603 0.1288506457839210
0.3677917257474617 0.1380637073277622
0.3782856069333972 0.1436934720225509
0.4239290451771934 0.1462949824457631
0.4499576593343617 0.1366256129820176
0.4753529011043531 0.1295642416054637
0.5239106316057106 0.1443051441686264
0.5379129950107087 0.1465531478448308
0.5836469221139271 0.1369029403119603
0.6184804143646556 0.1518817111201858
0.6518395173902615 0.1505079129329460
0.6821753883182395 0.1402924272367989
0.6965690368912600 0.1251675519300351
0.7265875499557743 0.1412312812781673
0.7660459975381779 0.1399558741778202
0.8058635907042325 0.1460251688409881
0.8347340741119575 0.1515152654108801
0.8704863311953409 0.1347495080214476
0.8855596223883234 0.1403917644530389
0.9183798850799321 0.1281820562967602
0.9676035882195935 0.1338661046250481
0.9847812092535970 0.1519254476466288
0.0153731865949687 0.1821651153265230
0.0550358932771708 0.1858833734001936
0.0829178508627162 0.1823335034364204
0.1055395925148647 0.1755585554845976
0.1513378235487786 0.1662596132174331
0.1760141089554010 0.1786004136276526
0.1923606018889724 0.1621529232451423
0.2342415761875540 0.1836955355060403
0.2684981788161159 0.1831440486473752
0.2867286332344854 0.1712065249006641
0.3251032767931448 0.1714804212622502
0.3533318636117945 0.1640779220999985
0.3772519527048394 0.1614714614078952
0.4134551911033228 0.1752489071973212
0.4464231482437227 0.1838870882706027
0.4854896770940445 0.1777828676373083
0.5125773902687156 0.1565392705974003
0.5428615984604654 0.1813732186279625
0.5933986976727108 0.1722400550859627
0.6076949439967482 0.1665531467749619
0.6489836866250027 0.1614910295340626
0.6573123677413319 0.1806341938029570
0.7072711713012118 0.1651838318273090
0.7283192480856849 0.1572186643823826
0.7727964317589511 0.1823835756104213
0.8063865700690083 0.1870493620832900
0.8388440958616453 0.1584116205715008
0.8573323298451198 0.1779828305751216
0.8826343670616291 0.1586745044463790
0.9183385255796778 0.1798354969521036
0.9681178384511899 0.1752529751139524
0.9929924017163184 0.1639474469107786
0.0052748853777679 0.1919247781321911
0.0572220336311422 0.1965303655429703
0.0733453951397567 0.1876619868557818
0.1224068955530261 0.1881290466280636
0.1299700768471957 0.2173683689572247
0.1780219093163685 0.2056532818497854
0.1909595973170598 0.1885002234089201
0.2300035946044768 0.1913169029112981
0.2663381961257132 0.2020412592188194
0.2963874149860978 0.2090881232389395
0.3187222686864994 0.1899503400466068
0.3458811655379944 0.2057982283520544
0.3999633787579823 0.1880593576664207
0.4101130503107255 0.2020883094456985
0.4396934813592109 0.2181206801956263
0.4864482978941640 0.1981661252138630
0.5282811320901750 0.1920662543319891
0.5573989006636264 0.1951746201157177
0.5799590545088287 0.2119302203986085
0.5939135430669574 0.1912986207597319
0.6372138866135342 0.2173438387209754
0.6686866681664246 0.2063900952159252
0.6890759463331253 0.2019787607616537
0.7237135371532724 0.1977312377299621
0.7620915773217720 0.2047521427643691
0.8068362566062116 0.1905971126882238
0.8354328539515249 0.2164187286743331
0.8445535233983351 0.2127273579407850
0.8869138989638915 0.1945337646934346
0.9259085998157350 0.1974246083565397
0.9505458564235115 0.2019006619890097
0.9868091095796104 0.2051329873847563
0.0146168429153485 0.2463974771673468
0.0421863519183147 0.2290839010860250
0.0914605609415632 0.2436578293216614
0.1098304967296600 0.2400566024073975
0.1504658403915706 0.2425389722596451
0.1580884337764280 0.2408952952334183
0.2014831886729511 0.2321968694755599
0.2299132156409763 0.2213879204564370
0.2512959839422588 0.2410745445566866
0.2874162007020640 0.2203542799809734
0.3234121341070821 0.2441354443854258
0.3597546168418332 0.2463513594052802
0.3833598193624982 0.2197636621847961
0.4208142859787123 0.2430273848985552
0.4423826988562922 0.2368028761216467
0.4805479061701963 0.2234007794233527
0.5128339815587929 0.2494931069947544
0.5339716696402070 0.2464862667213943
0.5840899516511755 0.2453935519796004
0.6026928959811241 0.2318813285731804
0.6306960328661051 0.2449663831289624
0.6723467225125753 0.2323114752859277
0.6947249527647064 0.2396079362598892
0.7262639206109184 0.2291977256897041
0.7780596518193968 0.2381172565004114
0.8103276544860054 0.2468129554779714
0.8397287270652543 0.2319404491539211
0.8593392608371346 0.2385148335561910
0.8839708053495184 0.2217294963575293
0.9271460003200235 0.2496357331455515
0.9514547543527861 0.2280647549536910
0.9819778795313873 0.2220735415448316
0.0214028693292645 0.2787114760066376
0.0528400126577941 0.2575167965826223
0.0695420087756934 0.2675001789991565
0.1094790401660190 0.2631531831530446
0.1276173390968211 0.2759850073663646
0.1585231660169613 0.2556162463237604
0.1892323143250903 0.2780537180840487
0.2188772227452001 0.2669024379664047
0.2719225174406524 0.2622612241337058
0.3106261213039141 0.2809044530169371
0.3267895279401360 0.2664127013931228
0.3444411741634286 0.2567767699274277
0.3952382256607249 0.2733989858688867
0.4304893175162726 0.2745701162292903
0.4631958822548281 0.2643575742406035
0.4967578075131084 0.2674571448902754
0.5190296018700454 0.2742894958980882
0.5468334957392940 0.2522330220011038
0.5846871739489317 0.2507942641420600
0.6162178973216047 0.2804091665326620
0.6417295472856109 0.2755373174770227
0.6584419094812083 0.2683590581899091
0.7136080839002010 0.2736816712294412
0.7298409660903542 0.2549683727628599
0.7802196814103979 0.2541502807467428
0.8044356798377361 0.2597605854901854
0.8185667321523582 0.2511791024253330
0.8494113503902306 0.2802355322394798
0.9009905096055614 0.2695566117169834
0.9360222608806392 0.2798570384744543
0.9578986736184285 0.2742908548882753
0.9997526509782598 0.2531153767523711
0.0133045609351584 0.2998372039444163
0.0523522987854097 0.2877589062269064
0.0647087224935958 0.2940580279935118
0.1170358553500616 0.2975478662189483
0.1491113038993746 0.3088888716811010
0.1672297861194040 0.2877868927574880
0.2096539091955060 0.3109666025547340
0.2258942638886153 0.2892140099316468
0.2653276803170647 0.3111821453003740
0.2942083929380808 0.2872698083046101
0.3375745436227687 0.3004822377011454
0.3451182639090371 0.2874834639588056
0.3914266370536464 0.2838052312854223
0.4158000350531041 0.2906482175854507
0.4655765440672486 0.2986793102702756
0.4968422565643884 0.2923223675404428
0.5040991984346069 0.3000746270521147
0.5339458367164999 0.2947893289822461
0.5794477850338395 0.2892057139078091
0.6046545086113125 0.2980343997800040
0.6503256716111143 0.2870216032150313
0.6693668633228174 0.3064894656020106
0.7023370834173260 0.2898711713934015
0.7234411797477398 0.2817685096425780
0.7729391578816083 0.2989961013003121
0.8062929130514034 0.2831509938299144
0.8242856031046819 0.2924046378242847
0.8732836785758160 0.3077231090343643
0.8895458065984180 0.2874577342651392
0.9071484144045041 0.3033872270947593
0.9469833440875359 0.3085098402110826
0.9780422394919641 0.2883548442328814
0.0060515985167717 0.3328220639700817
0.0624211372340246 0.3228488708473490
0.0758112745885967 0.3366284461907291
0.1221736319144627 0.3131909602505988
0.1531366474453515 0.3268874262846457
0.1784088465493454 0.3268142888466845
0.1989362115416921 0.3407555368505444
0.2254688694132221 0.3377600512572982
0.2560940949143218 0.3208965587129352
0.2840966631608501 0.3294412336686995
0.3315049313148046 0.3294803596344004
0.3677912396709738 0.3263790559032766
0.4020487618936879 0.3320016130595830
0.4102275602770338 0.3278196980254792
0.4469574559418238 0.3372865078475163
0.4986727283589286 0.3157649051393989
0.5135557037288072 0.3261523272795717
0.5462449108609965 0.3255892215382841
0.5750518676116114 0.3394620581796236
0.5957854621837356 0.3312223792760920
0.6406280576816137 0.3360046057408096
0.6804926534213754 0.3249159858553920
0.6893418260450928 0.3305425054869555
0.7327996357001882 0.3377350596734910
0.7713768368631593 0.3152870183140811
0.7915619974655332 0.3142409109424622
0.8350510398728779 0.3127801845552173
0.8686749278350937 0.3187074611900571
0.8986418384652982 0.3262289294326772
0.9310208629018734 0.3212218240863789
0.9422770832450411 0.3385887521901011
0.9914465935477483 0.3407598071011372
0.0099515773320007 0.3464360356129918
0.0332749301255357 0.3684936379065691
0.0651668151030936 0.3629054021523669
0.1025710397921904 0.3673970867637082
0.1440333701465726 0.3570111604541066
0.1843235601791720 0.3695905548047568
0.2074542471506857 0.3555475587373866
0.2222887096574366 0.3505909028686564
0.2708615624552529 0.3441308441641499
0.2997312473933308 0.3692363303260208
0.3417199406936636 0.3676950648985932
0.3518285577735850 0.3557774050853314
0.3999910490067801 0.3605767424272003
0.4220227897263802 0.3627952194033929
0.4653000706738478 0.3627072894492828
0.4872464326523254 0.3657806082120587
0.5126949018458086 0.3632108019928039
0.5534600787988704 0.3481223282328454
0.5872476896578520 0.3526553211951003
0.6139262161519212 0.3597205752114196
0.6286885646731178 0.3447101586228036
0.6586877783634671 0.3542293126652351
0.7169104898409179 0.3518015802956865
0.7220920654257851 0.3732660737145387
0.7588156656829665 0.3747086999523626
0.7820812867844268 0.3574535028782829
0.8390830620145663 0.3652000154624858
0.8584145853528121 0.3457609813945933
0.8786966053657589 0.3520846476506217
0.9372572136404349 0.3451688155978825
0.9679783034586225 0.3670291709232859
0.9742727927232024 0.3480643766204244
0.0278417615607391 0.3943640902378257
0.0369040880879621 0.3945008066443177
0.0737877394803306 0.4061714450209499
0.1060412790637293 0.3781225878013111
0.1551726027323320 0.3974078345549953
0.1676105271376434 0.3886817155234572
0.1945150689414530 0.3936384119395234
0.2480763180519008 0.3975131593010718
0.2551194337206734 0.3849535345912407
0.2980354308153644 0.3956524213604728
0.3353803287679217 0.3954324730300365
0.3744778699329240 0.3899967314092892
0.3937468288883614 0.3786477525609099
0.4132409068618346 0.3865496605628457
0.4518527277830544 0.3820448766983601
0.4946244526208752 0.3757337678882968
0.5209468588873603 0.3789185929675495
0.5324287680033455 0.3863092027345452
0.5869176061867520 0.3873074000173095
0.5952349268194892 0.4036859734795261
0.6451603733183953 0.4043069109860443
0.6687225683507798 0.3776558115554891
0.6898869216970273 0.3925287720103216
0.7295211400363896 0.3811433235951094
0.7720276869547937 0.3995449996983034
0.7858519797864016 0.3840547752554130
0.8329901829686542 0.3865824080196199
0.8464405789851525 0.3955428021494450
0.8792336474436672 0.3954465506413599
0.9355472527360531 0.3852348824228523
0.9604056084697149 0.4025026849244426
0.9999206257104313 0.3946734578257960
0.0307192347057898 0.4157192433650176
0.0499494334485245 0.4364583685587533
0.0790977750922856 0.4062952810570203
0.1024685808538018 0.4363665143719983
0.1327112621029186 0.4174414834341957
0.1765767368064242 0.4269483991774816
0.2131598639990320 0.4165529136711045
0.2480440901634373 0.4369827520710171
0.2742131872262067 0.4161505805018814
0.2812573417164405 0.4348413709407851
0.3379663914928600 0.4287088640280715
0.3690078221468877 0.4354716050549954
0.3947745327002918 0.4373215799703524
0.4129394508268979 0.4372736979240779
0.4681914095411382 0.4212561632465985
0.4775970461283068 0.4207866470265640
0.5082855168791260 0.4120367760566334
0.5616758567502534 0.4074234382303998
0.5703673579463583 0.4181311090941518
0.6007087266064063 0.4143420148739332
0.6287153482200245 0.4075267994708642
0.6743050226992805 0.4225221032167288
0.6920423175214174 0.4138210228079324
0.7263302146272705 0.4150396481214747
0.7567815955214358 0.4175959849759935
0.8060978583333687 0.4070591359972670
0.8410943107090068 0.4080643174927652
0.8491369800663890 0.4242891334725578
0.8892767056337009 0.4126361552453911
0.9181126320425710 0.4216408221122416
0.9576578026379058 0.4150589647871591
0.9814615874829065 0.4334994480472141
0.0048886521108662 0.4505361448036596
0.0326969751243138 0.4532529364312516
0.0824589658019668 0.4551007722288827
0.0948098581674986 0.4522880064136182
0.1459469161293129 0.4392240247038834
0.1597609123814734 0.4540793242867232
0.1980013369664392 0.4430793183513466
0.2197416098619825 0.4540910542994804
0.2691340561444588 0.4510763876398028
0.3106979451031601 0.4539456112426475
0.3365392581703056 0.4534116889144354
0.3741828539303588 0.4468330130328146
0.3988510857348209 0.4514307667074885
0.4192175880192978 0.4636453770115717
0.4500993367452568 0.4493967518319844
0.4724282985722109 0.4420053649029660
0.5112240880808185 0.4403533019219270
0.5485555608067526 0.4605451966437079
0.5819527079057066 0.4499612146027924
0.6189367182583099 0.4541015700121787
0.6406235959712495 0.4398404513055310
0.6761094766953231 0.4661950634388858
0.6956588031181659 0.4388431754194459
0.7284498555433319 0.4468494985947297
0.7579698449091129 0.4513461702606555
0.7891250045614430 0.4385170470305707
0.8139828116044918 0.4639041839478941
0.8552089722022609 0.4395606892188955
0.9025444992217733 0.4495993758886796
0.9250228015388087 0.4571639468123777
0.9659183720820415 0.4398391773007461
0.9957121455984372 0.4474151369009555
0.0109146839828174 0.4750212734445887
0.0499655236209052 0.4795179606920473
0.0733931480394735 0.4761255536417808
0.1225203500224200 0.4692577906657019
0.1372525068597246 0.4923378232936164
0.1646984755756898 0.4917833044207113
0.2080934654988137 0.4722201925602098
0.2380940692080464 0.4893189584090551
0.2573132924572542 0.4734152882294979
0.3087778736161142 0.4800482158982829
0.3423774118034119 0.4858732717374667
0.3631684630740346 0.4708341724285611
0.3815693906328111 0.4953489492239527
0.4135494539928318 0.4967965661222313
0.4423737454245502 0.4700048767751109
0.4789936237168628 0.4970787951074316
0.5160393696634799 0.4729690407516340
0.5535045373528308 0.4945789844188471
0.5933437337650723 0.4734883988558216
0.5964814717129405 0.4718549842596912
0.6522052259109683 0.4777617006296486
0.6674125210070916 0.4832882707234979
0.6959617258525788 0.4874705869468502
0.7451616235279587 0.4899926422412055
0.7676727798032652 0.4964676653952167
0.8003899081238528 0.4979183774252520
0.8299229355264799 0.4818862679715563
0.8495372512077382 0.4850618972113470
0.8841263283284998 0.4892242310290925
0.9311157620713999 0.4856376236772261
0.9654047476775772 0.4915043300306038
0.9917282901721052 0.4747869962635423
0.0246742998056848 0.5189490000916905
0.0486508977710908 0.5002428690090039
0.0777799187015390 0.5213068661825174
0.1142395389198328 0.5051016754803448
0.1464237384239892 0.5185342900269050
0.1648950843571065 0.5075931067814929
0.1894589316231730 0.5010646842049411
0.2401218870789805 0.5158820813589653
0.2670013755088471 0.5101696093401069
0.2988206016562273 0.5069621876213165
0.3234335277022509 0.5238288978994434
0.3510596364111629 0.5059547145042121
0.3762811883922245 0.5199257621523328
0.4213903043244879 0.5266986277444874
0.4381454602244425 0.5152944025408875
0.4821017173029452 0.5076835439567343
0.5239916302559569 0.5060600731286002
0.5409809705499845 0.5134250957302127
0.5720878866677881 0.5027420251680091
0.6230071368288032 0.5020627506249513
0.6462504819345987 0.5260435605495297
0.6742523567290141 0.5112291108551665
0.7103538771280835 0.5285310535887304
0.7268605288761063 0.5023379019861984
0.7701652611240554 0.5112265757526979
0.8030343765797719 0.5050307327886151
0.8387589816230194 0.5012049490457794
0.8741517930833103 0.5181841150636217
0.8758221150333386 0.5295495870726068
0.9230027119292239 0.5114856730805787
0.9625069243686091 0.5248698278608099
0.9743974609467899 0.5166532956249055
0.0253082200306607 0.5427926000548019
0.0522026670062128 0.5375202629004652
0.0730578848969408 0.5315278020443227
0.1225649386839076 0.5498209105136902
0.1487380212057428 0.5410665212525481
0.1862081684940054 0.5327389444053092
0.2012987529724375 0.5336109540431000
0.2432867546124171 0.5502416896964115
0.2779388960523859 0.5416910552955887
0.2835286414298543 0.5337469946698857
0.3315263299830839 0.5367302854508939
0.3507428905614910 0.5412983792217902
0.3839347813247524 0.5541716653389172
0.4115979589978696 0.5326368831957550
0.4409453654553586 0.5369925517184474
0.4828499143502851 0.5319450043746073
0.5259788493149983 0.5396330040864914
0.5342447107675816 0.5571865786052080
0.5743433278538953 0.5480050689203322
0.6061505233871186 0.5390998273622701
0.6428854361902867 0.5341885864776215
0.6731043388931274 0.5601376864774921
0.6929111482630775 0.5405049810361273
0.7398847297622002 0.5614314109537512
0.7647168516557739 0.5380788668501927
0.8104866802419075 0.5556159442681998
0.8247101815223055 0.5485871002293612
0.8662552476520442 0.5539677202875333
0.9055954360580978 0.5332133568615472
0.9089016767620294 0.5470947002267068
0.9570977487325401 0.5390933535640409
0.9859595169229266 0.5510561391294665
0.0189148711703196 0.5785583504876219
0.0458168389178380 0.5717078820833869
0.0809771182911165 0.5816363093788999
0.1171526535974712 0.5699023300386946
0.1304713554165507 0.5765121851954234
0.1711928344673783 0.5923054170288623
0.2044273120237483 0.5742033786842067
0.2427091460461540 0.5746904363504923
0.2709100505730391 0.5834424635668111
0.2826036968680943 0.5794283992141199
0.3198377518733682 0.5639677029717169
0.3491376945861472 0.5702366386390192
0.4000289310186136 0.5921022685645420
0.4162477907553696 0.5905174918889184
0.4375293937732510 0.5836362834566912
0.4980426116804017 0.5774785595124636
0.5162625673632378 0.5936171233194414
0.5506199258037749 0.5810243019953609
0.5888139251159172 0.5792914197536955
0.6136157636976781 0.5871070156930079
0.6301404045828721 0.5936670214427981
0.6684689612280914 0.5858855949094416
0.7086678286784011 0.5910288290391246
0.7380776515725139 0.5677399551193368
0.7699408183109161 0.5793651778953355
0.7897040944588875 0.5828207214772098
0.8233480606087054 0.5819561673614431
0.8562155323715743 0.5933680259629288
0.8755836711019500 0.5807082291348274
0.9204731726797675 0.5831281623620482
0.9451740702612939 0.5769059377018823
0.9972635911992180 0.5772749879605923
0.0117556833017847 0.6106895917637483
0.0478737831404702 0.6203610745015946
0.0673093932062289 0.6185249071545340
0.1080647044903648 0.6003220084086429
0.1544031849289907 0.5956067817962322
0.1648706780744298 0.6026344057876265
0.1999580237945441 0.6173639451376752
0.2419757986364468 0.6112354393322427
0.2777294957229596 0.5949673314527467
0.3022743615898327 0.6105615078181235
0.3273179742077608 0.6152910553651695
0.3641700758268323 0.6248154262274129
0.3902353729811996 0.6078699469059305
0.4122799915475398 0.6101437998356692
0.4469770439277400 0.6232402574014103
0.4863301295866511 0.5972856993212990
0.5018037514635956 0.5952390206878705
0.5483581909188756 0.6110227345439584
0.5650837270269888 0.5995301548449532
0.5965975533281042 0.6143896868625714
0.6559690578679901 0.5973732615358941
0.6627986123676880 0.6245153128294153
0.7152219603817507 0.6183848003565824
0.7283850246305643 0.6248991795899883
0.7614164412876356 0.6216698712785357
0.7854300084219904 0.6190422150623318
0.8293739788770037 0.6119197984941885
0.8446291063755829 0.6008941675177314
0.9035303507819756 0.6160460061713616
0.9299122628755861 0.6031640981507829
0.9510445494754645 0.6080641071263225
0.9758861000281323 0.6154610395706943
0.0021169289592536 0.6337531319338329
0.0364972397434758 0.6419807731532805
0.0648566071490269 0.6301387586874632
0.1066743031733999 0.6388841151568502
0.1395836371065705 0.6289023774970737
0.1562793424680518 0.6405431684529516
0.1992282799119291 0.6426598098692515
0.2247188892113280 0.6265430174302719
0.2610173583168833 0.6314760170188628
0.2815375070296282 0.6456566430048001
0.3282068994705540 0.6357213077260589
0.3551104246900955 0.6537784766360830
0.3933785658235279 0.6332968162196707
0.4155574627014215 0.6442116938658692
0.4619926433549669 0.6552508861909473
0.4857621101044393 0.6368792906920654
0.5127358843495539 0.6288665477898492
0.5448669083623898 0.6344824841326551
0.5629385673480218 0.6288000586505351
0.6104572873778171 0.6261946147541172
0.6457288439916712 0.6512445312684171
0.6667778756465333 0.6284941846963247
0.6883738659606864 0.6269965111163954
0.7340449670797425 0.6295018820678552
0.7754300289972642 0.6470915701374920
0.7971994708953568 0.6536254460887924
0.8377782064770455 0.6347329282390614
0.8722385419513116 0.6385748788788108
0.9052432310519729 0.6553581612400492
0.9126877917889124 0.6505264731889272
0.9475769263191499 0.6323258851172376
0.9809196435231793 0.6474584967585516
0.0013279506641522 0.6651734249902286
0.0484529873581089 0.6652213839480481
0.0843686130012155 0.6831520007300721
0.0947678392115537 0.6791509222899699
0.1436317819751847 0.6652434525914442
0.1760588945776646 0.6823682806082955
0.2051760475523167 0.6723652725403115
0.2346205535679420 0.6784630518069221
0.2759126374429150 0.6731398637679040
0.2950360221151229 0.6813724970494217
0.3213271275897785 0.6613449207290434
0.3620599447262866 0.6730446346062204
0.4047623386243528 0.6860992503534724
0.4197831334974423 0.6669039463111307
0.4512767742987787 0.6759019758956190
0.4767551202993414 0.6673398913723344
0.5284613640619106 0.6700136845552599
0.5367197377031326 0.6859315247953671
0.5661018102231631 0.6702138744949460
0.6081320477791000 0.6592303447973407
0.6339472965686930 0.6676508996912272
0.6826097902198399 0.6600192522516914
0.6946166905220456 0.6582826291557022
0.7349079069269122 0.6840674817896698
0.7742956875974584 0.6825041415901486
0.7998838673445848 0.6744372026865542
0.8159316209844739 0.6795211515823014
0.8667934387254237 0.6594401934514654
0.8884201217824933 0.6659422815452541
0.9342819036537044 0.6748486137874037
0.9452810234690143 0.6776163069372820
0.9703836246473051 0.6594352197342024
0.0226777269141809 0.6896075596098432
0.0337652280932020 0.6929901180140957
0.0668829449721003 0.6988804893028968
0.0964737570827706 0.7114202482195398
0.1551939646507511 0.6882371292043227
0.1632485945751955 0.6880302806202427
0.2046993404682446 0.6951806347814826
0.2341861149329498 0.6879021621994584
0.2778471204353888 0.7164738210857446
0.3014323765266265 0.6944329856265229
0.3218961454191898 0.7132599285160446
0.3452280223651901 0.7032161806656908
0.3912686125401438 0.7143854130205747
0.4066811567086519 0.6959594195163422
0.4681381839455756 0.6936863849500562
0.4848910100261994 0.6891685528629121
0.5133162937401785 0.6929230268274925
0.5417587281809705 0.7150082792364919
0.5747214701668585 0.7105331208493689
0.5992936284873891 0.7157725466971728
0.6521773476142793 0.6896798494410877
0.6686507969824561 0.7148267229911963
0.7183094085881081 0.6953809948502506
0.7245141144589816 0.7094413377354947
0.7616643313712055 0.7051800042170949
0.8111040387498493 0.6925623676105557
0.8409239793969867 0.7164287784907339
0.8601309044973497 0.7107651467421909
0.8988018190167208 0.6991458676517963
0.9322041858491757 0.7115110820319036
0.9616889610075969 0.7154033916406725
0.9837234753968686 0.6962513591633638
0.0032853635747506 0.7250834908597563
0.0359292896851078 0.7480547108982752
0.0658334902384564 0.7260606837548240
0.1130985431580667 0.7353678945161115
0.1448029463881512 0.7437082876404703
0.1723419780502504 0.7390882585539194
0.2031207334259051 0.7499348712921801
0.2453594984270583 0.7227740949161841
0.2735936849711700 0.7238752638731917
0.3074427276489536 0.7389470175890873
0.3298722283911707 0.7342177581569983
0.3730522576655282 0.7314994922046760
0.4028911028983602 0.7226138123909872
0.4318789765710745 0.7235803211025046
0.4546416679422761 0.7288237813770059
0.4877307206944970 0.7346185685720857
0.5004443022352604 0.7382761836196837
0.5456173783782599 0.7473099575561983
0.5927726989747076 0.7296316799422295
0.6118990929189081 0.7451350814617067
0.6484805629505568 0.7298426805046148
0.6747496309155745 0.7391847395651134
0.7045237475930727 0.7192140892495306
0.7237498170437169 0.7271163253582564
0.7809041399087788 0.7392447601958136
0.8088658403239949 0.7266896636705313
0.8391068535673362 0.7201728032733128
0.8442169569246906 0.7300463085532045
0.8882363276670712 0.7441729415417929
0.9251742847449577 0.7290524230367297
0.9405175997040316 0.7312796356290301
0.9738651897952585 0.7358572639213505
0.0311829408740973 0.7552710701612712
0.0314572133189609 0.7772508237456769
0.0761435977462953 0.7729630897592366
0.0981736286282490 0.7594622291662074
0.1433314622972380 0.7521779586825126
0.1778512578251759 0.7720390324356441
0.2071122304263550 0.7740563582197119
0.2289412191014396 0.7756377262626724
0.2694916506407254 0.7671840902712885
0.3040979457537183 0.7678019719778379
0.3300001212168171 0.7765462277059345
0.3487503854071743 0.7745245322883308
0.3837332278195805 0.7721575651536353
0.4071733862661229 0.7556293212876818
0.4452504865066156 0.7513609028562269
0.4887498609558751 0.7509209915543030
0.5030336565698982 0.7716668685288294
0.5595654483778547 0.7548852321956500
0.5906701652791991 0.7665495164561748
0.6249989416982874 0.7546312527889171
0.6437366514645283 0.7647816254778437
0.6842337734003768 0.7658286165814953
0.7053036431875312 0.7762026275844307
0.7416896323327236 0.7780519661645434
0.7576354396388084 0.7642073740300659
0.8068969038970688 0.7591200889837367
0.8187704374033025 0.7769393353150917
0.8648599745879650 0.7570437586395660
0.9029001810596698 0.7564038838253948
0.9318663873268190 0.7783596942130162
0.9394866177265780 0.7735961134891011
0.9802101550681035 0.7633201840527380
0.0044133488744964 0.7897388530052861
0.0420177927418707 0.7868453054377635
0.0629022186861512 0.8113070352304179
0.1242186375033598 0.7834937759408368
0.1487587422799838 0.7898473113985792
0.1872838280287988 0.7915814901747590
0.1877702705959005 0.7954214908033154
0.2315806287133450 0.8046175795484943
0.2518353742322429 0.7818171792937048
0.3070268519947288 0.8049578724911017
0.3411384324012415 0.8032374665734487
0.3460769829121247 0.8098116187925248
0.3989671674319664 0.7824865796430240
0.4369645208082207 0.7984590547083651
0.4536389079951230 0.7977455784503736
0.4965163795117268 0.7887053945629345
0.5113185785850741 0.7844307171560685
0.5347462215005304 0.8073254973086569
0.5695868388208578 0.8023933312900120
0.6182800978337075 0.7857110485559387
0.6528410051423752 0.7975274563435637
0.6701477610238111 0.8003656994432260
0.7128046227118807 0.7823504915754318
0.7381683398290423 0.7857950356837835
0.7714757323963123 0.8035603042243258
0.7944613278369337 0.7979402046149456
0.8336199421319557 0.7954448513621843
0.8528690319232946 0.8004979534750262
0.8867859088585239 0.7927842935541618
0.9368096951097425 0.7831417254974079
0.9454857606172439 0.8122785105866495
0.9867872095744942 0.7857855942099983
0.0063246941798508 0.8388210412024706
0.0456862523005040 0.8204056437865623
0.0634598748964012 0.8324488794393626
0.0996321512494774 0.8364039938435686
0.1478660925247710 0.8209750621384485
0.1643658463164186 0.8281980585695257
0.1913397546115649 0.8319372038473760
0.2333496876501558 0.8226160632369210
0.2505335047704225 0.8401999959022133
0.3074500738057789 0.8139078447506080
0.3437384251791255 0.8377070970412651
0.3694680275771624 0.8235352204456933
0.3915294679377610 0.8231781691159488
0.4234409806465035 0.8431029736114382
0.4623984994332929 0.8153463182666542
0.4850602340856054 0.8139961530120509
0.5061278163031245 0.8225012830352989
0.5521388109065378 0.8435866054301366
0.5891391458687986 0.8367488532702969
0.6033195952698878 0.8141519085541623
0.6290489036432898 0.8175277018261540
0.6609431135369737 0.8158423417384745
0.6911752447968867 0.8307108633868112
0.7320408061390378 0.8424124690885118
0.7595932110740493 0.8425074218581478
0.8016861363070218 0.8252961464987301
0.8354266307216831 0.8316785975859227
0.8631484129849538 0.8308599667813693
0.8789871123736562 0.8220378529877539
0.9263638515501990 0.8422248086077970
0.9607116852723055 0.8358465443205082
0.9990428803604852 0.8385518524963803
0.0182223308963512 0.8464563609794711
0.0445021977943535 0.8746896863427153
0.0676593289056347 0.8463204158230566
0.1101579369730235 0.8604921140174779
0.1494388508717118 0.8493247416785747
0.1753282367625089 0.8494576198121323
0.1952733364944304 0.8713346350421417
0.2249054049366940 0.8733102575915668
0.2659530564387135 0.8693727826835242
0.2953677337125338 0.8632459329928487
0.3271226487338251 0.8543293671842799
0.3596078357314795 0.8744156643870133
0.3947858051061263 0.8495813647864189
0.4257340491155727 0.8719346404831129
0.4584321222958235 0.8734905333083293
0.4857334483053154 0.8736246577508076
0.5092390091365684 0.8514492303844500
0.5469789891722597 0.8700333474660465
0.5888020532912044 0.8706447254043396
0.6092743970539011 0.8497013480414622
0.6424241639980189 0.8577252279884339
0.6735245991182817 0.8521660337967449
0.6995012168661762 0.8546350202764188
0.7260484897299343 0.8574534197120233
0.7531133195730848 0.8530671308969972
0.7923988435845898 0.8589515987208244
0.8418263525165828 0.8643420433474543
0.8721153955270567 0.8583510461387418
0.8894302421714789 0.8508168993928750
0.9123419567271719 0.8694308197459676
0.9632034032007001 0.8499568778297253
0.9741988650567611 0.8628418164624764
0.0098158759640569 0.9061737280666406
0.0418598157100108 0.8875111406615894
0.0698558079554676 0.8905579202617934
0.1050872659760239 0.8842092506095338
0.1347346171367972 0.8921479908773066
0.1851128077481305 0.8823835047417748
0.1927098933215990 0.8917498230451537
0.2488985121787624 0.9050700655552356
0.2672639823407077 0.8975278733782643
0.2996703163488018 0.8894156058742225
0.3306185956572045 0.9019276437823252
0.3466544265853543 0.9008967541805373
0.4004439270036154 0.9005489495901422
0.4096106620036270 0.8798308827155238
0.4448653109817073 0.8862317934812447
0.4975912549497692 0.8938772354511276
0.5221013095297833 0.8808882412980462
0.5398817120876671 0.8772624316733866
0.5785262202250668 0.8858223666051365
0.6127985484569782 0.8848447068253954
0.6302044647450767 0.8792521521573127
0.6648963945800828 0.8970422989834309
0.7088848320115119 0.9041305195475050
0.7267550838593317 0.8928747971596716
0.7550680282413466 0.8902274287789285
0.7946978253453577 0.9015430055503010
0.8315570115700054 0.8776979654511338
0.8618324844983934 0.9003303350851980
0.8897742045134041 0.8800670796374878
0.9223487181034783 0.8929759329722179
0.9470850676832405 0.8837277562232151
0.9964963800921325 0.8780762855627672
0.0166398503865700 0.9172625092745249
0.0450508920810628 0.9278244035214268
0.0675140636156064 0.9163419249610723
0.0958718505320910 0.9361572872441932
0.1457594125938304 0.9085220622179880
0.1816939615584734 0.9268079459600869
0.2055681558494986 0.9233312619587086
0.2189689162388968 0.9063384526233157
0.2559615495087504 0.9352869499006297
0.2928807059727215 0.9171153599598572
0.3259767759413657 0.9331942247239734
0.3570004496996799 0.9103408490097293
0.4024701304908587 0.9118406515017303
0.4367788270708511 0.9358515581645409
0.4444218954512726 0.9112191196682408
0.4795756856559685 0.9265655270376211
0.5178867999564312 0.9327456104544721
0.5527031626642648 0.9106798349073241
0.5883622509708625 0.9361153234813581
0.6150433686099058 0.9257447411204296
0.6420915267288144 0.9325166404267061
0.6726348128537630 0.9067951158028112
0.7055445701059699 0.9287377734034095
0.7201964024844845 0.9214625037407672
0.7528865448048082 0.9087428436446341
0.8020647975270038 0.9067195991287570
0.8293004738038199 0.9236960899908627
0.8558667321165954 0.9366607584147515
0.9012013547897386 0.9081044767633129
0.9105553948684584 0.9325554037533255
0.9462698552511428 0.9174697595175845
0.9958178458647989 0.9123864184494721
0.0311669251329588 0.9403646214491836
0.0537017666213530 0.9612048487317781
0.0695726579496412 0.9489218288337110
0.0966691261503964 0.9503161118227618
0.1557408275616779 0.9507502095791245
0.1564438289208344 0.9587504508019994
0.2130476385506054 0.9383779929519023
0.2459528098443375 0.9663398993055132
0.2610896519674899 0.9630937677962725
0.2845551209612600 0.9646073359212208
0.3199056159706145 0.9496949790797303
0.3693430945728213 0.9519629141059879
0.3959941205117244 0.9407118449744432
0.4265820372969899 0.9655979189501761
0.4462397717601860 0.9497762245601395
0.4942610231664649 0.9456169014548039
0.5284541920515371 0.9520672099711103
0.5531540102169537 0.9420346209497394
0.5728626963307376 0.9490639844446108
0.6029550449771668 0.9585869106616151
0.6308307266210437 0.9462228244695821
0.6592582559792887 0.9572908151979332
0.6994217888610134 0.9659667605671833
0.7242824234564008 0.9484573543359461
0.7595731723519350 0.9610513287083522
0.7884025481669369 0.9620422270087498
0.8383536125933029 0.9634251941382130
0.8566914489523675 0.9475475844605141
0.9008846854803573 0.9421771462896291
0.9231827611660228 0.9461205769369186
0.9433304127622182 0.9662716155584138
0.9818305156104995 0.9562061714831915
0.0058625859114902 0.9787320993689143
0.0615432374823449 0.9844184426598683
0.0631063493396646 0.9976721519113323
0.1054240438319742 0.9888978698958801
0.1368332876979756 0.9843265311657423
0.1636347778766357 0.9984278353298029
0.1875171369399413 0.9849335417648356
0.2224348651409923 0.9789925926988629
0.2599793473036462 0.9970444579657027
0.2846115078992550 0.9920350617554070
0.3377267366183153 0.9757297040479644
0.3503983408249536 0.9746196819318323
0.3890597004831661 0.9827185381736210
0.4260946671554129 0.9899564609604160
0.4671731246547622 0.9844526493588013
0.4870871680406783 0.9950580814617601
0.5002213237043780 0.9824122209798056
0.5479337708044251 0.9960476842920725
0.5784459632238312 0.9696288299825572
0.6200826992479638 0.9963601124444484
0.6513954013685693 0.9757756685688523
0.6738252880618502 0.9817118890507762
0.7158248055008490 0.9726213969641495
0.7468886795373700 0.9936511469353425
0.7732387042567752 0.9932604472284171
0.8032991245090230 0.9931191207995304
0.8423113613289647 0.9851420942503573
0.8593598304445963 0.9903537897701317
0.8872867935452996 0.9822570222472582
0.9076682879551828 0.9949414499541051
0.9673090513735619 0.9742874728301395
0.9972727262986455 0.9900236963299877
