d s a   m_i     
1 1 0	 1
2 1 0	 1
3 2 1	 1 3
4 2 1	 1 3
5 9 152	 1 1 5 1 5 19 65 1 171
6 9 218	 1 1 5 1 11 33 41 65 253
7 8 70	 1 1 5 9 13 23 17 119
8 9 22	 1 1 5 9 17 29 43 17 141
9 9 59	 1 3 5 7 13 33 59 65 215
10 8 97	 1 1 1 7 17 9 65 105
11 10 194	 1 1 1 1 17 3 41 55 133 125
12 7 21	 1 3 5 3 17 11 19
13 10 227	 1 3 5 3 15 33 41 67 131 207
14 9 234	 1 1 1 9 13 3 55 103 257
15 6 13	 1 3 5 3 17 1
16 10 295	 1 1 5 7 9 33 31 99 247 411
17 10 398	 1 1 5 9 15 29 19 129 127 201
18 7 59	 1 3 5 5 17 19 27
19 6 25	 1 3 3 9 13 5
20 10 266	 1 3 1 7 5 29 65 53 133 113
21 10 107	 1 1 1 9 15 7 13 37 119 363
22 7 42	 1 3 5 5 9 11 15
23 7 62	 1 1 5 3 9 33 23
24 10 457	 1 3 1 5 17 29 25 79 109 461
25 7 50	 1 1 1 7 17 31 19
26 6 22	 1 1 1 7 17 19
27 8 67	 1 1 5 1 11 25 25 129
28 10 4	 1 1 1 7 17 15 25 23 35 317
29 10 171	 1 1 3 9 17 7 7 53 35 271
30 9 244	 1 1 3 9 17 15 13 27 187
31 10 301	 1 3 1 9 13 9 29 123 145 111
32 7 4	 1 3 5 1 17 3 11
33 9 157	 1 3 3 9 17 25 47 61 55
34 7 8	 1 3 1 1 5 33 63
35 9 167	 1 3 1 3 11 27 27 29 247
36 9 194	 1 3 5 7 5 21 21 7 253
37 8 103	 1 3 1 9 5 25 15 123
38 5 2	 1 1 5 7 7
39 10 251	 1 3 1 5 17 29 37 101 53 377
40 8 14	 1 3 5 1 7 13 35 121
41 10 199	 1 3 5 7 11 25 45 23 181 225
42 9 138	 1 3 5 3 17 31 41 11 183
43 8 122	 1 1 5 9 9 19 25 55
44 9 137	 1 1 5 9 13 3 51 105 43
45 7 7	 1 3 3 3 5 19 55
46 9 185	 1 3 3 3 9 3 41 51 161
47 9 229	 1 1 3 7 17 33 31 7 85
48 9 44	 1 3 3 5 13 7 31 9 245
49 9 13	 1 1 1 9 1 15 35 97 155
50 9 122	 1 1 3 9 13 7 57 69 255
51 9 55	 1 3 1 1 13 5 13 15 97
52 10 55	 1 1 3 5 3 5 65 117 189 11
53 9 25	 1 3 5 1 1 3 21 43 91
54 9 82	 1 3 5 5 13 3 31 51 49
55 10 422	 1 1 3 1 7 27 47 103 65 313
56 9 67	 1 3 1 5 17 31 35 73 79
57 9 145	 1 1 5 5 5 17 63 45 93
58 9 74	 1 3 5 1 13 5 33 91 219
59 10 121	 1 3 1 7 1 11 5 69 147 273
60 10 181	 1 3 5 3 17 15 33 31 157 123
61 3 1	 1 3 1
62 10 19	 1 3 3 7 5 3 43 121 35 335
63 10 367	 1 1 5 1 17 23 57 107 175 63
64 10 316	 1 3 1 5 17 31 21 43 193 243
65 10 400	 1 1 3 9 3 15 23 119 193 19
66 8 49	 1 1 5 3 9 15 7 115
67 9 52	 1 1 5 1 11 9 65 125 213
68 9 109	 1 3 3 9 13 13 53 95 55
69 9 176	 1 3 1 3 1 5 19 77 183
70 10 324	 1 3 3 7 1 15 43 121 175 509
71 9 103	 1 3 3 7 3 5 29 25 25
72 10 472	 1 1 1 1 15 25 41 125 59 187
73 8 22	 1 1 3 9 15 17 9 31
74 9 253	 1 1 1 1 9 13 15 93 125
75 10 472	 1 1 5 3 7 21 9 21 17 451
76 10 454	 1 3 5 5 17 7 21 35 199 231
77 10 508	 1 3 1 3 17 5 35 41 179 453
78 7 19	 1 3 1 5 7 15 13
79 10 13	 1 1 5 7 7 5 23 61 53 85
80 5 11	 1 1 1 7 3
81 10 208	 1 3 5 9 9 3 5 113 247 351
82 10 64	 1 1 1 5 9 1 59 127 243 37
83 10 22	 1 1 5 7 5 9 23 49 253 103
84 10 134	 1 3 1 7 13 29 29 97 161 3
85 7 1	 1 1 3 7 5 1 11
86 9 62	 1 1 3 7 17 21 51 13 5
87 10 242	 1 3 3 1 15 13 37 19 99 409
88 7 14	 1 3 1 9 1 3 27
89 4 4	 1 3 1 7
90 6 1	 1 1 1 5 3 17
91 9 199	 1 3 3 1 17 11 55 31 97
92 10 115	 1 3 5 7 3 5 3 19 249 15
93 9 124	 1 3 5 5 13 33 37 129 99
94 10 493	 1 1 1 7 11 33 51 27 95 441
95 5 13	 1 1 1 3 5
96 8 21	 1 3 5 3 7 3 35 93
97 8 56	 1 1 5 9 11 31 11 43
98 10 127	 1 1 3 1 17 3 47 7 11 143
99 10 253	 1 1 1 1 13 3 33 105 45 235
100 3 2	 1 1 1
101 4 1	 1 1 3 3
102 5 4	 1 1 5 5 5
103 5 7	 1 1 7 11 19
104 5 14	 1 3 5 5 31
105 6 16	 1 3 1 13 27 49
106 6 19	 1 1 1 15 7 5
107 7 28	 1 3 5 3 3 13 69
108 7 31	 1 1 7 13 1 19 1
109 7 32	 1 3 7 5 13 19 59
110 7 37	 1 1 3 9 25 29 41
111 7 41	 1 3 5 13 23 1 55
112 7 55	 1 1 5 5 23 33 13
113 7 56	 1 1 7 7 1 61 123
114 8 38	 1 3 1 11 27 43 71 9
115 8 47	 1 1 7 15 21 11 81 45
116 8 50	 1 3 1 1 19 11 3 205
117 8 52	 1 1 5 9 19 21 29 157
118 8 84	 1 1 3 1 11 31 97 225
119 8 115	 1 3 1 5 27 63 123 213
120 9 8	 1 3 5 5 29 17 47 173 479
121 9 16	 1 1 1 5 17 39 23 5 343
122 9 47	 1 1 5 15 19 45 41 7 383
123 9 81	 1 1 5 5 17 13 81 3 131
124 9 87	 1 3 5 1 9 43 3 149 11
125 9 91	 1 1 3 13 31 13 13 255 487
126 9 94	 1 3 3 1 5 63 89 91 127
127 9 104	 1 1 5 7 23 31 37 243 289
128 9 143	 1 3 5 3 27 61 105 171 305
129 9 173	 1 3 5 9 11 49 51 59 115
130 9 181	 1 1 3 5 23 5 105 109 75
131 9 182	 1 1 7 15 7 11 67 121 453
132 9 191	 1 3 1 15 19 39 39 89 15
133 9 220	 1 3 3 3 5 35 23 195 349
134 9 227	 1 3 3 7 9 27 39 59 297
135 9 230	 1 3 7 15 25 57 33 189 213
136 9 236	 1 3 3 13 19 27 23 113 249
137 9 241	 1 3 5 3 23 43 3 253 479
138 10 50	 1 3 7 13 19 13 9 67 9 737
139 10 69	 1 1 7 9 13 39 3 47 497 169
140 10 98	 1 3 1 7 21 17 97 19 415 905
141 10 140	 1 3 5 13 31 47 101 57 39 341
142 10 145	 1 1 3 3 31 57 125 173 365 551
143 10 152	 1 3 7 1 13 57 67 157 451 707
144 10 158	 1 1 1 7 21 13 105 89 429 965
145 10 161	 1 1 5 9 17 51 45 119 157 141
146 10 181	 1 3 7 1 23 57 67 141 151 571
147 10 203	 1 1 5 3 15 55 101 67 455 625
148 10 253	 1 1 3 13 11 39 21 207 123 305
149 10 265	 1 1 3 9 29 3 95 47 231 73
150 10 274	 1 3 1 13 21 39 125 211 439 723
151 10 283	 1 1 7 3 17 63 115 89 49 773
152 10 289	 1 3 7 13 11 33 101 107 63 73
153 10 319	 1 1 3 15 25 55 9 101 219 607
154 10 346	 1 3 3 3 25 55 17 75 337 3
155 10 352	 1 1 1 13 25 17 65 45 479 413
156 10 361	 1 1 7 7 27 49 99 161 213 727
157 10 382	 1 3 3 7 11 61 39 87 383 835
158 10 395	 1 1 3 15 13 7 29 7 505 923
159 10 412	 1 3 3 13 5 1 119 211 455 1001
160 10 419	 1 1 3 5 13 19 3 243 75 843
161 10 426	 1 1 1 9 1 25 109 197 279 411
162 10 428	 1 3 1 15 23 57 59 135 191 75
163 10 433	 1 1 5 15 29 21 39 253 383 349
164 10 446	 1 3 3 5 19 45 61 151 199 981
165 10 505	 1 1 7 13 15 41 47 243 303 437
166 11 2	 1 3 3 15 27 49 113 123 113 67 469
167 11 11	 1 3 7 11 3 23 87 169 119 483 199
168 11 21	 1 1 5 15 7 17 109 229 179 213 741
169 11 22	 1 1 5 13 11 17 25 135 403 557 1433
170 11 35	 1 3 1 1 1 61 67 215 189 945 1243
171 11 49	 1 1 7 13 17 33 9 221 429 217 1679
172 11 50	 1 1 3 11 27 3 15 93 93 865 1049
173 11 56	 1 3 7 7 25 41 121 35 373 379 1547
174 11 61	 1 3 3 9 11 35 45 205 241 9 59
175 11 70	 1 3 1 7 3 51 7 177 53 975 89
176 11 74	 1 1 3 5 27 1 113 231 299 759 861
177 11 79	 1 3 3 15 25 29 5 255 139 891 2031
178 11 84	 1 3 1 1 13 9 109 193 419 95 17
179 11 88	 1 1 7 9 3 7 29 41 135 839 867
180 11 103	 1 1 7 9 25 49 123 217 113 909 215
181 11 104	 1 1 7 3 23 15 43 133 217 327 901
182 11 112	 1 1 3 3 13 53 63 123 477 711 1387
183 11 115	 1 1 3 15 7 29 75 119 181 957 247
184 11 117	 1 1 1 11 27 25 109 151 267 99 1461
185 11 122	 1 3 7 15 5 5 53 145 11 725 1501
186 11 134	 1 3 7 1 9 43 71 229 157 607 1835
187 11 137	 1 3 3 13 25 1 5 27 471 349 127
188 11 146	 1 1 1 1 23 37 9 221 269 897 1685
189 11 148	 1 1 3 3 31 29 51 19 311 553 1969
190 11 157	 1 3 7 5 5 55 17 39 475 671 1529
191 11 158	 1 1 7 1 1 35 47 27 437 395 1635
192 11 162	 1 1 7 3 13 23 43 135 327 139 389
193 11 164	 1 3 7 3 9 25 91 25 429 219 513
194 11 168	 1 1 3 5 13 29 119 201 277 157 2043
195 11 173	 1 3 5 3 29 57 13 17 167 739 1031
196 11 185	 1 3 3 5 29 21 95 27 255 679 1531
197 11 186	 1 3 7 15 9 5 21 71 61 961 1201
198 11 191	 1 3 5 13 15 57 33 93 459 867 223
199 11 193	 1 1 1 15 17 43 127 191 67 177 1073
200 11 199	 1 1 1 15 23 7 21 199 75 293 1611
201 11 213	 1 3 7 13 15 39 21 149 65 741 319
202 11 214	 1 3 7 11 23 13 101 89 277 519 711
203 11 220	 1 3 7 15 19 27 85 203 441 97 1895
204 11 227	 1 3 1 3 29 25 21 155 11 191 197
205 11 236	 1 1 7 5 27 11 81 101 457 675 1687
206 11 242	 1 3 1 5 25 5 65 193 41 567 781
207 11 251	 1 3 1 5 11 15 113 77 411 695 1111
208 11 256	 1 1 3 9 11 53 119 171 55 297 509
209 11 259	 1 1 1 1 11 39 113 139 165 347 595
210 11 265	 1 3 7 11 9 17 101 13 81 325 1733
211 11 266	 1 3 1 1 21 43 115 9 113 907 645
212 11 276	 1 1 7 3 9 25 117 197 159 471 475
213 11 292	 1 3 1 9 11 21 57 207 485 613 1661
214 11 304	 1 1 7 7 27 55 49 223 89 85 1523
215 11 310	 1 1 5 3 19 41 45 51 447 299 1355
216 11 316	 1 3 1 13 1 33 117 143 313 187 1073
217 11 319	 1 1 7 7 5 11 65 97 377 377 1501
218 11 322	 1 3 1 1 21 35 95 65 99 23 1239
219 11 328	 1 1 5 9 3 37 95 167 115 425 867
220 11 334	 1 3 3 13 1 37 27 189 81 679 773
221 11 339	 1 1 3 11 1 61 99 233 429 969 49
222 11 341	 1 1 1 7 25 63 99 165 245 793 1143
223 11 345	 1 1 5 11 11 43 55 65 71 283 273
224 11 346	 1 1 5 5 9 3 101 251 355 379 1611
225 11 362	 1 1 1 15 21 63 85 99 49 749 1335
226 11 367	 1 1 5 13 27 9 121 43 255 715 289
227 11 372	 1 3 1 5 27 19 17 223 77 571 1415
228 11 375	 1 1 5 3 13 59 125 251 195 551 1737
229 11 376	 1 3 3 15 13 27 49 105 389 971 755
230 11 381	 1 3 5 15 23 43 35 107 447 763 253
231 11 385	 1 3 5 11 21 3 17 39 497 407 611
232 11 388	 1 1 7 13 15 31 113 17 23 507 1995
233 11 392	 1 1 7 15 3 15 31 153 423 79 503
234 11 409	 1 1 7 9 19 25 23 171 505 923 1989
235 11 415	 1 1 5 9 21 27 121 223 133 87 697
236 11 416	 1 1 5 5 9 19 107 99 319 765 1461
237 11 421	 1 1 3 3 19 25 3 101 171 729 187
238 11 428	 1 1 3 1 13 23 85 93 291 209 37
239 11 431	 1 1 1 15 25 25 77 253 333 947 1073
240 11 434	 1 1 3 9 17 29 55 47 255 305 2037
241 11 439	 1 3 3 9 29 63 9 103 489 939 1523
242 11 446	 1 3 7 15 7 31 89 175 369 339 595
243 11 451	 1 3 7 13 25 5 71 207 251 367 665
244 11 453	 1 3 3 3 21 25 75 35 31 321 1603
245 11 457	 1 1 1 9 11 1 65 5 11 329 535
246 11 458	 1 1 5 3 19 13 17 43 379 485 383
247 11 471	 1 3 5 13 13 9 85 147 489 787 1133
248 11 475	 1 3 1 1 5 51 37 129 195 297 1783
249 11 478	 1 1 3 15 19 57 59 181 455 697 2033
250 11 484	 1 3 7 1 27 9 65 145 325 189 201
251 11 493	 1 3 1 15 31 23 19 5 485 581 539
252 11 494	 1 1 7 13 11 15 65 83 185 847 831
253 11 499	 1 3 5 7 7 55 73 15 303 511 1905
254 11 502	 1 3 5 9 7 21 45 15 397 385 597
255 11 517	 1 3 7 3 23 13 73 221 511 883 1265
256 11 518	 1 1 3 11 1 51 73 185 33 975 1441
257 11 524	 1 3 3 9 19 59 21 39 339 37 143
258 11 527	 1 1 7 1 31 33 19 167 117 635 639
259 11 555	 1 1 1 3 5 13 59 83 355 349 1967
260 11 560	 1 1 1 5 19 3 53 133 97 863 983
261 11 565	 1 3 1 13 9 41 91 105 173 97 625
262 11 569	 1 1 5 3 7 49 115 133 71 231 1063
263 11 578	 1 1 7 5 17 43 47 45 497 547 757
264 11 580	 1 3 5 15 21 61 123 191 249 31 631
265 11 587	 1 3 7 9 17 7 11 185 127 169 1951
266 11 589	 1 1 5 13 11 11 9 49 29 125 791
267 11 590	 1 1 1 15 31 41 13 167 273 429 57
268 11 601	 1 3 5 3 27 7 35 209 65 265 1393
269 11 607	 1 3 1 13 31 19 53 143 135 9 1021
270 11 611	 1 1 7 13 31 5 115 153 143 957 623
271 11 614	 1 1 5 11 25 19 29 31 297 943 443
272 11 617	 1 3 3 5 21 11 127 81 479 25 699
273 11 618	 1 1 3 11 25 31 97 19 195 781 705
274 11 625	 1 1 5 5 31 11 75 207 197 885 2037
275 11 628	 1 1 1 11 9 23 29 231 307 17 1497
276 11 635	 1 1 5 11 11 43 111 233 307 523 1259
277 11 641	 1 1 7 5 1 21 107 229 343 933 217
278 11 647	 1 1 1 11 3 21 125 131 405 599 1469
279 11 654	 1 3 5 5 9 39 33 81 389 151 811
280 11 659	 1 1 7 7 7 1 59 223 265 529 2021
281 11 662	 1 3 1 3 9 23 85 181 47 265 49
282 11 672	 1 3 5 11 19 23 9 7 157 299 1983
283 11 675	 1 3 1 5 15 5 21 105 29 339 1041
284 11 682	 1 1 1 1 5 33 65 85 111 705 479
285 11 684	 1 1 1 7 9 35 77 87 151 321 101
286 11 689	 1 1 5 7 17 1 51 197 175 811 1229
287 11 695	 1 3 3 15 23 37 85 185 239 543 731
288 11 696	 1 3 1 7 7 55 111 109 289 439 243
289 11 713	 1 1 7 11 17 53 35 217 259 853 1667
290 11 719	 1 3 1 9 1 63 87 17 73 565 1091
291 11 724	 1 1 3 3 11 41 1 57 295 263 1029
292 11 733	 1 1 5 1 27 45 109 161 411 421 1395
293 11 734	 1 3 5 11 25 35 47 191 339 417 1727
294 11 740	 1 1 5 15 21 1 93 251 351 217 1767
295 11 747	 1 3 3 11 3 7 75 155 313 211 491
296 11 749	 1 3 3 5 11 9 101 161 453 913 1067
297 11 752	 1 1 3 1 15 45 127 141 163 727 1597
298 11 755	 1 3 3 7 1 33 63 73 73 341 1691
299 11 762	 1 3 5 13 15 39 53 235 77 99 949
300 11 770	 1 1 5 13 31 17 97 13 215 301 1927
301 11 782	 1 1 7 1 1 37 91 93 441 251 1131
302 11 784	 1 3 7 9 25 5 105 69 81 943 1459
303 11 787	 1 3 7 11 31 43 13 209 27 1017 501
304 11 789	 1 1 7 15 1 33 31 233 161 507 387
305 11 793	 1 3 3 5 5 53 33 177 503 627 1927
306 11 796	 1 1 7 11 7 61 119 31 457 229 1875
307 11 803	 1 1 5 15 19 5 53 201 157 885 1057
308 11 805	 1 3 7 9 1 35 51 113 249 425 1009
309 11 810	 1 3 5 7 21 53 37 155 119 345 631
310 11 815	 1 3 5 7 15 31 109 69 503 595 1879
311 11 824	 1 3 3 1 25 35 65 131 403 705 503
312 11 829	 1 3 7 7 19 33 11 153 45 633 499
313 11 830	 1 3 3 5 11 3 29 93 487 33 703
314 11 832	 1 1 3 15 21 53 107 179 387 927 1757
315 11 841	 1 1 3 7 21 45 51 147 175 317 361
316 11 847	 1 1 1 7 7 13 15 243 269 795 1965
317 11 849	 1 1 3 5 19 33 57 115 443 537 627
318 11 861	 1 3 3 9 3 39 25 61 185 717 1049
319 11 871	 1 3 7 3 7 37 107 153 7 269 1581
320 11 878	 1 1 7 3 7 41 91 41 145 489 1245
321 11 889	 1 1 5 9 7 7 105 81 403 407 283
322 11 892	 1 1 7 9 27 55 29 77 193 963 949
323 11 901	 1 1 5 3 25 51 107 63 403 917 815
324 11 908	 1 1 7 3 7 61 19 51 457 599 535
325 11 920	 1 3 7 1 23 51 105 153 239 215 1847
326 11 923	 1 1 3 5 27 23 79 49 495 45 1935
327 11 942	 1 1 1 11 11 47 55 133 495 999 1461
328 11 949	 1 1 3 15 27 51 93 17 355 763 1675
329 11 950	 1 3 1 3 1 3 79 119 499 17 995
330 11 954	 1 1 1 1 15 43 45 17 167 973 799
331 11 961	 1 1 1 3 27 49 89 29 483 913 2023
332 11 968	 1 1 3 3 5 11 75 7 41 851 611
333 11 971	 1 3 1 3 7 57 39 123 257 283 507
334 11 973	 1 3 3 11 27 23 113 229 187 299 133
335 11 979	 1 1 3 13 9 63 101 77 451 169 337
336 11 982	 1 3 7 3 3 59 45 195 229 415 409
337 11 986	 1 3 5 3 11 19 71 93 43 857 369
338 11 998	 1 3 7 9 19 33 115 19 241 703 247
339 11 1001	 1 3 5 11 5 35 21 155 463 1005 1073
340 11 1010	 1 3 7 3 25 15 109 83 93 69 1189
341 11 1012	 1 3 5 7 5 21 93 133 135 167 903
342 12 41	 1 1 7 7 3 59 121 161 285 815 1769 3705
343 12 52	 1 3 1 1 3 47 103 171 381 609 185 373
344 12 61	 1 3 3 15 23 33 107 131 441 445 689 2059
345 12 62	 1 3 3 11 7 53 101 167 435 803 1255 3781
346 12 76	 1 1 5 11 15 59 41 19 135 835 1263 505
347 12 104	 1 1 7 11 21 49 23 219 127 961 1065 385
348 12 117	 1 3 5 15 7 47 117 217 45 731 1639 733
349 12 131	 1 1 7 11 27 57 91 87 81 35 1269 1007
350 12 143	 1 1 3 11 15 37 53 219 193 937 1899 3733
351 12 145	 1 3 5 3 13 11 27 19 199 393 965 2195
352 12 157	 1 3 1 3 5 1 37 173 413 1023 553 409
353 12 167	 1 3 1 7 15 29 123 95 255 373 1799 3841
354 12 171	 1 3 5 13 21 57 51 17 511 195 1157 1831
355 12 176	 1 1 1 15 29 19 7 73 295 519 587 3523
356 12 181	 1 1 5 13 13 35 115 191 123 535 717 1661
357 12 194	 1 3 3 5 23 21 47 251 379 921 1119 297
358 12 217	 1 3 3 9 29 53 121 201 135 193 523 2943
359 12 236	 1 1 1 7 29 45 125 9 99 867 425 601
360 12 239	 1 3 1 9 13 15 67 181 109 293 1305 3079
361 12 262	 1 3 3 9 5 35 15 209 305 87 767 2795
362 12 283	 1 3 3 11 27 57 113 123 179 643 149 523
363 12 286	 1 1 3 15 11 17 67 223 63 657 335 3309
364 12 307	 1 1 1 9 25 29 109 159 39 513 571 1761
365 12 313	 1 1 3 1 5 63 75 19 455 601 123 691
366 12 319	 1 1 1 3 21 5 45 169 377 513 1951 2565
367 12 348	 1 1 3 11 3 33 119 69 253 907 805 1449
368 12 352	 1 1 5 13 31 15 17 7 499 61 687 1867
369 12 357	 1 3 7 11 17 33 73 77 299 243 641 2345
370 12 391	 1 1 7 11 9 35 31 235 359 647 379 1161
371 12 398	 1 3 3 15 31 25 5 67 33 45 437 4067
372 12 400	 1 1 3 11 7 17 37 87 333 253 1517 2921
373 12 412	 1 1 7 15 7 15 107 189 153 769 1521 3427
374 12 415	 1 3 5 13 5 61 113 37 293 393 113 43
375 12 422	 1 1 1 15 29 43 107 31 167 147 301 1021
376 12 440	 1 1 1 13 3 1 35 93 195 181 2027 1491
377 12 460	 1 3 3 3 13 33 77 199 153 221 1699 3671
378 12 465	 1 3 5 13 7 49 123 155 495 681 819 809
379 12 468	 1 3 5 15 27 61 117 189 183 887 617 4053
380 12 515	 1 1 1 7 31 59 125 235 389 369 447 1039
381 12 536	 1 3 5 1 5 39 115 89 249 377 431 3747
382 12 539	 1 1 1 5 7 47 59 157 77 445 699 3439
383 12 551	 1 1 3 5 11 21 19 75 11 599 1575 735
384 12 558	 1 3 5 3 19 13 41 69 199 143 1761 3215
385 12 563	 1 3 5 7 19 43 25 41 41 11 1647 2783
386 12 570	 1 3 1 9 19 45 111 97 405 399 457 3219
387 12 595	 1 1 3 1 23 15 65 121 59 985 829 2259
388 12 598	 1 1 3 7 17 13 107 229 75 551 1299 2363
389 12 617	 1 1 5 5 21 57 23 199 509 139 2007 3875
390 12 647	 1 3 1 11 19 53 15 229 215 741 695 823
391 12 654	 1 3 7 1 29 3 17 163 417 559 549 319
392 12 678	 1 3 1 13 17 9 47 133 365 7 1937 1071
393 12 713	 1 3 5 7 19 37 55 163 301 249 689 2327
394 12 738	 1 3 5 13 11 23 61 205 257 377 615 1457
395 12 747	 1 3 5 1 23 37 13 75 331 495 579 3367
396 12 750	 1 1 1 9 1 23 49 129 475 543 883 2531
397 12 757	 1 3 1 5 23 59 51 35 343 695 219 369
398 12 772	 1 3 3 1 27 17 63 97 71 507 1929 613
399 12 803	 1 1 5 1 21 31 11 109 247 409 1817 2173
400 12 810	 1 1 3 15 23 9 7 209 301 23 147 1691
401 12 812	 1 1 7 5 5 19 37 229 249 277 1115 2309
402 12 850	 1 1 1 5 5 63 5 249 285 431 343 2467
403 12 862	 1 1 1 11 7 45 35 75 505 537 29 2919
404 12 906	 1 3 5 15 11 39 15 63 263 9 199 445
405 12 908	 1 3 3 3 27 63 53 171 227 63 1049 827
406 12 929	 1 1 3 13 7 11 115 183 179 937 1785 381
407 12 930	 1 3 1 11 13 15 107 81 53 295 1785 3757
408 12 954	 1 3 3 13 11 5 109 243 3 505 323 1373
409 12 964	 1 3 3 11 21 51 17 177 381 937 1263 3889
410 12 982	 1 3 5 9 27 25 85 193 143 573 1189 2995
411 12 985	 1 3 5 11 13 9 81 21 159 953 91 1751
412 12 991	 1 1 3 3 27 61 11 253 391 333 1105 635
413 12 992	 1 3 3 15 9 57 95 81 419 735 251 1141
414 12 1067	 1 1 5 9 31 39 59 13 319 807 1241 2433
415 12 1070	 1 3 3 5 27 13 107 141 423 937 2027 3233
416 12 1096	 1 3 3 9 9 25 125 23 443 835 1245 847
417 12 1099	 1 1 7 15 17 17 83 107 411 285 847 1571
418 12 1116	 1 1 3 13 29 61 37 81 349 727 1453 1957
419 12 1143	 1 3 7 11 31 13 59 77 273 591 1265 1533
420 12 1165	 1 1 7 7 13 17 25 25 187 329 347 1473
421 12 1178	 1 3 7 7 5 51 37 99 221 153 503 2583
422 12 1184	 1 3 1 13 19 27 11 69 181 479 1183 3229
423 12 1202	 1 3 3 13 23 21 103 147 323 909 947 315
424 12 1213	 1 3 1 3 23 1 31 59 93 513 45 2271
425 12 1221	 1 3 5 1 7 43 109 59 231 41 1515 2385
426 12 1240	 1 3 1 5 31 57 49 223 283 1013 11 701
427 12 1246	 1 1 5 1 19 53 55 31 31 299 495 693
428 12 1252	 1 3 3 9 5 33 77 253 427 791 731 1019
429 12 1255	 1 3 7 11 1 9 119 203 53 877 1707 3499
430 12 1267	 1 1 3 7 13 39 55 159 423 113 1653 3455
431 12 1293	 1 1 3 5 21 47 51 59 55 411 931 251
432 12 1301	 1 3 7 3 31 25 81 115 405 239 741 455
433 12 1305	 1 1 5 1 31 3 101 83 479 491 1779 2225
434 12 1332	 1 3 3 3 9 37 107 161 203 503 767 3435
435 12 1349	 1 3 7 9 1 27 61 119 233 39 1375 4089
436 12 1384	 1 1 5 9 1 31 45 51 369 587 383 2813
437 12 1392	 1 3 7 5 31 7 49 119 487 591 1627 53
438 12 1402	 1 1 7 1 9 47 1 223 369 711 1603 1917
439 12 1413	 1 3 5 3 21 37 111 17 483 739 1193 2775
440 12 1417	 1 3 3 7 17 11 51 117 455 191 1493 3821
441 12 1423	 1 1 5 9 23 39 99 181 343 485 99 1931
442 12 1451	 1 3 1 7 29 49 31 71 489 527 1763 2909
443 12 1480	 1 1 5 11 5 5 73 189 321 57 1191 3685
444 12 1491	 1 1 5 15 13 45 125 207 371 415 315 983
445 12 1503	 1 3 3 5 25 59 33 31 239 919 1859 2709
446 12 1504	 1 3 5 13 27 61 23 115 61 413 1275 3559
447 12 1513	 1 3 7 15 5 59 101 81 47 967 809 3189
448 12 1538	 1 1 5 11 31 15 39 25 173 505 809 2677
449 12 1544	 1 1 5 9 19 13 95 89 511 127 1395 2935
450 12 1547	 1 1 5 5 31 45 9 57 91 303 1295 3215
451 12 1555	 1 3 3 3 19 15 113 187 217 489 1285 1803
452 12 1574	 1 1 3 1 13 29 57 139 255 197 537 2183
453 12 1603	 1 3 1 15 11 7 53 255 467 9 757 3167
454 12 1615	 1 3 3 15 21 13 9 189 359 323 49 333
455 12 1618	 1 3 7 11 7 37 21 119 401 157 1659 1069
456 12 1629	 1 1 5 7 17 33 115 229 149 151 2027 279
457 12 1634	 1 1 5 15 5 49 77 155 383 385 1985 945
458 12 1636	 1 3 7 3 7 55 85 41 357 527 1715 1619
459 12 1639	 1 1 3 1 21 45 115 21 199 967 1581 3807
460 12 1657	 1 1 3 7 21 39 117 191 169 73 413 3417
461 12 1667	 1 1 1 13 1 31 57 195 231 321 367 1027
462 12 1681	 1 3 7 3 11 29 47 161 71 419 1721 437
463 12 1697	 1 1 7 3 11 9 43 65 157 1 1851 823
464 12 1704	 1 1 1 5 21 15 31 101 293 299 127 1321
465 12 1709	 1 1 7 1 27 1 11 229 241 705 43 1475
466 12 1722	 1 3 7 1 5 15 73 183 193 55 1345 49
467 12 1730	 1 3 3 3 19 3 55 21 169 663 1675 137
468 12 1732	 1 1 1 13 7 21 69 67 373 965 1273 2279
469 12 1802	 1 1 7 7 21 23 17 43 341 845 465 3355
470 12 1804	 1 3 5 5 25 5 81 101 233 139 359 2057
471 12 1815	 1 1 3 11 15 39 55 3 471 765 1143 3941
472 12 1826	 1 1 7 15 9 57 81 79 215 433 333 3855
473 12 1832	 1 1 5 5 19 45 83 31 209 363 701 1303
474 12 1843	 1 3 7 5 1 13 55 163 435 807 287 2031
475 12 1849	 1 3 3 7 3 3 17 197 39 169 489 1769
476 12 1863	 1 1 3 5 29 43 87 161 289 339 1233 2353
477 12 1905	 1 3 3 9 21 9 77 1 453 167 1643 2227
478 12 1928	 1 1 7 1 15 7 67 33 193 241 1031 2339
479 12 1933	 1 3 1 11 1 63 45 65 265 661 849 1979
480 12 1939	 1 3 1 13 19 49 3 11 159 213 659 2839
481 12 1976	 1 3 5 11 9 29 27 227 253 449 1403 3427
482 12 1996	 1 1 3 1 7 3 77 143 277 779 1499 475
483 12 2013	 1 1 1 5 11 23 87 131 393 849 193 3189
484 12 2014	 1 3 5 11 3 3 89 9 449 243 1501 1739
485 12 2020	 1 3 1 9 29 29 113 15 65 611 135 3687
486 13 13	 1 1 1 9 21 19 39 151 395 501 1339 959 2725
487 13 19	 1 3 7 1 7 35 45 33 119 225 1631 1695 1459
488 13 26	 1 1 1 3 25 55 37 79 167 907 1075 271 4059
489 13 41	 1 3 5 13 5 13 53 165 437 67 1705 3177 8095
490 13 50	 1 3 3 13 27 57 95 55 443 245 1945 1725 1929
491 13 55	 1 3 1 9 5 33 109 35 99 827 341 2401 2411
492 13 69	 1 1 5 9 7 33 43 39 87 799 635 3481 7159
493 13 70	 1 3 1 1 31 15 45 27 337 113 987 2065 2529
494 13 79	 1 1 5 9 5 15 105 123 479 289 1609 2177 4629
495 13 82	 1 3 5 11 31 47 97 87 385 195 1041 651 3271
496 13 87	 1 1 3 7 17 3 101 55 87 629 1687 1387 2745
497 13 93	 1 3 5 5 7 21 9 237 313 549 1107 117 6183
498 13 94	 1 1 3 9 9 5 55 201 487 851 1103 2993 4055
499 13 97	 1 1 5 9 31 19 59 7 363 381 1167 2057 5715
500 13 100	 1 3 3 15 23 63 19 227 387 827 487 1049 7471
501 13 112	 1 3 1 5 23 25 61 245 363 863 963 3583 6475
502 13 121	 1 1 5 1 5 27 81 85 275 49 235 3291 1195
503 13 134	 1 1 5 7 23 53 85 107 511 779 1265 1093 7859
504 13 138	 1 3 3 1 9 21 75 219 59 485 1739 3845 1109
505 13 148	 1 3 5 1 13 41 19 143 293 391 2023 1791 4399
506 13 151	 1 3 7 15 21 13 21 195 215 413 523 2099 2341
507 13 157	 1 1 1 3 29 51 47 57 135 575 943 1673 541
508 13 161	 1 3 5 1 9 13 113 175 447 115 657 4077 5973
509 13 179	 1 1 1 11 17 41 37 95 297 579 911 2207 2387
510 13 181	 1 3 5 3 23 11 23 231 93 667 711 1563 7961
511 13 188	 1 1 7 3 17 59 13 181 141 991 1817 457 1711
512 13 196	 1 3 3 5 31 59 81 205 245 537 1049 997 1815
513 13 203	 1 3 7 5 17 13 9 79 17 185 5 2211 6263
514 13 206	 1 3 7 13 7 53 61 145 13 285 1203 947 2933
515 13 223	 1 1 7 3 31 19 69 217 47 441 1893 673 4451
516 13 224	 1 1 1 1 25 9 23 225 385 629 603 3747 4241
517 13 227	 1 3 1 9 5 37 31 237 431 79 1521 459 2523
518 13 230	 1 3 7 3 9 43 105 179 5 225 799 1777 4893
519 13 239	 1 1 3 1 29 45 29 159 267 247 455 847 3909
520 13 241	 1 1 3 7 25 21 121 57 467 275 719 1521 7319
521 13 248	 1 3 1 3 11 35 119 123 81 979 1187 3623 4293
522 13 253	 1 1 1 7 15 25 121 235 25 487 873 1787 1977
523 13 268	 1 1 1 11 3 7 17 135 345 353 383 4011 2573
524 13 274	 1 3 7 15 27 13 97 123 65 675 951 1285 6559
525 13 283	 1 3 7 3 7 1 71 19 325 765 337 1197 2697
526 13 286	 1 3 5 1 31 37 11 71 169 283 83 3801 7083
527 13 289	 1 1 3 15 17 29 83 65 275 679 1749 4007 7749
528 13 301	 1 1 3 1 21 11 41 95 237 361 1819 2783 2383
529 13 302	 1 3 7 11 29 57 111 187 465 145 605 1987 8109
530 13 316	 1 1 3 3 19 15 55 83 357 1001 643 1517 6529
531 13 319	 1 3 1 5 29 35 73 23 77 619 1523 1725 8145
532 13 324	 1 1 5 5 19 23 7 197 449 337 717 2921 315
533 13 331	 1 3 5 9 7 63 117 97 97 813 1925 2817 1579
534 13 333	 1 1 1 11 31 7 25 235 231 133 1007 1371 1553
535 13 345	 1 1 7 5 19 7 47 171 267 243 1331 567 6033
536 13 351	 1 1 5 1 7 49 55 89 109 735 1455 3193 6239
537 13 358	 1 1 1 7 1 61 9 103 3 929 1481 2927 2957
538 13 375	 1 1 5 13 17 21 75 49 255 1019 1161 2133 1177
539 13 379	 1 3 1 3 13 15 41 247 211 409 1163 523 2635
540 13 381	 1 3 7 7 21 59 91 149 479 391 681 2311 6249
541 13 386	 1 1 5 11 27 53 21 211 197 815 719 1605 255
542 13 403	 1 1 3 3 9 33 59 3 323 1 101 1135 8105
543 13 405	 1 3 3 1 29 5 17 141 51 991 841 327 3859
544 13 419	 1 3 1 5 11 19 23 89 175 173 165 2881 1881
545 13 426	 1 1 1 15 13 51 87 39 495 611 1341 1531 7029
546 13 428	 1 1 3 11 13 55 75 185 57 61 1917 2051 5965
547 13 439	 1 1 5 5 7 53 11 217 213 933 921 3607 5175
548 13 440	 1 3 3 5 17 53 103 251 369 781 1319 3717 4439
549 13 446	 1 3 5 13 1 39 25 235 321 773 251 3111 6397
550 13 451	 1 1 7 3 31 5 25 29 325 385 1313 127 4705
551 13 454	 1 1 5 15 15 27 15 85 239 243 1633 3473 2621
552 13 458	 1 3 3 3 9 19 113 13 137 165 25 2957 7549
553 13 465	 1 3 1 3 11 21 3 97 417 183 1205 1437 247
554 13 468	 1 1 7 3 17 21 125 55 67 387 385 2323 887
555 13 472	 1 3 5 5 29 11 103 223 233 641 133 415 1297
556 13 475	 1 3 3 11 1 9 5 189 235 1007 1363 3985 889
557 13 477	 1 3 7 9 23 19 19 183 269 403 1643 3559 5189
558 13 496	 1 3 7 3 29 45 17 69 475 149 1291 2689 7625
559 13 502	 1 3 7 3 27 37 41 73 253 1001 431 1111 7887
560 13 508	 1 1 7 5 3 7 87 143 289 495 631 3011 6151
561 13 517	 1 1 1 13 5 45 17 167 23 975 801 1975 6833
562 13 521	 1 3 1 11 7 21 39 23 213 429 1301 2059 197
563 13 527	 1 3 3 15 3 57 121 133 29 711 1961 2497 189
564 13 530	 1 1 3 5 11 55 115 137 233 673 985 2849 5911
565 13 532	 1 1 7 15 29 45 1 241 329 323 925 2821 3331
566 13 542	 1 1 5 7 13 31 81 105 199 145 195 1365 5119
567 13 552	 1 3 7 11 3 55 11 31 117 343 1265 1837 2451
568 13 555	 1 1 3 7 29 57 61 179 429 591 177 1945 2159
569 13 560	 1 3 5 11 23 49 101 137 339 323 1035 1749 7737
570 13 566	 1 3 1 13 21 35 55 79 19 269 1055 2651 7083
571 13 575	 1 3 3 11 9 9 95 167 437 361 1185 4083 603
572 13 577	 1 1 1 7 31 61 77 65 489 657 691 2423 4147
573 13 589	 1 3 5 7 21 37 87 191 311 453 2013 829 2619
574 13 590	 1 1 5 9 17 47 35 101 5 813 1157 1279 7365
575 13 602	 1 1 5 3 11 35 113 199 369 721 901 1471 7801
576 13 607	 1 3 1 5 9 61 83 157 391 739 1957 2123 4341
577 13 608	 1 3 5 11 19 19 111 225 383 219 997 717 7505
578 13 611	 1 3 1 11 13 63 35 127 209 831 501 3017 3507
579 13 613	 1 3 7 9 29 7 11 163 81 563 1445 3215 6377
580 13 625	 1 3 7 11 25 3 39 195 491 45 839 4021 4899
581 13 644	 1 3 7 15 13 5 67 143 117 505 1281 3679 5695
582 13 651	 1 3 7 9 9 19 21 221 147 763 683 2211 589
583 13 654	 1 1 3 5 21 47 53 109 299 807 1153 1209 7961
584 13 656	 1 3 7 11 9 31 45 43 505 647 1127 2681 4917
585 13 662	 1 1 5 15 31 41 63 113 399 727 673 2587 5259
586 13 668	 1 1 1 13 17 53 35 99 57 243 1447 1919 2831
587 13 681	 1 3 7 11 23 51 13 9 49 449 997 3073 4407
588 13 682	 1 3 5 7 23 33 89 41 415 53 697 1113 1489
589 13 689	 1 1 3 7 1 13 29 13 255 749 77 3463 1761
590 13 696	 1 3 3 7 13 15 93 191 309 869 739 1041 3053
591 13 699	 1 3 5 13 5 19 109 211 347 839 893 2947 7735
592 13 707	 1 3 1 13 27 3 119 157 485 99 1703 3895 573
593 13 709	 1 3 7 11 1 23 123 105 31 359 275 1775 3685
594 13 714	 1 3 3 5 27 11 125 3 413 199 2043 2895 2945
595 13 716	 1 3 3 3 15 49 121 159 233 543 193 4007 321
596 13 719	 1 1 3 5 9 47 87 1 51 1011 1595 2239 6467
597 13 727	 1 3 7 9 1 33 87 137 469 749 1413 805 6817
598 13 734	 1 3 1 13 19 45 95 227 29 677 1275 3395 4451
599 13 738	 1 1 7 5 7 63 33 71 443 561 1311 3069 6943
600 13 743	 1 1 1 13 9 37 23 69 13 415 1479 1197 861
601 13 747	 1 3 3 13 27 21 13 233 105 777 345 2443 1105
602 13 757	 1 1 7 11 23 13 21 147 221 549 73 2729 6279
603 13 769	 1 1 7 7 25 27 15 45 227 39 75 1191 3563
604 13 770	 1 1 5 7 13 49 99 167 227 13 353 1047 8075
605 13 776	 1 1 3 13 31 9 27 7 461 737 1559 3243 53
606 13 790	 1 3 1 1 21 41 97 165 171 821 587 2137 2293
607 13 799	 1 3 1 11 17 41 29 187 87 599 1467 1395 5931
608 13 805	 1 1 1 9 9 49 89 205 409 453 61 1923 1257
609 13 809	 1 3 7 3 9 43 89 143 431 83 1243 1795 3599
610 13 812	 1 3 5 13 3 25 59 219 43 223 797 2651 6015
611 13 820	 1 1 5 15 7 55 65 207 213 311 1287 1269 6467
612 13 827	 1 3 7 11 21 57 31 183 351 857 911 1683 7155
613 13 829	 1 3 5 11 27 1 21 47 387 383 1593 115 3805
614 13 835	 1 3 1 1 13 23 87 173 181 619 1653 3931 6073
615 13 841	 1 1 7 5 17 43 37 61 307 621 1785 55 115
616 13 844	 1 3 7 15 25 61 123 15 237 671 1473 467 1907
617 13 856	 1 1 7 5 29 57 75 237 85 699 159 3577 4771
618 13 859	 1 1 1 11 25 19 51 1 147 31 895 2617 625
619 13 862	 1 3 7 5 29 15 115 175 395 391 1141 1827 1181
620 13 865	 1 3 5 7 17 7 11 193 89 243 561 3787 4551
621 13 885	 1 3 1 11 7 57 7 125 403 947 1261 409 8083
622 13 890	 1 1 5 13 21 63 115 233 231 921 1747 3635 2519
623 13 905	 1 1 5 11 3 27 15 91 505 591 1451 3881 2997
624 13 916	 1 1 3 11 21 9 109 153 317 533 593 3967 2797
625 13 925	 1 3 3 13 9 57 121 245 219 867 967 791 7095
626 13 935	 1 1 1 9 29 21 99 35 375 959 329 4087 7171
627 13 939	 1 1 1 9 11 17 17 97 89 135 631 3809 3253
628 13 942	 1 1 1 15 21 51 91 249 459 801 757 2353 2033
629 13 949	 1 3 5 9 23 29 77 53 399 767 1817 2171 1629
630 13 953	 1 1 3 5 29 5 43 121 17 859 1479 3785 6641
631 13 956	 1 1 3 7 7 61 45 109 371 833 91 153 4553
632 13 961	 1 1 3 11 7 55 81 123 389 139 1933 891 1789
633 13 968	 1 3 7 15 25 17 93 165 503 717 1553 1475 1627
634 13 976	 1 1 1 13 13 63 13 225 357 571 33 4073 3795
635 13 988	 1 1 3 11 1 31 107 145 407 961 501 2987 103
636 13 995	 1 1 7 1 23 63 49 193 173 281 25 2465 5927
637 13 997	 1 1 7 1 1 1 85 77 273 693 349 1239 4503
638 13 1007	 1 1 5 11 7 61 9 121 25 357 1443 405 7827
639 13 1015	 1 1 7 13 11 53 11 207 145 211 1703 1081 2117
640 13 1016	 1 1 3 11 27 23 19 9 297 279 1481 2273 6387
641 13 1027	 1 3 3 5 15 45 3 41 305 87 1815 3461 5349
642 13 1036	 1 3 3 13 9 37 79 125 259 561 1087 4091 793
643 13 1039	 1 3 5 7 31 55 7 145 347 929 589 2783 5905
644 13 1041	 1 1 7 15 3 25 1 181 13 243 653 2235 7445
645 13 1048	 1 3 5 5 17 53 65 7 33 583 1363 1313 2319
646 13 1053	 1 3 3 7 27 47 97 201 187 321 63 1515 7917
647 13 1054	 1 1 3 5 23 9 3 165 61 19 1789 3783 3037
648 13 1058	 1 3 1 13 15 43 125 191 67 273 1551 2227 5253
649 13 1075	 1 1 1 13 25 53 107 33 299 249 1475 2233 907
650 13 1082	 1 3 5 1 23 37 85 17 207 643 665 2933 5199
651 13 1090	 1 1 7 7 25 57 59 41 15 751 751 1749 7053
652 13 1109	 1 3 3 1 13 25 127 93 281 613 875 2223 6345
653 13 1110	 1 1 5 3 29 55 79 249 43 317 533 995 1991
654 13 1119	 1 3 3 15 17 49 79 31 193 233 1437 2615 819
655 13 1126	 1 1 5 15 25 3 123 145 377 9 455 1191 3953
656 13 1130	 1 3 5 3 15 19 41 231 81 393 3 19 2409
657 13 1135	 1 1 3 1 27 43 113 179 7 853 947 2731 297
658 13 1137	 1 1 1 11 29 39 53 191 443 689 529 3329 7431
659 13 1140	 1 3 7 5 3 29 19 67 441 113 949 2769 4169
660 13 1149	 1 3 5 11 11 55 85 169 215 815 803 2345 3967
661 13 1156	 1 1 7 9 5 45 111 5 419 375 303 1725 4489
662 13 1159	 1 3 5 15 29 43 79 19 23 417 381 541 4923
663 13 1160	 1 1 3 15 3 31 117 39 117 305 1227 1223 143
664 13 1165	 1 1 5 9 5 47 87 239 181 353 1561 3313 1921
665 13 1173	 1 3 3 1 3 15 53 221 441 987 1997 2529 8059
666 13 1178	 1 1 7 11 15 57 111 139 137 883 1881 2823 5661
667 13 1183	 1 3 5 5 21 11 5 13 27 973 587 1331 1373
668 13 1184	 1 1 7 11 29 51 93 29 217 221 55 2477 1979
669 13 1189	 1 3 3 13 3 11 49 75 379 371 1441 793 7633
670 13 1194	 1 1 1 13 19 45 89 249 91 649 1695 915 5619
671 13 1211	 1 3 1 7 7 29 1 77 313 895 519 771 295
672 13 1214	 1 3 1 15 5 3 1 57 331 109 485 2853 6831
673 13 1216	 1 1 1 15 17 3 35 99 245 971 839 2509 2803
674 13 1225	 1 3 3 3 9 37 57 251 325 317 529 1313 6379
675 13 1231	 1 1 1 15 25 59 1 119 95 15 795 2375 6463
676 13 1239	 1 3 1 5 1 49 117 21 47 179 863 85 1669
677 13 1243	 1 3 7 3 9 37 19 221 455 973 571 1427 817
678 13 1246	 1 1 1 15 17 9 67 213 127 887 1299 2913 7451
679 13 1249	 1 3 1 13 27 27 41 43 171 623 691 391 4885
680 13 1259	 1 3 1 13 17 17 123 239 143 227 1151 519 6543
681 13 1273	 1 3 7 5 7 63 97 39 101 555 1057 381 7891
682 13 1274	 1 3 5 1 3 27 85 129 161 875 1945 3541 695
683 13 1281	 1 3 3 5 21 59 25 183 35 25 987 1459 181
684 13 1287	 1 3 5 13 1 15 127 237 349 337 1491 2383 7811
685 13 1294	 1 3 5 5 31 5 109 51 409 733 1395 3207 6049
686 13 1296	 1 1 5 7 13 35 113 25 263 389 299 2521 1783
687 13 1305	 1 3 7 11 15 47 97 73 55 75 113 2695 1023
688 13 1306	 1 3 1 1 3 13 69 211 289 483 1335 787 677
689 13 1318	 1 1 3 3 17 7 37 77 505 137 1113 345 2975
690 13 1332	 1 1 1 13 3 11 95 199 453 109 479 3725 239
691 13 1335	 1 1 7 15 19 53 3 145 359 863 347 3833 3043
692 13 1336	 1 1 7 15 25 63 127 129 125 195 155 2211 8153
693 13 1341	 1 1 7 13 9 49 121 115 73 119 1851 727 47
694 13 1342	 1 3 3 13 13 11 71 7 45 591 133 2407 5563
695 13 1362	 1 1 1 13 23 29 87 89 501 71 1759 1119 687
696 13 1364	 1 1 7 7 13 7 13 183 53 951 1877 3991 6771
697 13 1368	 1 3 7 11 7 1 27 47 61 21 919 961 1091
698 13 1378	 1 3 5 5 1 27 1 5 63 157 1297 1049 5893
699 13 1387	 1 3 7 9 19 33 17 133 425 797 1721 153 119
700 13 1389	 1 3 3 7 13 37 1 215 509 1003 61 2353 7511
701 13 1397	 1 1 7 1 29 19 31 79 199 555 1209 1603 6089
702 13 1401	 1 3 1 1 5 31 111 127 333 429 1863 3925 5411
703 13 1408	 1 1 7 5 5 5 123 191 47 993 269 4051 2111
704 13 1418	 1 1 5 15 1 9 87 5 47 463 865 1813 7357
705 13 1425	 1 3 1 3 23 63 123 83 511 777 63 1285 4537
706 13 1426	 1 3 3 7 27 25 31 65 441 529 1815 1893 323
707 13 1431	 1 3 7 5 11 19 7 5 397 811 755 2883 4217
708 13 1435	 1 3 1 13 9 21 13 7 271 539 1769 3243 5325
709 13 1441	 1 1 7 1 31 13 47 131 181 457 1559 2663 6653
710 13 1444	 1 3 3 7 29 55 25 203 419 91 437 1159 5691
711 13 1462	 1 1 3 13 29 19 71 217 337 329 501 939 2205
712 13 1471	 1 1 3 1 1 27 17 201 97 285 1269 4043 2207
713 13 1474	 1 1 1 1 3 41 13 199 141 129 1515 3129 5969
714 13 1483	 1 3 3 9 3 17 119 41 271 933 877 701 2197
715 13 1485	 1 1 1 7 15 47 3 195 115 821 725 843 6071
716 13 1494	 1 3 5 15 17 33 85 65 297 571 1123 2743 5727
717 13 1497	 1 1 5 11 27 15 37 235 415 293 1439 2739 4171
718 13 1516	 1 3 7 7 1 55 71 35 307 11 401 1881 933
719 13 1522	 1 3 1 11 21 37 3 177 119 339 559 3991 3437
720 13 1534	 1 3 3 9 17 17 97 119 301 169 157 3267 2261
721 13 1543	 1 3 3 9 29 3 111 101 355 869 375 2609 7377
722 13 1552	 1 3 5 9 7 21 123 99 343 693 1927 1605 4923
723 13 1557	 1 1 3 5 13 31 99 17 75 385 1539 1553 7077
724 13 1558	 1 3 3 5 31 35 107 11 407 1019 1317 3593 7203
725 13 1567	 1 3 3 13 17 33 99 245 401 957 157 1949 1571
726 13 1568	 1 3 1 11 27 15 11 109 429 307 1911 2701 861
727 13 1574	 1 1 5 13 13 35 55 255 311 957 1803 2673 5195
728 13 1592	 1 1 1 11 19 3 89 37 211 783 1355 3567 7135
729 13 1605	 1 1 5 5 21 49 79 17 509 331 183 3831 855
730 13 1606	 1 3 7 5 29 19 85 109 105 523 845 3385 7477
731 13 1610	 1 1 1 7 25 17 125 131 53 757 253 2989 2939
732 13 1617	 1 3 3 9 19 23 105 39 351 677 211 401 8103
733 13 1623	 1 3 5 1 5 11 17 3 405 469 1569 2865 3133
734 13 1630	 1 1 3 13 15 5 117 179 139 145 477 1137 2537
735 13 1634	 1 1 7 9 5 21 9 93 211 963 1207 3343 4911
736 13 1640	 1 1 1 9 13 43 17 53 81 793 1571 2523 3683
737 13 1643	 1 3 3 13 25 21 5 59 489 987 1941 171 6009
738 13 1648	 1 3 3 7 1 39 89 171 403 467 1767 3423 2791
739 13 1651	 1 1 3 9 19 49 91 125 163 1013 89 2849 6785
740 13 1653	 1 1 5 9 9 11 15 241 43 297 1719 1541 1821
741 13 1670	 1 3 7 15 29 23 103 239 191 33 1043 3649 6579
742 13 1676	 1 3 3 9 21 51 123 55 223 645 1463 4021 5891
743 13 1684	 1 1 5 7 3 41 27 235 391 303 2021 3187 7607
744 13 1687	 1 1 1 9 5 49 49 29 377 251 1887 1017 1301
745 13 1691	 1 1 3 3 13 41 27 47 223 23 517 3227 6731
746 13 1693	 1 1 7 1 31 25 47 9 511 623 2047 1263 1511
747 13 1698	 1 1 3 15 15 23 53 1 261 595 85 241 7047
748 13 1709	 1 3 3 11 17 5 81 73 149 781 2035 3163 4247
749 13 1715	 1 3 7 7 29 59 49 79 397 901 1105 2191 6277
750 13 1722	 1 3 3 11 13 27 25 173 107 73 1265 585 5251
751 13 1732	 1 1 7 15 29 23 73 229 235 887 1469 4073 2591
752 13 1735	 1 1 3 9 17 15 83 173 207 879 1701 1509 11
753 13 1747	 1 1 3 5 5 37 65 161 39 421 1153 2007 5355
754 13 1749	 1 1 7 11 23 37 5 11 9 499 17 157 5747
755 13 1754	 1 3 7 13 25 9 49 7 39 945 1349 1759 1441
756 13 1777	 1 1 5 3 21 15 113 81 265 837 333 3625 6133
757 13 1784	 1 3 1 11 13 27 73 109 297 327 299 3253 6957
758 13 1790	 1 1 3 13 19 39 123 73 65 5 1061 2187 5055
759 13 1795	 1 1 3 1 11 31 21 115 453 857 711 495 549
760 13 1801	 1 3 7 7 15 29 79 103 47 713 1735 3121 6321
761 13 1802	 1 1 5 5 29 9 97 33 471 705 329 1501 1349
762 13 1812	 1 3 3 1 21 9 111 209 71 47 491 2143 1797
763 13 1828	 1 3 3 3 11 39 21 135 445 259 607 3811 5449
764 13 1831	 1 1 7 9 11 25 113 251 395 317 317 91 1979
765 13 1837	 1 3 1 9 3 21 103 133 389 943 1235 1749 7063
766 13 1838	 1 1 3 7 1 11 5 15 497 477 479 3079 6969
767 13 1840	 1 1 3 3 15 39 105 131 475 465 181 865 3813
768 13 1845	 1 1 7 9 19 63 123 131 415 525 457 2471 3135
769 13 1863	 1 3 7 15 25 35 123 45 341 805 485 4049 7065
770 13 1864	 1 1 1 5 29 9 47 227 51 867 1873 1593 2271
771 13 1867	 1 1 7 15 31 9 71 117 285 711 837 1435 6275
772 13 1870	 1 3 1 1 5 19 79 25 301 415 1871 645 3251
773 13 1877	 1 3 1 3 17 51 99 185 447 43 523 219 429
774 13 1881	 1 3 1 13 29 13 51 93 7 995 757 3017 6865
775 13 1884	 1 1 3 15 7 25 75 17 155 981 1231 1229 1995
776 13 1903	 1 3 5 3 27 45 71 73 225 763 377 1139 2863
777 13 1917	 1 1 3 1 1 39 69 113 29 371 1051 793 3749
778 13 1918	 1 1 3 13 23 61 27 183 307 431 1345 2757 4031
779 13 1922	 1 3 7 5 5 59 117 197 303 721 877 723 1601
780 13 1924	 1 3 5 1 27 33 99 237 485 711 665 3077 5105
781 13 1928	 1 1 3 1 13 9 103 201 23 951 2029 165 2093
782 13 1931	 1 3 5 13 5 29 55 85 221 677 611 3613 4567
783 13 1951	 1 1 1 1 7 61 9 233 261 561 953 4023 2443
784 13 1952	 1 3 3 13 1 17 103 71 223 213 833 1747 6999
785 13 1957	 1 3 5 15 25 53 57 187 25 695 1207 4089 2877
786 13 1958	 1 1 7 1 7 31 87 129 493 519 1555 1155 4637
787 13 1964	 1 1 1 15 21 17 23 29 19 255 927 1791 3093
788 13 1967	 1 1 3 9 17 33 95 129 175 461 287 2633 2325
789 13 1970	 1 3 5 7 23 19 63 209 249 583 1373 2039 2225
790 13 1972	 1 3 3 5 5 19 79 241 459 355 1455 3313 3639
791 13 1994	 1 1 7 9 21 41 97 119 129 769 1541 3495 7741
792 13 2002	 1 1 7 11 9 29 35 255 141 937 1763 41 1393
793 13 2007	 1 3 7 1 13 51 61 157 177 847 1829 3539 285
794 13 2008	 1 1 1 15 21 13 9 55 397 19 1495 1255 7235
795 13 2023	 1 1 7 7 25 37 53 237 319 197 269 1205 1485
796 13 2030	 1 1 5 15 23 17 35 247 323 807 233 3681 4407
797 13 2035	 1 1 3 7 9 59 85 105 493 763 1639 391 1451
798 13 2038	 1 3 3 9 15 33 5 253 129 625 1527 2793 6057
799 13 2042	 1 3 1 1 7 47 21 161 235 83 397 3563 5953
800 13 2047	 1 3 7 11 3 41 25 117 375 779 1297 3715 8117
801 13 2051	 1 1 3 7 31 19 103 173 475 189 2035 2921 1107
802 13 2058	 1 1 7 3 25 7 93 255 307 113 1893 2233 6919
803 13 2060	 1 3 5 15 9 57 79 143 165 5 1389 193 693
804 13 2071	 1 3 5 1 29 45 91 49 189 461 439 1283 7835
805 13 2084	 1 1 3 13 11 61 41 231 373 695 395 915 5393
806 13 2087	 1 3 7 11 5 51 67 53 483 95 1943 247 5653
807 13 2099	 1 3 7 5 5 57 45 235 137 793 1069 1661 1557
808 13 2108	 1 3 5 3 25 55 103 177 81 861 1151 143 7655
809 13 2111	 1 1 3 1 21 41 67 131 253 431 1269 3181 3429
810 13 2120	 1 3 1 1 21 7 77 221 257 663 71 2949 2481
811 13 2128	 1 3 5 3 3 23 45 107 299 739 1013 3 3165
812 13 2138	 1 1 5 1 3 37 109 37 243 983 1221 1691 3869
813 13 2143	 1 1 5 5 31 7 5 193 397 867 1495 3435 7441
814 13 2144	 1 1 1 1 17 59 97 233 389 597 1013 1631 483
815 13 2153	 1 1 1 11 7 41 107 53 111 125 1513 1921 7647
816 13 2156	 1 3 3 3 31 29 117 3 365 971 1139 2123 5913
817 13 2162	 1 1 1 13 23 3 1 167 475 639 1811 3841 3081
818 13 2167	 1 1 5 3 5 47 65 123 275 783 95 119 7591
819 13 2178	 1 3 1 15 13 33 93 237 467 431 705 4013 4035
820 13 2183	 1 3 5 1 19 7 101 231 155 737 1381 3343 2051
821 13 2202	 1 1 5 9 15 49 45 163 433 765 2031 201 2589
822 13 2211	 1 3 7 9 19 41 31 89 93 623 105 745 4409
823 13 2214	 1 1 5 1 11 45 127 85 389 439 829 477 7965
824 13 2223	 1 3 3 15 13 41 1 207 435 585 311 1725 2737
825 13 2225	 1 3 3 3 13 49 21 31 197 799 1411 2959 7133
826 13 2232	 1 3 1 3 7 43 9 141 133 579 1059 93 957
827 13 2237	 1 3 7 1 15 51 23 213 381 851 699 2261 3419
828 13 2257	 1 3 5 9 25 35 67 141 35 409 1423 365 1645
829 13 2260	 1 3 3 11 15 33 27 181 93 87 1761 3511 1353
830 13 2267	 1 3 5 3 25 63 111 137 321 819 705 1547 7271
831 13 2274	 1 3 1 1 5 57 99 59 411 757 1371 3953 3695
832 13 2276	 1 3 5 11 11 21 25 147 239 455 709 953 7175
833 13 2285	 1 3 3 15 5 53 91 205 341 63 723 1565 7135
834 13 2288	 1 1 7 15 11 21 99 79 63 593 2007 3629 5271
835 13 2293	 1 3 3 1 9 21 45 175 453 435 1855 2649 6959
836 13 2294	 1 1 3 15 15 33 121 121 251 431 1127 3305 4199
837 13 2297	 1 1 1 9 31 15 71 29 345 391 1159 2809 345
838 13 2303	 1 3 7 1 23 29 95 151 327 727 647 1623 2971
839 13 2308	 1 1 7 7 9 29 79 91 127 909 1293 1315 5315
840 13 2311	 1 1 5 11 13 37 89 73 149 477 1909 3343 525
841 13 2318	 1 3 5 7 5 59 55 255 223 459 2027 237 4205
842 13 2323	 1 1 1 7 27 11 95 65 325 835 907 3801 3787
843 13 2332	 1 1 1 11 27 33 99 175 51 913 331 1851 4133
844 13 2341	 1 3 5 5 13 37 31 99 273 409 1827 3845 5491
845 13 2345	 1 1 3 7 23 19 107 85 283 523 509 451 421
846 13 2348	 1 3 5 7 13 9 51 81 87 619 61 2803 5271
847 13 2354	 1 1 1 15 9 45 35 219 401 271 953 649 6847
848 13 2368	 1 1 7 11 9 45 17 219 169 837 1483 1605 2901
849 13 2377	 1 1 7 7 21 43 37 33 291 359 71 2899 7037
850 13 2380	 1 3 3 13 31 53 37 15 149 949 551 3445 5455
851 13 2383	 1 3 1 5 19 45 81 223 193 439 2047 3879 789
852 13 2388	 1 1 7 3 11 63 35 61 255 563 459 2991 3359
853 13 2395	 1 1 5 9 13 49 47 185 239 221 1533 3635 2045
854 13 2397	 1 3 7 3 25 37 127 223 51 357 483 3837 6873
855 13 2401	 1 1 7 9 31 37 113 31 387 833 1243 1543 5535
856 13 2411	 1 3 1 9 23 59 119 221 73 185 2007 2885 2563
857 13 2413	 1 1 1 13 7 33 53 179 67 185 1541 1807 4659
858 13 2419	 1 3 1 11 31 37 23 215 269 357 207 645 4219
859 13 2435	 1 3 3 13 19 27 107 55 91 71 1695 1815 89
860 13 2442	 1 1 3 15 3 19 35 247 49 529 1523 3317 6151
861 13 2455	 1 1 7 7 23 25 107 139 483 503 1277 243 7879
862 13 2472	 1 3 3 13 3 15 11 197 135 839 985 275 5527
863 13 2478	 1 3 5 3 25 47 95 21 113 307 1001 3065 295
864 13 2490	 1 1 3 9 19 19 99 213 363 449 735 2851 2521
865 13 2507	 1 1 3 9 5 49 63 61 157 857 497 2801 6987
866 13 2509	 1 1 1 9 1 41 109 119 499 939 867 3675 8023
867 13 2517	 1 3 1 1 13 33 109 123 289 3 1271 2773 4265
868 13 2524	 1 3 1 11 9 57 83 221 95 43 1189 457 7133
869 13 2528	 1 1 7 3 11 49 33 219 229 289 685 3359 4495
870 13 2531	 1 3 1 3 19 43 67 193 41 771 407 81 3891
871 13 2538	 1 1 7 11 5 29 51 175 297 539 1 2245 6439
872 13 2545	 1 3 7 15 21 33 117 183 511 489 1283 3281 5979
873 13 2546	 1 3 7 5 9 3 125 147 359 549 369 3049 2405
874 13 2555	 1 3 5 7 19 5 65 97 483 377 1523 1457 2995
875 13 2557	 1 1 5 1 11 21 41 113 277 131 1475 1043 2367
876 13 2564	 1 3 3 1 15 17 101 69 443 865 817 1421 5231
877 13 2573	 1 1 3 3 3 55 95 99 75 195 1929 3931 5855
878 13 2579	 1 3 1 3 19 23 93 213 241 551 1307 585 7729
879 13 2592	 1 3 1 11 23 15 53 249 467 519 95 741 409
880 13 2598	 1 1 1 15 29 37 43 203 233 877 77 1933 2729
881 13 2607	 1 3 7 11 27 39 43 161 255 15 1463 833 495
882 13 2612	 1 1 7 11 3 53 81 67 375 823 1903 3061 395
883 13 2619	 1 1 1 1 15 37 93 233 247 501 1321 3275 5409
884 13 2621	 1 3 3 7 7 11 5 105 139 983 1239 531 3881
885 13 2627	 1 1 5 3 19 49 107 227 361 101 355 2649 7383
886 13 2633	 1 1 7 5 25 41 101 121 209 293 1937 2259 5557
887 13 2636	 1 1 3 7 7 1 9 13 463 1019 995 3159 107
888 13 2642	 1 3 5 11 5 35 127 97 261 789 807 807 6257
889 13 2654	 1 1 7 5 11 13 45 91 417 101 1973 3645 2107
890 13 2660	 1 1 3 7 5 63 57 49 203 157 115 1393 8117
891 13 2669	 1 3 5 5 3 43 15 155 127 489 1165 3701 4867
892 13 2675	 1 1 7 7 29 29 69 215 415 367 371 1901 6075
893 13 2684	 1 1 1 3 11 33 89 149 433 705 1437 1597 505
894 13 2694	 1 3 5 1 13 37 19 119 5 581 2037 1633 2099
895 13 2703	 1 3 7 13 5 49 103 245 215 515 133 2007 1933
896 13 2706	 1 3 1 9 1 3 25 197 253 387 1683 2267 221
897 13 2712	 1 3 5 15 21 9 73 201 405 999 437 3877 6045
898 13 2715	 1 1 3 1 31 55 25 83 421 395 1807 2129 7797
899 13 2722	 1 1 3 1 23 21 121 183 125 347 143 3685 4317
900 13 2727	 1 3 3 3 17 45 17 223 267 795 1815 1309 155
901 13 2734	 1 1 1 15 17 59 5 133 15 715 1503 153 2887
902 13 2742	 1 1 1 1 27 13 119 77 243 995 1851 3719 4695
903 13 2745	 1 3 1 5 31 49 43 165 49 609 1265 1141 505
904 13 2751	 1 1 7 13 11 63 21 253 229 585 1543 3719 4141
905 13 2766	 1 3 7 11 23 27 17 131 295 895 1493 1411 3247
906 13 2768	 1 1 5 9 29 7 97 15 113 445 859 1483 1121
907 13 2780	 1 3 1 9 13 49 99 107 323 201 681 3071 5281
908 13 2790	 1 1 1 15 9 19 61 161 7 87 587 2199 2811
909 13 2794	 1 3 3 15 15 19 95 45 299 829 981 3479 487
910 13 2796	 1 1 1 9 3 37 7 19 227 13 397 513 1257
911 13 2801	 1 1 5 15 15 13 17 111 135 929 1145 811 1801
912 13 2804	 1 3 1 3 27 57 31 19 279 103 693 631 3409
913 13 2807	 1 1 1 1 15 13 67 83 23 799 1735 2063 3363
914 13 2816	 1 3 3 7 3 1 61 31 41 533 2025 4067 6963
915 13 2821	 1 1 5 7 17 27 81 79 107 205 29 97 4883
916 13 2831	 1 1 1 5 19 49 91 201 283 949 651 3819 5073
917 13 2834	 1 1 7 9 11 13 73 197 37 219 1931 3369 6017
918 13 2839	 1 1 7 15 11 7 75 205 7 819 399 661 6487
919 13 2845	 1 3 3 3 27 37 95 41 307 165 1077 3485 563
920 13 2852	 1 3 5 3 21 49 57 179 109 627 1789 431 2941
921 13 2856	 1 1 7 5 11 19 43 137 149 679 1543 245 1381
922 13 2861	 1 3 5 5 15 3 69 81 135 159 1363 3401 6355
923 13 2873	 1 3 5 1 9 61 49 53 319 25 1647 1297 615
924 13 2874	 1 3 5 11 31 43 9 101 71 919 335 3147 5823
925 13 2888	 1 3 1 1 15 5 29 109 511 945 867 3677 6915
926 13 2893	 1 3 3 15 17 49 91 111 215 29 1879 97 2505
927 13 2894	 1 3 1 13 19 61 11 111 163 777 533 1113 5339
928 13 2902	 1 1 7 9 17 55 117 91 455 289 557 913 4455
929 13 2917	 1 3 1 7 25 19 123 37 1 277 717 2965 4469
930 13 2921	 1 3 7 3 19 23 87 235 209 457 2041 2893 1805
931 13 2922	 1 3 3 5 5 43 23 61 351 791 59 2009 2909
932 13 2929	 1 1 3 7 5 1 27 231 385 257 1261 2701 1807
933 13 2935	 1 3 1 1 27 19 87 253 131 685 1743 3983 2651
934 13 2946	 1 3 7 11 21 17 11 81 191 641 1821 3005 7251
935 13 2951	 1 3 3 5 15 31 41 213 55 931 1953 49 6037
936 13 2957	 1 1 7 15 7 27 65 223 113 79 1875 911 5445
937 13 2960	 1 3 7 7 23 55 51 167 495 25 1585 3447 799
938 13 2966	 1 1 3 7 27 15 95 193 337 415 975 3085 967
939 13 2972	 1 1 7 15 19 7 93 41 433 551 401 3169 3971
940 13 2976	 1 1 7 11 13 15 53 69 433 59 1117 3359 6231
941 13 2979	 1 1 7 3 23 5 115 201 225 109 1903 3897 6265
942 13 2985	 1 1 1 11 17 1 39 143 361 659 1105 23 4923
943 13 3000	 1 1 1 9 27 57 85 227 261 119 1881 3965 6999
944 13 3003	 1 3 7 7 15 7 107 17 315 49 1591 905 7789
945 13 3013	 1 3 1 7 29 3 47 237 157 769 839 3199 3195
946 13 3018	 1 1 3 15 25 39 63 15 111 857 881 1505 7671
947 13 3020	 1 1 7 1 3 35 41 215 99 895 1025 1483 4707
948 13 3025	 1 3 5 1 1 31 25 247 113 841 397 1825 6969
949 13 3042	 1 1 3 5 19 41 49 243 225 973 241 175 1041
950 13 3047	 1 1 1 7 15 15 105 141 83 75 1675 3523 5219
951 13 3048	 1 1 7 5 13 27 47 199 445 841 959 1157 2209
952 13 3051	 1 3 5 15 23 31 31 81 85 33 785 2639 7799
953 13 3054	 1 1 5 13 21 3 47 99 235 943 1731 2467 7891
954 13 3056	 1 1 1 3 17 53 85 219 73 131 1339 875 1191
955 13 3065	 1 1 5 7 17 63 113 7 185 557 749 3563 4973
956 13 3073	 1 3 3 15 15 21 43 111 155 689 345 423 3597
957 13 3074	 1 1 5 1 15 29 93 5 361 713 695 3937 425
958 13 3083	 1 3 7 7 13 41 115 175 315 937 123 2841 4457
959 13 3086	 1 1 3 11 25 5 103 53 423 811 657 399 7257
960 13 3091	 1 1 1 1 1 13 101 211 383 325 97 1703 4429
961 13 3097	 1 3 7 9 31 45 83 157 509 701 841 1105 3643
962 13 3109	 1 1 1 7 1 9 69 17 129 281 1161 2945 7693
963 13 3116	 1 3 7 1 11 29 51 143 77 433 1723 2317 5641
964 13 3124	 1 1 1 1 21 43 13 67 177 505 1629 1267 4885
965 13 3128	 1 1 3 11 27 63 111 47 233 781 453 1679 3209
966 13 3153	 1 1 3 13 29 27 119 141 493 971 461 1159 633
967 13 3160	 1 1 3 15 23 5 79 215 163 149 1805 2399 61
968 13 3165	 1 3 5 13 19 5 1 39 409 561 709 829 1357
969 13 3172	 1 3 3 13 19 43 9 177 449 447 73 2107 5669
970 13 3175	 1 3 5 1 23 13 63 109 203 593 829 4017 6881
971 13 3184	 1 1 5 7 3 9 53 175 391 169 1283 3793 4451
972 13 3193	 1 1 5 7 29 43 9 5 209 77 927 2941 8145
973 13 3196	 1 3 5 15 17 49 5 143 131 771 1685 925 2175
974 13 3200	 1 1 3 11 27 27 27 159 161 1015 1587 4049 1983
975 13 3203	 1 3 1 3 23 57 119 67 481 577 389 3319 5325
976 13 3205	 1 3 5 1 19 39 87 61 329 657 1773 31 1707
977 13 3209	 1 1 3 1 5 25 15 241 131 815 1751 3029 8039
978 13 3224	 1 3 3 13 27 13 77 87 437 57 621 1031 7891
979 13 3239	 1 3 1 13 23 51 117 37 331 745 605 3179 4713
980 13 3251	 1 1 5 5 19 17 99 167 87 721 737 789 2165
981 13 3254	 1 3 5 13 1 51 119 211 165 299 1327 3053 3343
982 13 3265	 1 1 5 15 29 45 17 129 67 345 1553 2705 7369
983 13 3266	 1 1 1 9 23 7 13 209 7 407 317 3077 7287
984 13 3275	 1 1 1 5 9 59 89 3 487 451 505 2499 7563
985 13 3280	 1 3 1 7 21 1 21 203 101 417 1389 2751 1397
986 13 3283	 1 3 7 13 7 31 3 247 349 485 1259 549 6321
987 13 3286	 1 1 7 7 27 33 107 197 293 729 1753 2571 103
988 13 3301	 1 3 5 9 25 35 5 253 137 213 2041 3387 1809
989 13 3302	 1 1 7 13 15 35 67 83 295 175 839 2831 839
990 13 3305	 1 3 3 11 3 17 55 141 247 991 117 3799 1221
991 13 3319	 1 1 5 1 11 37 87 233 457 653 899 2933 3105
992 13 3323	 1 1 3 15 3 31 67 167 437 9 651 1109 1139
993 13 3326	 1 1 3 1 7 63 67 17 11 883 1855 1941 4751
994 13 3331	 1 3 7 9 19 33 113 117 495 39 1795 2561 5519
995 13 3348	 1 1 7 5 1 3 103 37 201 223 1101 877 6483
996 13 3351	 1 1 5 9 29 49 51 33 439 917 861 1321 2135
997 13 3358	 1 1 3 3 1 5 17 93 217 619 613 1357 6095
998 13 3368	 1 3 1 11 3 21 5 41 15 175 843 2937 6849
999 13 3374	 1 3 3 7 9 57 55 127 79 287 445 2205 7989
1000 13 3376	 1 1 7 13 23 17 93 129 157 135 1747 1813 4183
1001 13 3379	 1 1 1 5 31 59 99 33 425 329 887 367 1761
1002 13 3385	 1 1 7 9 17 53 77 139 435 387 49 3649 1773
1003 13 3386	 1 3 3 15 21 57 45 161 331 719 273 3479 4173
1004 13 3396	 1 1 3 9 3 3 105 201 373 877 919 1263 6649
1005 13 3420	 1 3 1 15 13 43 13 99 73 163 353 3569 5601
1006 13 3423	 1 3 7 3 5 9 69 177 449 47 781 1125 4245
1007 13 3430	 1 1 1 5 3 45 1 123 409 903 205 2057 7637
1008 13 3433	 1 3 5 9 19 47 87 135 481 799 101 3409 2241
1009 13 3434	 1 3 1 13 3 25 15 27 181 967 669 2577 7249
1010 13 3439	 1 1 7 3 31 5 103 53 1 911 1209 3697 6685
1011 13 3442	 1 1 3 1 5 5 49 135 281 747 761 2973 7963
1012 13 3444	 1 3 3 5 19 61 125 199 299 515 1365 369 7027
1013 13 3453	 1 3 1 7 5 41 63 229 283 571 147 447 657
1014 13 3464	 1 3 1 11 5 15 55 7 259 61 27 1429 5631
1015 13 3477	 1 1 5 1 3 53 51 253 155 553 1293 3735 6567
1016 13 3478	 1 3 5 9 5 41 21 159 101 785 1981 3799 7693
1017 13 3482	 1 3 7 7 9 3 95 105 129 213 1215 1027 5699
1018 13 3487	 1 1 3 3 29 13 9 253 449 321 341 2879 171
1019 13 3497	 1 3 7 11 21 11 75 35 43 965 675 2217 7175
1020 13 3500	 1 1 5 15 31 5 29 137 311 751 47 1367 5921
1021 13 3505	 1 1 3 15 17 1 45 69 55 649 835 569 7615
1022 13 3506	 1 3 1 13 31 7 23 15 391 145 1845 1825 1403
1023 13 3511	 1 1 3 15 5 9 79 77 105 399 1933 2503 4781
1024 13 3512	 1 3 1 3 17 47 19 13 107 475 759 2933 3761
1025 13 3515	 1 1 7 11 3 7 121 209 397 877 293 847 7039
1026 13 3525	 1 1 1 15 29 45 5 109 335 461 143 931 4045
1027 13 3532	 1 3 1 7 11 57 73 89 201 173 803 3953 5205
1028 13 3538	 1 1 5 11 11 33 37 29 263 1019 657 1453 7807
1029 13 3540	 1 3 3 13 31 25 37 47 261 607 1703 2603 417
1030 13 3547	 1 1 1 1 31 61 45 115 275 239 1989 1897 4329
1031 13 3549	 1 3 5 3 31 3 11 173 335 579 1193 2219 7875
1032 13 3560	 1 1 7 9 29 45 13 67 399 177 1293 3865 2225
1033 13 3571	 1 1 7 11 11 51 121 227 469 905 929 2635 4165
1034 13 3577	 1 3 7 9 13 39 55 167 23 147 1603 2083 4645
1035 13 3583	 1 1 3 15 27 53 11 155 157 629 259 3009 4605
1036 13 3590	 1 3 1 7 15 47 51 1 259 603 887 2833 6581
1037 13 3593	 1 3 5 3 1 47 91 43 361 571 29 1453 4269
1038 13 3594	 1 1 3 9 11 51 55 23 415 277 1423 3475 1527
1039 13 3599	 1 1 3 11 29 49 101 75 299 709 805 4037 4389
1040 13 3601	 1 1 7 3 23 1 37 51 379 771 1301 3717 6673
1041 13 3602	 1 1 5 3 23 11 125 177 375 665 951 1577 2603
1042 13 3613	 1 1 1 1 1 5 71 255 21 459 467 2083 5415
1043 13 3623	 1 1 5 13 23 29 109 157 363 971 549 647 1177
1044 13 3630	 1 1 3 9 7 15 101 3 365 213 745 1155 6099
1045 13 3638	 1 3 5 15 15 19 47 179 303 521 1279 219 2415
1046 13 3649	 1 3 3 13 27 11 83 165 369 989 261 3933 4809
1047 13 3655	 1 1 3 11 31 59 1 185 53 703 1471 2935 1107
1048 13 3662	 1 3 3 7 25 3 81 27 93 521 433 2859 5861
1049 13 3667	 1 3 3 11 29 15 49 167 315 927 543 3473 4307
1050 13 3669	 1 3 1 3 29 33 53 15 183 691 703 1311 3393
1051 13 3676	 1 3 5 13 23 49 3 11 1 357 1407 415 7211
1052 13 3683	 1 3 7 15 1 25 91 113 323 371 189 925 1181
1053 13 3700	 1 3 3 3 17 59 119 199 115 223 877 2193 193
1054 13 3709	 1 1 1 5 5 35 31 59 437 411 37 2405 3797
1055 13 3710	 1 3 1 13 9 37 1 241 59 157 1785 1223 563
1056 13 3713	 1 3 5 13 3 21 25 95 15 745 85 701 5361
1057 13 3723	 1 3 7 1 31 33 111 195 35 913 2013 2951 6611
1058 13 3725	 1 3 5 1 19 3 75 119 111 409 951 1457 4957
1059 13 3728	 1 3 1 15 19 59 3 155 237 657 1967 3323 6235
1060 13 3734	 1 1 5 1 3 19 45 105 377 881 167 2255 4483
1061 13 3737	 1 1 7 7 13 13 99 89 201 279 161 2483 6001
1062 13 3738	 1 1 7 3 13 17 97 129 137 377 1519 183 3725
1063 13 3744	 1 1 7 9 9 5 45 135 115 181 1685 3505 4387
1064 13 3750	 1 1 1 1 19 35 69 113 305 419 949 2969 247
1065 13 3762	 1 1 5 13 23 61 13 139 501 811 67 1501 6493
1066 13 3764	 1 1 3 13 15 41 27 217 293 13 145 2631 6991
1067 13 3774	 1 3 3 13 15 37 71 123 285 49 627 1283 5993
1068 13 3776	 1 3 3 11 9 25 11 1 203 353 1347 1999 2799
1069 13 3786	 1 3 5 1 7 49 101 231 499 63 1977 2207 7829
1070 13 3800	 1 1 7 1 17 15 115 139 381 943 623 4037 2971
1071 13 3803	 1 1 3 5 13 55 23 87 139 795 1669 1375 1185
1072 13 3809	 1 3 3 5 5 45 97 253 241 333 645 555 7867
1073 13 3816	 1 3 5 1 1 1 89 27 407 509 1433 609 2355
1074 13 3821	 1 3 7 1 27 29 5 157 495 811 1293 1143 827
1075 13 3827	 1 1 3 3 25 49 127 111 191 3 845 1383 2521
1076 13 3829	 1 1 5 7 5 51 101 155 237 461 831 3091 3851
1077 13 3836	 1 3 7 1 29 35 105 91 285 705 131 395 6011
1078 13 3842	 1 3 5 3 13 21 83 173 221 827 1775 1931 6727
1079 13 3844	 1 1 3 5 3 25 95 115 205 569 1447 933 6425
1080 13 3847	 1 1 7 9 31 3 17 175 145 447 1321 1069 6527
1081 13 3853	 1 1 3 3 23 1 79 51 421 419 873 3939 1801
1082 13 3861	 1 1 5 1 3 39 15 85 169 669 919 397 5579
1083 13 3871	 1 3 5 1 21 61 87 217 251 619 1091 4009 229
1084 13 3872	 1 1 1 11 23 55 85 121 363 867 315 447 3373
1085 13 3881	 1 3 3 13 29 19 89 85 137 469 1873 2765 3975
1086 13 3890	 1 3 7 13 19 63 61 77 67 361 11 1787 4703
1087 13 3892	 1 1 3 11 7 15 127 105 179 857 1671 3647 3389
1088 13 3909	 1 1 1 7 19 21 99 161 499 519 1287 2973 479
1089 13 3921	 1 1 3 13 29 51 95 251 55 519 1955 2881 5951
1090 13 3934	 1 1 3 11 23 63 121 237 175 311 701 1539 2383
1091 13 3938	 1 1 7 5 5 45 73 97 5 153 715 2037 3353
1092 13 3947	 1 1 1 3 13 7 67 173 425 843 1497 2729 5193
1093 13 3950	 1 1 7 1 23 3 119 11 77 141 1905 2269 4269
1094 13 3952	 1 1 7 15 1 23 79 251 439 603 405 2449 6383
1095 13 3964	 1 3 7 11 29 27 47 255 47 661 1967 1007 3689
1096 13 3974	 1 3 7 5 19 39 35 115 417 373 291 329 603
1097 13 3980	 1 3 1 9 11 33 27 193 207 423 1311 1369 7307
1098 13 3983	 1 1 3 11 9 29 83 17 497 493 329 3141 5935
1099 13 3986	 1 3 1 5 31 51 29 171 51 493 1621 3501 4091
1100 13 3995	 1 1 5 9 21 43 105 207 245 363 1191 699 1139
1101 13 3998	 1 1 3 11 19 5 81 119 247 169 1337 45 6565
1102 13 4001	 1 3 1 11 3 51 3 101 159 11 253 299 5043
1103 13 4002	 1 3 1 5 11 53 85 39 57 645 2007 1039 3627
1104 13 4004	 1 3 5 3 17 61 97 165 415 357 283 601 5505
1105 13 4008	 1 3 7 3 9 51 49 85 3 227 137 309 243
1106 13 4011	 1 1 5 3 11 59 11 131 409 703 455 123 6727
1107 13 4016	 1 3 7 9 25 49 21 171 287 379 667 313 713
1108 13 4033	 1 1 3 9 7 35 47 3 367 581 1627 1665 3905
1109 13 4036	 1 3 1 1 29 57 35 55 255 653 823 2197 6179
1110 13 4040	 1 3 7 15 17 15 117 83 359 163 115 2999 5373
1111 13 4053	 1 1 5 3 21 61 35 97 71 687 207 2917 1049
1112 13 4058	 1 1 1 15 13 15 125 81 263 661 417 3243 1669
1113 13 4081	 1 1 7 3 3 19 111 193 443 339 659 1211 1557
1114 13 4091	 1 3 1 3 27 3 3 173 391 213 803 3281 3207
1115 13 4094	 1 1 5 15 19 1 7 211 157 603 403 1387 1583
