0.029676736892359	0.009070711561728
0.085342879048628	0.029509445717444
0.168387473658283	0.049968060961684
0.234004139998347	0.058414043246516
0.287008578155541	0.028821852981653
0.355616026640780	0.012264982712750
0.425914278484046	0.035582527773940
0.458499156496487	0.023881703795372
0.505515157639285	0.013220339652784
0.622231749569702	0.054638998668440
0.667753763303103	0.021583548068088
0.715782622289444	0.062476540770143
0.779234781082309	0.005484623646593
0.837187541159728	0.058213980838357
0.917522529484709	0.043913004377138
0.991415348178455	0.058712841025254
0.053138830638639	0.089534463614583
0.078613966387025	0.069023714489658
0.147720691011106	0.085432964033199
0.200738215050832	0.109855394399458
0.252231781327802	0.071858224170133
0.350504018360633	0.101258015894857
0.380063664678615	0.078438070126213
0.492525474719593	0.099361866139076
0.502376887103863	0.109156437985752
0.598286093293756	0.094604231468310
0.639785929455488	0.118175579626270
0.736215745022920	0.090397978775529
0.800098045129585	0.081293699190438
0.833016565598202	0.092192473275283
0.880848245274589	0.109515712083554
0.994421021720493	0.082146405887242
0.045911010991179	0.169670526035985
0.095004584094860	0.175559575171922
0.142699154927442	0.153714336970871
0.214587285829961	0.173537126055112
0.285305075733993	0.169062505166294
0.361600967717613	0.156883631098173
0.404036283063245	0.137174040634924
0.467204737411161	0.155606794993069
0.521958206421570	0.187270909052987
0.568950995877141	0.169146199866465
0.640323535164428	0.175007411552362
0.747459869161821	0.176216159406168
0.753125525837095	0.136020911569013
0.863487542298620	0.179379658640684
0.878463548492515	0.179112408366430
0.973174174630124	0.148385590820896
0.061927453003458	0.206004926327966
0.075241151865395	0.221174752507632
0.160213790070897	0.208990292337604
0.187623176694643	0.223438451846232
0.289381707387367	0.200349492082104
0.336090784481748	0.232029422735104
0.393544908966530	0.249574410699907
0.486888217649397	0.228621389158913
0.503243310144926	0.235911128908259
0.586070570314436	0.226947300014307
0.641100958866556	0.193926082547155
0.731662502464411	0.233785230662624
0.806583740295978	0.245921912005502
0.861501477335464	0.214570611416029
0.892037740199486	0.196123819218162
0.944938223679768	0.225890113093399
0.014664521793524	0.301939786496675
0.090643758048104	0.311416985248545
0.177900858192099	0.296567553083079
0.205155625405059	0.274658288783314
0.292186232977474	0.274768122463084
0.342699474021839	0.286347508933709
0.404443658545949	0.260794168835458
0.483408855896189	0.288986151392219
0.545761978642727	0.270130672715053
0.593868654665157	0.263994911965331
0.661605025257241	0.306261571166399
0.705514569683702	0.274479001926253
0.752075261844340	0.266063403618420
0.849217977499756	0.265576613124711
0.930295657714083	0.258260807621004
0.988012725237178	0.293794750944663
0.022127230278479	0.363713873111111
0.097905516894629	0.373280483035669
0.126209009351723	0.314598839206644
0.230456492320624	0.330885723644957
0.292396405052253	0.316926261367492
0.319986459990029	0.350976375566324
0.379432815491905	0.345287100870695
0.480887999811882	0.353817705933195
0.552620460131466	0.368964678344541
0.568168018101870	0.332547740025923
0.655156260130498	0.327433294256319
0.741473042753402	0.360104046845833
0.786347240771015	0.354336763552701
0.861531329556376	0.351480572769996
0.915162902407503	0.342529176159303
0.997883344694363	0.369484350447772
0.011363432832613	0.393097361772227
0.104180910750684	0.397285289470988
0.173370359302119	0.416582077416610
0.199613758423858	0.420460271761511
0.295752597212152	0.426313032117047
0.348251968004799	0.378881822559373
0.414920650868425	0.399782177706897
0.446966367281151	0.430585198553881
0.518127137144475	0.406078695850698
0.609925753346161	0.411839293368240
0.628910441811059	0.405710103099283
0.722807946681350	0.419329424995656
0.794454057638523	0.382417767019341
0.849557329239803	0.390139390339642
0.883944747709656	0.376135481143402
0.946074655819934	0.380478551365197
0.033683035937995	0.441818869339027
0.111093350842966	0.463415521392230
0.141236047162380	0.463158860866832
0.202830326994376	0.480721925177081
0.285562004814987	0.483209888432340
0.337693511732550	0.477867898205963
0.415543936959129	0.440715244244369
0.464516494094747	0.490222783262195
0.518315844547659	0.498604145570100
0.572603003051505	0.454578023058613
0.634829715857010	0.492219230085546
0.696059209282058	0.478814064636550
0.808823577855091	0.461940890241983
0.872188243432247	0.472985389941718
0.934405701306976	0.494362642405173
0.961132469941776	0.437609239408655
0.007283084256291	0.542813633986007
0.071496689024846	0.507696089001884
0.159944901192781	0.510453650788510
0.232841099113655	0.540285566336309
0.277385644490105	0.506515748683949
0.314507508141572	0.519699443121720
0.377208180027597	0.510094323256075
0.494266249441837	0.518134310627504
0.530201016321127	0.530632775444103
0.585857503194329	0.527195706722489
0.665551376727654	0.546611290072117
0.702082858817205	0.505011463902777
0.790523672122048	0.539113506611114
0.822581658840664	0.559122046062053
0.875029325368821	0.538574938802299
0.996072535911475	0.547400994237373
0.001175089492154	0.593190062740047
0.120156085321250	0.568211656006917
0.139032531940386	0.611756831244393
0.229858667090269	0.564121902280399
0.252618398314253	0.595726445063070
0.357599064587289	0.595423301325744
0.378482729270119	0.564501417932217
0.473371113920787	0.568801435483341
0.539796728460886	0.605953635818081
0.574516859301253	0.566126084916439
0.630297184792067	0.594276593103254
0.749819710705155	0.603441586276386
0.794160024709804	0.606631630692662
0.850458017253656	0.585350430706830
0.905770661040039	0.615236718612778
0.952545573210820	0.624725569534284
0.053943556047497	0.635024893361848
0.107288351598496	0.642027831858613
0.168217106179385	0.683175031982403
0.241717299357224	0.687028693020583
0.311659537968612	0.654308247212160
0.335289865199078	0.659260469045667
0.388295203988858	0.630026096348308
0.487214149045691	0.649096419880306
0.552004463662627	0.682189053257971
0.565931243138837	0.643811635459147
0.672178687160411	0.642044434648018
0.716509012177472	0.685332653767041
0.765631824502636	0.626342649149905
0.863884841933354	0.627055297577068
0.887073075619892	0.656885059848867
0.983680247936556	0.658603624142963
0.013372641743830	0.701880691081607
0.101730094067573	0.747201328267041
0.149882878546459	0.733165751818606
0.214517274484857	0.710516612531039
0.272652973498952	0.720001273432281
0.360041075237105	0.729444078863469
0.422519796204292	0.734453940644035
0.498659577278574	0.691247986572270
0.542228488188639	0.719648472637555
0.568276312465495	0.707840618580310
0.634882503162344	0.713556258450508
0.699434031924334	0.724614782369373
0.771357380397119	0.740657992309578
0.864198013526434	0.691664943414313
0.935930797829859	0.696874964053131
0.942987909439948	0.729951271025918
0.051950424339611	0.793771845749875
0.072938941698041	0.771759336732039
0.173067799649566	0.767437420149203
0.243689851222720	0.764890705951813
0.296601563586528	0.789079330099416
0.317279502241239	0.809971251335221
0.408321042029029	0.808371609308727
0.492252067471797	0.767259272154132
0.554610570759888	0.767024814184295
0.623118007860756	0.768478121161689
0.666017945414297	0.789836037665917
0.699038687397618	0.797805129605184
0.792964660223332	0.758117873281734
0.850701320095850	0.805839729726626
0.893184615448859	0.776177505415673
0.941058337412788	0.753110607169943
0.058535129296602	0.819075539404078
0.095560040740077	0.851304586636556
0.153521281993836	0.826627339356143
0.243928623777216	0.824041054470358
0.286932486714663	0.821166196025132
0.347137539713792	0.849165229324523
0.386869967132078	0.873587726542281
0.484942671766608	0.832467534161980
0.553041500400994	0.849279646013579
0.568904628600321	0.850065058920897
0.658044253716488	0.839963060955625
0.731267555757954	0.870801725147362
0.778195103040360	0.844238585727112
0.832562738364810	0.862545676890306
0.920728327600688	0.838863090719996
0.974147948619595	0.836709322428030
0.042083663613788	0.880907985048464
0.076112370039013	0.925418563548107
0.167267363397350	0.901456411832235
0.190678615080118	0.924158966864147
0.296317997195599	0.908459952982017
0.364417273723385	0.912510319781725
0.385154291422259	0.923262451102669
0.484513329076467	0.927094388139573
0.556516555980550	0.891856501232101
0.590074757236888	0.902774945344491
0.640443018306499	0.893829768135056
0.728686557321038	0.936750303197012
0.801874628579098	0.886495149828027
0.868345862835028	0.919107664444974
0.911820667105918	0.897723358973796
0.944915199624937	0.924428301089077
0.040875991612178	0.960365191398390
0.121896582538471	0.966846635513787
0.132727455145849	0.957463225441743
0.200503228904680	0.961432090514906
0.302430934925198	0.960317900744341
0.372473782582668	0.993664174164567
0.408623387506493	0.945874877508817
0.442703533904325	0.980402674754244
0.503358080227244	0.971802777749673
0.614068923180823	0.988118927457398
0.667452359392762	0.985300393378781
0.713008477212980	0.988291360857149
0.800121189266821	0.976708182492109
0.865537201867098	0.983301262047212
0.885727391406132	0.983726672125917
0.980388076563922	0.973356817056974
#
0.021537504251240	0.008966082447201
0.108431662909205	0.035775601944950
0.125880795560284	0.041297125654248
0.190293575390310	0.014509706310232
0.303499397921492	0.014867249093919
0.353034720401753	0.052950549271878
0.401520496313232	0.028827064808301
0.484525221323600	0.009075657714059
0.545010919212948	0.060634350229086
0.569444443784758	0.033762749190503
0.674649437144317	0.036783763652617
0.748846713846164	0.014491237528737
0.771802718596138	0.020826986020740
0.834391809233788	0.029366263064292
0.935603740391811	0.032119604548118
0.994316998547715	0.001059867558316
0.013510809646922	0.082174335654633
0.070687008470573	0.105332226895339
0.174738369253403	0.070343317684099
0.187814866571062	0.070787332095389
0.253170332930323	0.119701219197526
0.372122167550754	0.072552422456805
0.387065701917062	0.077046383277524
0.462158596308939	0.121492691671940
0.526577147443098	0.118388153407347
0.584032798278270	0.106928440432397
0.631548809747689	0.082230089629821
0.728933029439401	0.092021650437853
0.781656428771479	0.096661838565292
0.832521522305911	0.112562081351658
0.919733834419687	0.077983124010610
0.951320592928403	0.101479549464765
0.011808763290012	0.126278093565204
0.064613992348806	0.148915429634255
0.132498562774271	0.178562004451771
0.207750412276422	0.140650122750236
0.299671375946415	0.172747206623374
0.352409926587113	0.126126437200845
0.395423270315612	0.138360924774516
0.447436314136706	0.173193624167050
0.535090596961693	0.184659123420054
0.580602119520912	0.149799969591503
0.638025881740154	0.135869264910782
0.708589680963450	0.131126867666870
0.811810919927506	0.177045755056791
0.827372332572675	0.149824029917322
0.908035800043269	0.164889794390739
0.977691649541420	0.166280002255524
0.042593906701681	0.236904380941858
0.074500646590488	0.197921098139584
0.164166830081764	0.245852016842890
0.189899924517353	0.235717188272559
0.260705856536097	0.206316529530174
0.322838132664989	0.240751223665604
0.381595443702907	0.217505385407714
0.499986707523928	0.196837934885835
0.527264707728118	0.207372818423289
0.594246538828999	0.221358265313636
0.672591691236615	0.233732884120250
0.724003873439274	0.213566685756335
0.801066220531605	0.192712735123982
0.836503848308116	0.209368420493409
0.924560230658869	0.232200484820572
0.962390133767596	0.215424241417303
0.001303229466733	0.273257504950337
0.102662675965150	0.262926871090994
0.152771628191758	0.250307233684069
0.206689146642850	0.255293806477635
0.282107188854042	0.266114068657885
0.332751064274984	0.308187272922529
0.402014482321570	0.307680213822792
0.445290488571113	0.288410756978768
0.508687561569081	0.296923833313497
0.594367249003115	0.292915353998056
0.669703219139996	0.301883396282649
0.703230687682687	0.258008972030484
0.799274979010638	0.302017184233879
0.830875746124279	0.263431036120381
0.924717997037740	0.273075682800397
0.987498890241841	0.250547880205104
0.052170372289179	0.323457484281612
0.067289715793983	0.322383749970441
0.175183331649211	0.315119437641143
0.244611901593653	0.319686196877082
0.272593277628206	0.358507742926829
0.344868979118734	0.345253657935596
0.382192075123240	0.333589402527104
0.463952699740523	0.326073662584781
0.511820984846987	0.314036726413536
0.603968307822120	0.322042789210575
0.647160171667268	0.319348996957845
0.695524915123364	0.358421523614885
0.771978062568111	0.336739388460233
0.868961682512649	0.358330738028356
0.935294366819503	0.315162029481763
0.973345167070126	0.370812046209656
0.016590119416148	0.420548985882906
0.111559918452767	0.435879498676136
0.174977217390546	0.433579197196192
0.243860529559632	0.423274371173064
0.286466397149830	0.432285346336962
0.355823981833138	0.386138748074565
0.380441627059002	0.387148952420021
0.478537037439769	0.384364855768942
0.551553037422489	0.424061750728069
0.607250502387120	0.397065857648748
0.647587630772052	0.391859453320936
0.737491477379806	0.403693135034105
0.804370481708173	0.409712724526695
0.859300980428071	0.394220646548020
0.917115604631164	0.424871261083142
0.956047673146484	0.386274433959339
0.010118141743615	0.484109197026493
0.117892664157062	0.490922756825672
0.161362911757632	0.438085515430566
0.247342887071972	0.467249135304533
0.263963387903982	0.481129852904968
0.354972383584821	0.494126898424380
0.378046935919683	0.458707921735758
0.476664769865262	0.440729382972519
0.525562717890847	0.465541827498945
0.600040082362839	0.491028508096591
0.661682277198807	0.467216446769823
0.720876351370447	0.441431262909652
0.809401076751971	0.470853876694072
0.842025914614677	0.499717446014918
0.932129962150271	0.460138216881929
0.940808107422387	0.497906938442124
0.021602872487647	0.527369761030974
0.086098543795780	0.504239923147075
0.133024085649644	0.518268553093255
0.192757992555331	0.534752626373026
0.309690283276069	0.514140304923439
0.334872936806030	0.523505443348783
0.432983860590724	0.541917992547252
0.482309438051262	0.521320710705784
0.521680590003189	0.518639685546779
0.587221038286160	0.529267625249752
0.666725823840063	0.503914155925488
0.715846118465612	0.503046661688841
0.763173682268982	0.548725565266499
0.834886481685072	0.560170917596591
0.876409641743849	0.548003464497277
0.989550703653845	0.528608796571756
0.037940812436966	0.579686662084350
0.070529842474621	0.612096141526032
0.138608643759184	0.587480978085655
0.192115032508065	0.577325715017464
0.256536879767440	0.563176039009862
0.357616934790303	0.609255009647285
0.382572342992661	0.567674934676074
0.453833434167046	0.600300267434865
0.520865850475586	0.597939378939438
0.576084041985703	0.615475726384431
0.685010288564956	0.569382015166195
0.733626190088952	0.577759316063663
0.782050265923503	0.602144415557767
0.830484155482376	0.620647148344584
0.919635858935568	0.620305372255460
0.973951800851257	0.605911652596763
0.054573453102394	0.654426068409096
0.065201910766238	0.679230283201726
0.156653939782794	0.651008618303111
0.214055139213813	0.685555406423648
0.299844140751484	0.634168397550045
0.367714847043439	0.671700749498955
0.419226661509421	0.663604462455517
0.441501195179648	0.631338070904915
0.560953257270379	0.674294735665735
0.623817700455854	0.657428107508441
0.625533428639880	0.630011631904638
0.723863550528503	0.637329955762795
0.762290703804998	0.643259512992403
0.826917395464707	0.664806393450081
0.910254797950097	0.645006251395099
0.986809886639661	0.637545041975692
0.058659269677279	0.704282941344260
0.097070671727897	0.687676437853993
0.133440416162703	0.745876660293056
0.219603307290725	0.690977404782543
0.302171545551897	0.744074951652222
0.351427514769935	0.732350732268498
0.395833807027278	0.700171423555042
0.487708821147729	0.721484857546511
0.553958382048052	0.718421420948212
0.568256854139212	0.718313330646095
0.632398318733880	0.690623255199898
0.720844653530127	0.729143246537806
0.759711166263956	0.716485724893046
0.857787875512798	0.740519059048504
0.883621472023339	0.719279600518472
0.975402119461890	0.727223047122760
0.011251301056182	0.804304939590931
0.075190617051020	0.805726875505812
0.131859848655728	0.802466172024134
0.200236392894349	0.775998487885459
0.269373646854510	0.801329121296603
0.314507358402365	0.771451061290910
0.435152936085978	0.787102093768679
0.487427817494592	0.754268159988981
0.503822224608465	0.802273737598973
0.590491438669383	0.774537750161727
0.628107930141410	0.809692513197007
0.694886495157235	0.800954231931468
0.800230027391862	0.787496757673215
0.860212987721947	0.790705817208091
0.898400105264946	0.764650862085319
0.985132450438135	0.809099146076850
0.043130635192066	0.836297414329321
0.077204377219245	0.865301868148451
0.165465963606365	0.830671992739237
0.242489795708095	0.823622749626199
0.292620261195144	0.841024627028039
0.334865199407182	0.871755493673090
0.424795695592136	0.840329603764189
0.448078167103366	0.874148517861415
0.525101554949675	0.873061894351398
0.595717149110445	0.837363353135847
0.645756034403633	0.832481414433564
0.716975100534497	0.845273785533564
0.799638066670657	0.845185648672093
0.832200770707499	0.867612317493794
0.913624251022964	0.828067956597793
0.976195654258760	0.823554986697518
0.051952575738414	0.908378918197327
0.094915988644333	0.883782849663702
0.182709801446230	0.897748279652500
0.245520019422523	0.907072561320284
0.266550670469075	0.884638618781962
0.325529637749547	0.935024128251249
0.429214542918888	0.908283091492668
0.453948724305711	0.898411614971331
0.504107579080529	0.893645511275075
0.614984588462390	0.905162781644068
0.663208054533044	0.929655289290160
0.704778256408120	0.924305429940998
0.756214639973760	0.926148699841264
0.828924586214457	0.909712445100819
0.916098925672960	0.927944880122190
0.978293493646964	0.904428334695270
0.003718837077897	0.952098224184499
0.124700795116881	0.993765772187911
0.157453613887181	0.987042735196776
0.213138911427962	0.971224903544347
0.276041306357608	0.964833716475366
0.370740438708626	0.969309460961216
0.422451314323687	0.969587009378496
0.494489674426031	0.990879685426685
0.509072896444488	0.962166919815276
0.596580723672309	0.999625985423249
0.664472612663399	0.950680929908571
0.689880893362542	0.949350536629057
0.781948256779450	0.989597904493473
0.840930209079741	0.998466484961325
0.893381143211359	0.967882312986856
0.967608767204827	0.978184226982571
#
0.008981442575804	0.022547351405385
0.115739368147505	0.048308368186887
0.180655278365746	0.002136416340861
0.188068937874182	0.059815335843553
0.250966217325410	0.009472858119284
0.313468758730094	0.011193302593588
0.390470007830991	0.014426284996892
0.498960487282360	0.012630414351618
0.501326263023966	0.052996772455633
0.603153209109593	0.047708352704115
0.643685427251315	0.035992795537108
0.707954821938289	0.030355165239390
0.780018838391411	0.059848747972247
0.869696172971673	0.007014643722683
0.909228374287306	0.059796172048034
0.982748954465554	0.054931030315913
0.041060899815886	0.105172935373889
0.090805192077138	0.075645461128593
0.140049575671449	0.113281565366378
0.213261453018817	0.104877849162993
0.275958547170963	0.075312073068999
0.338630675140566	0.098828818803031
0.429441598169376	0.110958612826294
0.441551178432780	0.088292059727430
0.539316277567254	0.110215098419044
0.622489632834329	0.067008228973604
0.677153537789628	0.091560708336546
0.694557437223745	0.065357424916084
0.784638444391810	0.076509780035473
0.866264882320833	0.104643715715419
0.876339743539887	0.100913270647501
0.953040174386823	0.112073244582180
0.007824001544580	0.154591782229159
0.071354491274421	0.140365768635032
0.141526208714122	0.182501331829117
0.216879232429638	0.132343533697967
0.311706161169965	0.132983704463226
0.318270047385774	0.128501708561904
0.419283273421876	0.131456768374531
0.459414286805995	0.128388480342317
0.552016836850559	0.127860942666969
0.588541255978877	0.177898096122173
0.632217008665837	0.129623570975294
0.745267094301006	0.142707425246529
0.751712986035671	0.178828358982883
0.825956146890753	0.126020220923475
0.917928068399296	0.156659743319419
0.996065190090115	0.166639163852469
0.035465085421564	0.224091318851940
0.073826065129560	0.234017487771697
0.178950425701088	0.194766407834195
0.232967665036667	0.241470989143469
0.308168854810802	0.206791205117896
0.345945976638688	0.205454555955472
0.388467390384401	0.202237318127821
0.487788028852150	0.213547985104622
0.510144149072036	0.216333591007589
0.615790293171487	0.190615800442900
0.650543828326171	0.218585711416343
0.704788813575238	0.223595307129690
0.756970389820512	0.220218767317761
0.816040949081895	0.219095834130793
0.893355336830336	0.233678285057814
0.979458751268559	0.210897749906498
0.060689930105160	0.253877061463747
0.111634639350612	0.252918732033092
0.164099358496978	0.291102983198036
0.236256406319155	0.292424804540916
0.265414237688625	0.252651969946491
0.370139770732527	0.281145763212383
0.428093119653196	0.257334873285688
0.448126587044244	0.262432358230565
0.502901943823183	0.306924787683395
0.574209159577547	0.309777888570628
0.660632480118804	0.278848527413525
0.720994577459873	0.263078441351670
0.771094967892532	0.310015711088785
0.842567713763581	0.290233129935859
0.922840739553291	0.274721043292019
0.996861037855703	0.266886923160494
0.025625823639130	0.362115730615825
0.113571102117088	0.354447987202310
0.147128215777834	0.352283055204848
0.237183708039737	0.351142302440978
0.290351047757513	0.336804084034358
0.338569930906191	0.321073576853628
0.404104667766160	0.324035635555404
0.490143420405254	0.332649292429013
0.553648840110085	0.366044894237082
0.619841399877877	0.374103575566342
0.660193961747618	0.349558784271255
0.736752831024759	0.326968247729113
0.778641607837319	0.342647076707833
0.854275715168746	0.327067132300480
0.928702832866973	0.354163555991059
0.939201543719205	0.336913565121222
0.056345097617327	0.412613534581059
0.075926130713412	0.418046322821301
0.150155492423837	0.390200634272234
0.245011324745722	0.419602540841350
0.273487783435496	0.437384653559975
0.314567677953645	0.419322526543826
0.406103489782220	0.393941554332604
0.477061072577387	0.392180098559400
0.526559973461917	0.398200578148989
0.596036156705473	0.377541005481044
0.679406029592363	0.408296895090210
0.728863716673540	0.393144152102327
0.794229116868630	0.384002669992974
0.831777390679176	0.397920598150329
0.899917858178359	0.427325388370623
0.969002190038795	0.377194272223789
0.025157343383799	0.438883612878594
0.093578149950150	0.444733511760070
0.167129614225619	0.464955097128976
0.201541642865409	0.461449093321909
0.296722932976955	0.474872755710355
0.316137513248515	0.483100390668982
0.421538171485657	0.440064444760225
0.478802315143706	0.462085327081053
0.502679069628981	0.485557961201542
0.619087456826025	0.478054293411680
0.641964060272897	0.450977911768360
0.691416344271604	0.471061627752162
0.775329420014245	0.477678933699541
0.839767161573928	0.478765725313282
0.909979169556168	0.454634818339752
0.983083671871709	0.472240731593860
0.032006560905023	0.506963946377966
0.094497715683421	0.558390810138870
0.142450360352511	0.553077097601624
0.231010590631866	0.539890909649523
0.285707318668884	0.535636423091203
0.334219471963988	0.531793287249583
0.422465461521052	0.524413348734242
0.473927995416785	0.508106703522640
0.538446808883093	0.510201998275635
0.586209513339845	0.536619851956288
0.631924661314563	0.513321760710287
0.705935536378747	0.558231563437318
0.780464405099154	0.542560697543100
0.820354017649161	0.508459481645482
0.925558752639466	0.532287817048442
0.939308306697479	0.505132576611972
0.042098513595899	0.596791920332888
0.066778965149838	0.605537607359127
0.177659255115469	0.605332765156131
0.244063614298721	0.614720741604623
0.307179122623564	0.613728920257122
0.361440117249484	0.571009518114969
0.425873263707239	0.581246288119291
0.499393658741469	0.568027899077984
0.532045037187530	0.604399523125472
0.565938117623664	0.600274270205473
0.631764790117569	0.598603952058732
0.707229935786973	0.580866335837256
0.796270451097230	0.571783109279183
0.842715344660733	0.609079586600205
0.927410261135644	0.566156022178744
0.996664026038294	0.570424653082254
0.035127250849648	0.659133813977622
0.102132765047050	0.661444444363342
0.133520036835927	0.657710004736485
0.224202936989419	0.630772597405192
0.294943149037413	0.632674436159472
0.359901767322421	0.625416818773471
0.416925611988275	0.669399730158481
0.495748961474339	0.668545593765109
0.561771976688591	0.683809220338894
0.585351578329073	0.645462252771939
0.668677718636156	0.641969940177973
0.690445844302989	0.655106039215486
0.804503839140992	0.667330439299655
0.822315691405049	0.625782640490980
0.924199401645269	0.667124344555108
0.975708221123369	0.632403055513255
0.044962200113796	0.711683751351476
0.098913469403962	0.708592337866685
0.148981189157111	0.720762942285105
0.217751742493187	0.748314479511072
0.297082741610259	0.707292793235926
0.327688421475512	0.687631404827729
0.429127974550153	0.735954384927394
0.480795311547885	0.697298051427886
0.547922564448771	0.699600163908233
0.591191453429333	0.688998804253409
0.625071286878682	0.697091408439933
0.739863422260355	0.691071508962445
0.803043442368634	0.726378604371305
0.838593428727727	0.710928756749124
0.917536269766869	0.724582304386325
0.988441306949463	0.698608353823914
0.027401926657162	0.810909838939181
0.121680310577313	0.760968980294645
0.144824924344971	0.777075070806796
0.230359323347304	0.754254225758895
0.282239590648035	0.778218640443105
0.369146872616058	0.772890025260367
0.404958680351837	0.755134904671026
0.452776712849219	0.798585675755419
0.516865810106826	0.796601943624346
0.573249556723342	0.765855352528942
0.681645765215309	0.806233830777633
0.744155741033413	0.778927253711486
0.776197852514730	0.775457297253995
0.864303085674020	0.757670617722364
0.909059769016239	0.781452618139203
0.944133066530138	0.807633957722605
0.061737661133343	0.838748589164170
0.107877383150132	0.850678938406212
0.170221195363025	0.851091731523301
0.231769571571324	0.837643143130150
0.299408895411624	0.841766125471160
0.329513878740141	0.830565808927190
0.378408988269141	0.833283553952534
0.482672230918583	0.826513995128687
0.542002850134625	0.850181208481123
0.597030233497971	0.869457534222039
0.660947630903322	0.824179869206082
0.694772546268597	0.864478133703693
0.766881065956406	0.856107462309559
0.814021803351706	0.847444043604760
0.901819740035413	0.812991218787034
0.966206403092064	0.872075260092289
0.026565168204616	0.899130216295978
0.087146466807380	0.905124142583838
0.132336957862097	0.883927082077467
0.211650793024257	0.917800836711610
0.304332603640350	0.935368809135484
0.371433136285384	0.876891529348072
0.423886580738795	0.877980220117718
0.482138141199746	0.879695905475457
0.542717480678162	0.926950537684478
0.600617288853535	0.877300322216423
0.686315867365644	0.908656331165381
0.739463070725199	0.919311040804445
0.789602579252585	0.937393479965952
0.837325201302842	0.927172195978852
0.906733116768122	0.875226356802212
0.959218144480073	0.892386955576922
0.053037091199783	0.963254750188383
0.096125669319561	0.967743390057642
0.157924418097926	0.970349815579911
0.212678553658812	0.987063744960950
0.254695790908229	0.961333548451968
0.368982006023052	0.984557987783816
0.384883558758275	0.982479005553173
0.496816850295713	0.955809904033856
0.536157619420243	0.939640526834908
0.617853522604647	0.959682873484488
0.648399829768087	0.996234566321651
0.736293090853443	0.949061670939918
0.804914596299621	0.960132885758680
0.829436979959006	0.947282028066642
0.890093058875085	0.975574202291452
0.983222300924995	0.952447065665025
#
0.006683460962186	0.011937713602543
0.097227539962560	0.047342616450005
0.136906679940737	0.028163499569209
0.234687392276173	0.039155491709629
0.277818636451340	0.048682167206118
0.335853900140117	0.013955166930439
0.378631349508332	0.009554276245077
0.445635675760134	0.046502043300192
0.514776212879754	0.049916415952592
0.562998257475672	0.021091910651557
0.664049222419632	0.062151389603888
0.722766907282701	0.010412123129450
0.751671081074553	0.018159244577554
0.852936902995090	0.042586896782179
0.886024765221757	0.033030980565360
0.976566287508832	0.059050834547740
0.015310201739266	0.084733406538082
0.100131065447962	0.114651965571603
0.185891087952394	0.095194490241165
0.235741341425046	0.122851593914174
0.299330128484715	0.079209637133570
0.360095362932211	0.117420068794726
0.417815976713392	0.062704993324635
0.453663240234289	0.068563469366884
0.549035163738657	0.064801632281696
0.594790168114074	0.066775025568035
0.642546649706212	0.099981246597595
0.701729503172503	0.106736097364159
0.767731904129086	0.122185484025321
0.818567357303940	0.123351515939774
0.897111170391927	0.114316532735088
0.976126672781801	0.120436256153727
0.047517521347040	0.150824151735479
0.118667124638140	0.158218599558044
0.166177142552025	0.186453821719381
0.247835430257915	0.140823516023421
0.305626048093691	0.165950824778050
0.349122245804552	0.138821209915057
0.378436221349038	0.146738786211759
0.460501539409859	0.183868604973277
0.538837935551730	0.130658938012356
0.588076816091914	0.161697319586342
0.632553501478409	0.186699707832118
0.725626604014688	0.128551251968846
0.752983484883556	0.158755937162497
0.823327877561289	0.126542411570331
0.903363377721017	0.134915016069988
0.990598121291981	0.153017440569940
0.014480643603481	0.241505527619507
0.121666702746685	0.236035112506602
0.158611643587032	0.214818467945400
0.203598122101649	0.200833379556037
0.255997305228025	0.228616471048122
0.361699905563542	0.248593843861854
0.394530202339410	0.212645419326179
0.457405627156819	0.196965334255240
0.508099257802381	0.230736495937043
0.588854997002952	0.225743844954004
0.680720458416785	0.191219904009770
0.709996856361394	0.205665636841013
0.800400421719044	0.208859859374086
0.862388836537113	0.197859163791374
0.899031056678861	0.210580808174117
0.975572986886388	0.188796738002868
0.015317752946359	0.297684820932961
0.080420343980757	0.258585813602802
0.146622482182952	0.270459238546425
0.247443190906184	0.253923731609579
0.303415722895510	0.308423568566428
0.325986703788160	0.310102133603674
0.393673953982925	0.287612613706759
0.456674800113350	0.274959994645896
0.538743261518828	0.303313378548090
0.599897794914408	0.285235915501308
0.639692829634224	0.309387677275666
0.707834813515734	0.285485217617938
0.762094098189751	0.259576338491071
0.859556191830094	0.270855713553227
0.921461133748284	0.292152622651694
0.983223627448483	0.258719005347513
0.031227582243441	0.317016211717743
0.068899533014372	0.355367300896409
0.173073696056514	0.360294156471569
0.213991505696669	0.374960595363509
0.250148564329755	0.325190529128348
0.374149053299136	0.320603334099428
0.405042545396728	0.349539503012677
0.481729403352186	0.315183475978017
0.547308019868170	0.360602285011113
0.595325587397750	0.327370692790107
0.674400862390618	0.348121236901642
0.748408655242740	0.319817287630825
0.762746498384570	0.319266469670522
0.870949936709588	0.344296600167709
0.912645465935964	0.362812004704101
0.959671688154845	0.318615635247230
0.033921873102994	0.407660368401012
0.094290419532752	0.397539718678463
0.132062177611995	0.427413922979593
0.201825385378167	0.387319243457708
0.259681410129341	0.378134792205676
0.354719434656370	0.392031994826866
0.428537329249326	0.375790310776394
0.460538622914008	0.394761651424286
0.532819051579647	0.398923156628484
0.590839601463135	0.413423926709435
0.630494153666774	0.415370873417792
0.719701613961882	0.376904230405205
0.770812515698097	0.416126650258346
0.836973466741497	0.415319234826094
0.932785718060398	0.420992711482335
0.953148456745117	0.432597881982242
0.038395694102136	0.499623100942611
0.098456705070207	0.498421589290589
0.174465439803192	0.479657888276772
0.217898233335092	0.466987948857012
0.261573510392703	0.460350396626245
0.312902583769849	0.449947160205908
0.420037770334174	0.484977724405466
0.458998692212393	0.493592286219027
0.503325192054809	0.478502470034524
0.572837860675142	0.449017110501653
0.673749777863559	0.470660550251058
0.703255370321161	0.443559896333273
0.794383166237241	0.439352686473716
0.844900765929464	0.496960409901678
0.936484820020032	0.447959413943570
0.993843101254628	0.457494541672639
0.015013836764268	0.528941305884845
0.086837633838723	0.551225854517828
0.137810311486900	0.554945008900237
0.218804886048032	0.527121494617807
0.261528495701851	0.533194025840655
0.332938972210497	0.543155693837478
0.392470332856167	0.562422490344015
0.469081685041679	0.561020843189564
0.559951470713120	0.508152615164442
0.569574747629132	0.532004280809081
0.685831416296035	0.539991604086242
0.714662009871020	0.558377896565566
0.782504985771376	0.538253055428679
0.812890186760433	0.528433385282623
0.903643650824354	0.524876522459061
0.972705247805618	0.524165478002202
0.021510708863849	0.598980528893061
0.074162799009160	0.570014740385817
0.151503364707228	0.582223833121179
0.190472266084508	0.589104595498439
0.281068913995072	0.603532100309625
0.339213875259555	0.580017051721811
0.407994040106538	0.582496216438011
0.479504433077412	0.582071199188258
0.513623695358081	0.593902385087894
0.606407378941404	0.612792321041411
0.643469131221289	0.562609988308421
0.698215019687944	0.587685129742065
0.786008727890674	0.590479276935332
0.844668558296903	0.569318354291450
0.901936364351873	0.617902375465003
0.984926137051062	0.567234588584335
0.046006886022749	0.659218271547397
0.072604083342036	0.671601969686826
0.169140507579232	0.652741791992505
0.198268584545764	0.644786411900955
0.276866664868865	0.669584082187988
0.321915725233712	0.631804390855670
0.424553001180071	0.626026933183551
0.451036235815505	0.642026145189774
0.548816603794418	0.655186965442888
0.609843940077662	0.631684295558181
0.655331467358123	0.645626183109271
0.725565758557191	0.665705920395722
0.773443507385311	0.671634983209459
0.815673970108776	0.645003208880663
0.905873019109916	0.680060557582779
0.979742498612553	0.686684932283052
0.043534617837527	0.734501503739041
0.080055259303203	0.721020693141855
0.128123623610736	0.732089908120011
0.236699858371681	0.736706200431033
0.301737621962497	0.708351676211658
0.324822508500033	0.748115137320854
0.401795625707436	0.693848928394459
0.471555486067444	0.700862670931584
0.548115009627797	0.746208607625730
0.587083098877241	0.749745830267725
0.644985496580481	0.689653341862642
0.710646541823667	0.712470360353466
0.787453207006900	0.742799542653444
0.871938991738003	0.731612205180948
0.890983780238541	0.696755359679054
0.937698347959714	0.706565290461077
0.053447737792960	0.778879127020803
0.077174449866795	0.802471710410312
0.171162349735657	0.755226693015482
0.197013752915550	0.799274979854649
0.311224523072882	0.774923834693600
0.329252576488478	0.805837373931621
0.382929186018400	0.771160387511752
0.488622544665384	0.764612643968340
0.518228883073486	0.755912662514232
0.624442766929730	0.763463520331649
0.627983932544124	0.798065563907862
0.739669043073586	0.754697331097489
0.757738062502523	0.798937745170886
0.822209482490949	0.761534468433595
0.928440275163376	0.807511626392373
0.944282220445290	0.755818225735756
0.042529998749967	0.814786476170944
0.066881763953572	0.841121193944970
0.149073515704152	0.852312797558800
0.215955909086265	0.847858623391450
0.295320620945497	0.825323640371865
0.320259822563445	0.871480763132330
0.401381621099748	0.840094911624932
0.468484764547549	0.861451223052910
0.521721688497165	0.816081882164251
0.616385400613394	0.856244980877090
0.629501987773576	0.856471890797599
0.724301236253651	0.845510549152505
0.801058932233965	0.846880443023839
0.849413945406422	0.813042347086720
0.915708947747063	0.836179751238944
0.986643650915158	0.867789004462023
0.046163826420359	0.875500283378759
0.109723838959407	0.898101237215009
0.160657807538090	0.903496637801523
0.212775391867099	0.900710460925058
0.272889751509738	0.920694711759732
0.352611621880231	0.897228770909069
0.400582212000290	0.905323022503365
0.468497498579323	0.880149273741443
0.522436841381699	0.911576815016236
0.602401304664649	0.905671133812440
0.625994879869044	0.936551495818782
0.703347953403915	0.919775616882782
0.780520351829012	0.937268205219826
0.814230144882861	0.897082933870163
0.917330001287006	0.889026082749834
0.995429014727806	0.932546054288406
0.031482519458277	0.995557227563825
0.087008853768815	0.990620721536833
0.179044721486057	0.952126071107836
0.220917206556401	0.943770122744904
0.277171648113795	0.999965913724728
0.337622977056918	0.962239563136185
0.408082624715889	0.986327074101154
0.451967694305225	0.979959862491223
0.525301057793037	0.982470281578128
0.572431608251047	0.959903122280353
0.641176402936381	0.994963260424548
0.713574259213306	0.969631545340440
0.770398343437793	0.955170202218618
0.822645358670886	0.950068482884687
0.914855324090425	0.942933399726272
0.956818346884525	0.989701901749289
#
0.053744106507801	0.026024634039152
0.096081487784065	0.046555074786664
0.135489110095191	0.034565155620702
0.206776198076963	0.031458665740550
0.252322640736197	0.012786395792567
0.327524656113243	0.003436460800803
0.432572355958417	0.057131868451166
0.448646624094957	0.019951150204276
0.559986364546927	0.000277351005999
0.581672347024240	0.061131170790440
0.673153659849347	0.013628631716973
0.743806137279911	0.057932496899258
0.752168049265088	0.031431258605195
0.874794307674117	0.000358242992744
0.896649606327212	0.011532364299412
0.966045078595296	0.006802561709029
0.037062352764668	0.089636279989415
0.099585494704564	0.070696319135184
0.149162410152881	0.115521347046136
0.191528911528650	0.113938912353813
0.273780886991597	0.066458428730596
0.315063130387585	0.094256384305599
0.386799243645347	0.103793246943106
0.466802494388959	0.073764570482020
0.511070626804971	0.090402578883316
0.588952259763366	0.070358877595947
0.644599829252018	0.112312360911121
0.721872087226802	0.101921835239493
0.783100088745845	0.111746160746959
0.847511478736999	0.074026612916851
0.879722992730612	0.102144176877254
0.965439532831763	0.081312874394658
0.045218794471635	0.165786931431686
0.084355085249258	0.182580525447284
0.153394617539806	0.184972822723787
0.190359038941762	0.163379173167255
0.285789938579148	0.161832850726050
0.334036760313678	0.159924603977689
0.379955459299953	0.171905152350526
0.441226249750756	0.162829663642410
0.538637596264281	0.143744345962476
0.586101676386572	0.133165504086801
0.630361036340557	0.128559575344217
0.724513029018886	0.126939454756663
0.808842508950933	0.165640986563089
0.867537019568853	0.181591182378258
0.933065069023418	0.142608556725925
0.989677204777179	0.125241481509931
0.053153937156464	0.200550996046642
0.107881366256713	0.187954863984593
0.184184935787154	0.193724448051938
0.221721401053183	0.190614324398482
0.292588947932839	0.200934343916232
0.363037639367519	0.198787924297803
0.415422377491585	0.195058613682645
0.473200174449757	0.209912318174008
0.505196576546341	0.192080279740524
0.591859376166682	0.209978351171007
0.682120018593762	0.240035897846109
0.690366492505503	0.217767717949526
0.806143911932279	0.200112898982506
0.840764340485508	0.207759479720322
0.879370180774566	0.233257266674367
0.962161654874138	0.208399762724503
0.014916630261558	0.254296533109573
0.113702358922735	0.310573375885276
0.156940348366494	0.277844874616793
0.237162409318183	0.281765170126284
0.262474536738585	0.281268923579778
0.371819637627765	0.276929869817554
0.420005530100317	0.300068928580747
0.470295857878587	0.295629759882723
0.503114496169289	0.260512645358805
0.607829301701353	0.252321689783088
0.657766543525566	0.258262860721620
0.701586374943514	0.310821574137272
0.792401960769762	0.299218784170625
0.839905067353371	0.309087429180296
0.933182303356166	0.304802085067449
0.975714390407832	0.268735702794216
0.005245171561312	0.360679632325931
0.103046380196592	0.330507030612907
0.179883184127948	0.315072172569361
0.227870433731673	0.327852107922745
0.274344305353436	0.373989618310353
0.359273016972997	0.349237303636441
0.411063225642676	0.314414914232193
0.472060303822989	0.316754946646224
0.509783671559948	0.352754914152961
0.567363647337738	0.316266687660540
0.677085730390294	0.347813677676677
0.692362801580425	0.339891941176586
0.762190132317410	0.323065516934280
0.824329342928675	0.347180103265489
0.927334415796756	0.349763985906556
0.986902546658391	0.341135888061518
0.010209630871590	0.387325839156943
0.085977221480798	0.405782836831241
0.138054820522795	0.421162315378585
0.217936713080955	0.436894530852301
0.283569862069811	0.425329218732153
0.354501699369168	0.435624579418363
0.430247884620388	0.387153726350435
0.496916359493489	0.386187818151360
0.508441007305156	0.435678441149806
0.572279831891595	0.402186410857175
0.666788716024437	0.375293806384502
0.747321258691331	0.395906267052262
0.751213733994801	0.406062593428898
0.865454465003092	0.398942804609878
0.922253229244322	0.425398149524792
0.947541920601516	0.408611543979172
0.018926636087458	0.481103688619589
0.090089538592168	0.447093875091428
0.130460637724716	0.497693316239210
0.189244361041753	0.464478206026712
0.274223952559806	0.472582788520395
0.368868096497345	0.480199675682280
0.429275946878892	0.445282016911726
0.466392434878250	0.441451951876854
0.520734444876605	0.497949810319801
0.617439990861444	0.457244953014246
0.658188866779252	0.481160159101980
0.701078170433426	0.467608727041541
0.762121847469737	0.498344917301052
0.855447414530312	0.487383865937564
0.906960744170812	0.493616240403176
0.973370912289450	0.461928387352831
0.007176032844506	0.507615432988996
0.082905250911812	0.523124154487887
0.158666923475374	0.527261276444714
0.199523124424630	0.551674971761921
0.301525806016062	0.520137445816686
0.347188623120819	0.540470321017311
0.410859344695546	0.516042692299477
0.465032946732252	0.533694152189697
0.544687576413198	0.512951339423412
0.570469972519313	0.531115842350087
0.625845967268303	0.513923540991131
0.718337633465030	0.530176461812266
0.795185136910338	0.537797624865267
0.836062184977010	0.558862866934823
0.889482440124727	0.551834361275969
0.998292389427263	0.522297988636372
0.038257829984826	0.573315343807525
0.062601121506328	0.606290158432976
0.147212996079985	0.591519545494001
0.188424222404352	0.595026266957872
0.258914588297814	0.624862070253552
0.348977980765393	0.621105396900933
0.401954464824394	0.615310660735776
0.474153482218192	0.577209183076562
0.534110540051854	0.569614903915700
0.574307585938207	0.622588788638843
0.646195380007544	0.567349321777548
0.703972356426872	0.594438285079537
0.769877283576615	0.621500030435622
0.835467127200791	0.597697940226690
0.931250443214958	0.623479188521388
0.975378487282521	0.621279918689695
0.029349217925768	0.673429685117660
0.114102916251077	0.629856484201121
0.183853167253861	0.675714468289682
0.217363325871379	0.634906732406795
0.285830831789256	0.668074735916004
0.369424862305616	0.653069579456483
0.434410245448097	0.625394018919997
0.498888637622909	0.672343656329867
0.561626481808868	0.679835547938672
0.619717948152036	0.657491981292258
0.632462595605748	0.685569042746925
0.735794553267955	0.668980387631799
0.804155862611755	0.684943059968050
0.833811334455691	0.635479757171818
0.894230558803359	0.671706898556255
0.978168041221953	0.633304422752304
0.042380655776332	0.702963564082855
0.099777310498705	0.710485748675532
0.127638347593052	0.733784496911402
0.192870845568336	0.734542165530040
0.260001867167885	0.727671505470684
0.360918639602819	0.719390067250209
0.406612356389899	0.729186432329399
0.456090293727138	0.744847845226724
0.554345891998230	0.749925333991979
0.564255613572140	0.743038535087378
0.653797639831621	0.728102115399810
0.689181686408511	0.722642185567562
0.753483566951119	0.687641395910792
0.814590268463267	0.700814806713796
0.923615484553416	0.699542737277700
0.938097388396412	0.722649530559464
0.062195286387507	0.806136504076104
0.075646198532345	0.771870783273333
0.167603269825946	0.794364199270928
0.197760034573209	0.799504796956783
0.307873587443115	0.759571521821681
0.336449396685685	0.762216186226512
0.391582838496329	0.810410188568735
0.474303441028880	0.757547523100522
0.526245427862449	0.763781387580391
0.597028661454569	0.794141753892564
0.626139314467120	0.800035028409919
0.735903437449807	0.797674826022744
0.768745135374774	0.784232244529233
0.824602692565439	0.759925461783988
0.894486306094212	0.781877016452345
0.985116007545175	0.806387244373068
0.013038309890669	0.861393697367491
0.097167886336024	0.845709869514850
0.145790008614606	0.852445570382975
0.190658892258224	0.840641599140512
0.252273689446685	0.858717136823390
0.374366677788055	0.848502226560610
0.433818208372993	0.857327396671713
0.448048204578936	0.835405892901566
0.520095623437687	0.867269499225605
0.575025709785411	0.819655947869098
0.655511507524180	0.822886639087900
0.740727261390590	0.861731021196286
0.810640852854271	0.820110103059004
0.840570439009012	0.850642444109112
0.883629869016849	0.846467177318751
0.952889149342754	0.831890752689073
0.044979488429376	0.879199415941071
0.067783954365361	0.916481310715080
0.184209397745833	0.937438460605321
0.245967758018167	0.900126304104954
0.276564380363925	0.928756342267444
0.324547811239503	0.879370940078951
0.403899169169925	0.920767517116216
0.466753161620990	0.922470990346621
0.532776462736720	0.922691609212242
0.565390174510630	0.897791936824283
0.640960378226815	0.929351874872658
0.737508695322324	0.905213797311930
0.780233631033970	0.910718823631345
0.852318146493593	0.927451673121530
0.928479646068527	0.876338089598305
0.976107012882388	0.930632465750243
0.053528334390379	0.959593926154099
0.082395145266758	0.968065351953396
0.173517324681980	0.948923755716282
0.244057954214876	0.953453238809820
0.286385316002738	0.968149988060619
0.358064370022170	0.997603624112695
0.424341539951121	0.965000327566522
0.463826494821423	0.981019623020203
0.519379575872300	0.988069060095718
0.609200071859919	0.988868710364068
0.674659538414483	0.993074796844873
0.703209533272476	0.989315530253648
0.803805561603234	0.992718001607623
0.825325797023910	0.999401188120689
0.884148614454118	0.983737165133640
0.966524633891304	0.965096569219045
#
0.043515482258172	0.049932658349265
0.063070744479906	0.043486239515125
0.163838011178034	0.055632622547129
0.209534046579975	0.031485997802575
0.276707816715168	0.022224982128764
0.372114516022758	0.056002131414367
0.391220505062076	0.036140658872002
0.486316726525271	0.052014300000624
0.520081202635211	0.056542753371536
0.573907788205288	0.058079403896835
0.662698634676099	0.015315464352098
0.740214814764381	0.032264197150889
0.801291974811766	0.044974390893470
0.833984105547188	0.060605919191871
0.889976008143852	0.018057695084847
0.968821956230402	0.023975274414750
0.042669298311851	0.095155064548053
0.084333143100220	0.071173763996031
0.174633485538567	0.067555849194190
0.212514467281293	0.082454883250747
0.252697637989232	0.123596476390631
0.354069913165078	0.123299796017422
0.393488927326628	0.076343294978455
0.461443134225310	0.118217677996894
0.520131895119588	0.080527720817022
0.584437372124390	0.091738971713753
0.631051332341985	0.107654732546107
0.745112799776279	0.084996896408265
0.762275739764975	0.084427592888108
0.830551702009526	0.080843117543460
0.923801925423043	0.076145299364264
0.960281922298084	0.083943079070641
0.060811016650012	0.161712228605573
0.111726096769964	0.148468013101599
0.127728500651482	0.167868608837102
0.221766601542888	0.162008820037476
0.261011018609514	0.132352887407144
0.339602011087607	0.147721701350580
0.421464732029467	0.174955494567974
0.489556168334572	0.125711550179569
0.545495631489436	0.186721646765182
0.601066180644805	0.127627256356093
0.677149007225444	0.165851270323817
0.703007278472769	0.183138600113019
0.759970813133398	0.142229170266010
0.855337913681948	0.147407632442752
0.930129251324718	0.142280423522992
0.945568192359192	0.150849084143026
0.002477726826905	0.244999926419696
0.077081002400276	0.198446801968023
0.187373116030328	0.212342261444391
0.227782132302593	0.220034848542426
0.305250671952439	0.232645910956814
0.332235482089393	0.203364902325176
0.437126894859743	0.219376154687925
0.487014195544066	0.241676309173153
0.557321777449646	0.194246085245802
0.605429755679315	0.244379636524683
0.640366394920360	0.193266381772879
0.692954988394737	0.199939069573870
0.804462782672947	0.211212156782558
0.848593777883470	0.207587890840971
0.904320764318532	0.213456821721270
0.947253698398069	0.243969882502330
0.045917447012248	0.286676497148973
0.120114729563965	0.292822927566670
0.128676072316867	0.288675806625089
0.204170421948463	0.265753642324883
0.302376760691376	0.310029753352289
0.358521455531246	0.283991805911411
0.390034920059269	0.305761230423991
0.496890372683269	0.273670235232257
0.511488161911021	0.291293045355425
0.613266690194902	0.292156609512669
0.638829999053578	0.308122126442758
0.730135858869212	0.294256976612205
0.767055144173688	0.262125369207846
0.859744594865419	0.265949011172855
0.876176814170595	0.306231425200526
0.973177161614452	0.268686753411006
0.000797762841288	0.345188740168276
0.110291806468226	0.313814212204612
0.132874774151802	0.328866817934058
0.199765416738173	0.330095997157063
0.265716362471743	0.316394536378536
0.343702926380491	0.365897367371572
0.402573145292134	0.336533686821124
0.499806078470965	0.326084959047401
0.531965057649525	0.368249014818750
0.616732484135249	0.354196523660607
0.634001628497849	0.335092445113136
0.705301435130020	0.341975493217929
0.772748161607363	0.329023741043993
0.825516542641101	0.316606599794842
0.922016473410655	0.324032713312547
0.961497667047427	0.342934653839430
0.021584150895729	0.389959740310432
0.109683237617063	0.418627099216945
0.184656474316646	0.398246596281707
0.214671582673833	0.399827771287488
0.289837105281730	0.378259498073780
0.351428910997098	0.419315384216447
0.383740383726251	0.431255952890207
0.458197892808401	0.396298243028880
0.550152948792710	0.422703742686474
0.562667427904710	0.391982387333289
0.665480731748506	0.403234805350829
0.733379206761806	0.433812917762276
0.756031481856138	0.427928665141326
0.868782415344329	0.414077987830755
0.896717353336098	0.383318708280176
0.982602462997917	0.389046358311676
0.012517841128287	0.473648947366432
0.102994306633597	0.474973897953162
0.156232794957755	0.489707615311422
0.213595843239710	0.485434040889478
0.267838977354192	0.460946534358302
0.361064259585357	0.472196869254624
0.418597728649876	0.453838431658535
0.480108983911949	0.449449198643432
0.537952651074844	0.438211470129483
0.591581838139468	0.454177659532679
0.647795991031522	0.465057188156656
0.704745119907252	0.470022581394301
0.759494977379682	0.447589318532285
0.816652022317669	0.461912337376134
0.908345778422278	0.498370294633408
0.942071627870219	0.469911834203501
0.028608818123142	0.520731296104084
0.065680058324519	0.555895494426576
0.133514144299788	0.549381147048408
0.234311926509676	0.548549333889631
0.259332407690080	0.540636055282814
0.318447138664417	0.527629774943374
0.409209577360123	0.505162937349561
0.471086754369570	0.556368520845745
0.538618802887765	0.552690089023134
0.609982800913854	0.555958236522497
0.667818133379989	0.554086252681233
0.711781724463632	0.513593878090869
0.777629091076117	0.500551887322346
0.871622270045132	0.525238667678842
0.909671593727468	0.502932117976116
0.970337819766798	0.532495439234771
0.034681747908397	0.603851537928300
0.087163203139711	0.613937096944181
0.138005718882895	0.578290723893626
0.241855228230556	0.604828202670284
0.270727135566000	0.624719153769482
0.347366280017855	0.564664958452844
0.406573923879553	0.580571313014503
0.481241423428581	0.572996262972708
0.523529672753306	0.563889437195354
0.603439958688323	0.588237176276915
0.668441797936904	0.614102726988868
0.734418033734993	0.591594909440981
0.774057213935665	0.575123255988030
0.829927523449861	0.596844951033556
0.929785022059173	0.571105896890188
0.951230324080384	0.589478626577062
0.027686726017317	0.681402950531664
0.070929014329666	0.679726693209896
0.149436187746920	0.675364886407709
0.213545475364906	0.681028893565184
0.306734624186469	0.671399056325643
0.313350483731681	0.655812442862851
0.414033302697128	0.628375454020774
0.478685742093643	0.627853701037321
0.505498217594693	0.625897841382748
0.577037135797329	0.686103137995490
0.655581355989697	0.664722452211362
0.734168065722722	0.647850061510189
0.784254727703928	0.669910389678532
0.826700406254199	0.667419379717884
0.911146388601313	0.651871592583920
0.968564527829542	0.636073727701691
0.039913904105759	0.744957315021301
0.075788213045054	0.721100976843992
0.169616389404311	0.747726484987123
0.200446090824075	0.741603272703151
0.265456622018934	0.725185866563741
0.353932162756434	0.708969729360884
0.396096504938578	0.731443881955101
0.466040126913236	0.749115114536629
0.547014452848121	0.704007394295537
0.592324987875723	0.746051464287110
0.642491460650924	0.747377258070018
0.701167271795838	0.698781912246785
0.811090852933957	0.692076142354537
0.843733704321490	0.703463227855615
0.885096359985787	0.744869251239549
0.947150218040834	0.735071992454485
0.056209896384089	0.789663276615241
0.069586024650393	0.765856450674673
0.169203370892607	0.756216805909927
0.235057618756559	0.758773183277523
0.272466765489072	0.753233720694723
0.339635380200840	0.798736689812792
0.376861519238879	0.766156354893734
0.443796476510772	0.758848235886276
0.532680270662573	0.779521517040446
0.600935203585176	0.805676749454736
0.682237463332652	0.775920562932366
0.720706185057225	0.774493411101749
0.793272018064342	0.781343409435089
0.815158300466174	0.805012198148764
0.885879734941032	0.790911317477797
0.964652677553159	0.750894466124218
0.061108709851072	0.861518986694636
0.068458343595489	0.818549378369015
0.164798412102926	0.859685657571462
0.220977228870261	0.867777115037962
0.256335341955148	0.847316004227571
0.346195654514873	0.845182842960973
0.422702464373480	0.843088673711309
0.489298390440363	0.822898210552614
0.503262551007388	0.847167381239046
0.602848140430368	0.848955109447463
0.631161660743216	0.846646314480260
0.736611999655518	0.873770741367194
0.784873989215091	0.853015481576560
0.873654106573354	0.834875796373788
0.886887375893860	0.861540946640666
0.949485734966464	0.841671726149314
0.045061312087942	0.917588454812087
0.066203379800707	0.898370445245730
0.140733416035826	0.920411473398076
0.238600155787100	0.917737482402063
0.300488005898774	0.895416495525957
0.324456027042343	0.921146228687406
0.383628435725958	0.911529680649757
0.442010953004824	0.921261494044159
0.509508347242840	0.910578287971573
0.577612186436335	0.884277862411523
0.651614288849317	0.884290969699922
0.742939748770543	0.886454384529254
0.803032818364569	0.907141938551129
0.859840231245579	0.875173282926011
0.909763473981820	0.890786082865853
0.970434952724128	0.891993653178679
0.038927482493787	0.948075798924681
0.071948780593101	0.970427449494700
0.147520432224851	0.967677450542147
0.219066134035603	0.950939608522677
0.270689314396165	0.957725363802799
0.354126070752187	0.997176077288966
0.429027818912647	0.952165392812962
0.452473684974241	0.967916317451260
0.502937596510266	0.937547858979098
0.564412644962876	0.944316373353781
0.633005611207454	0.938729187517597
0.696710996579312	0.972227906772687
0.807094012225767	0.949758707664967
0.824291501880924	0.972412672818734
0.890761971419156	0.982451480518200
0.945326925897465	0.962012556387231
#
0.019357922476916	0.033847490537178
0.109434320456799	0.019630035928481
0.172681688109339	0.047863937154264
0.205233099598026	0.049919211099022
0.255106748548594	0.012444051844055
0.344420228844839	0.037308076681757
0.427481001386182	0.010566102750731
0.440901711874968	0.046505010057358
0.555146201162749	0.055666691461966
0.588181214107475	0.036208564307589
0.658931460908831	0.058390621516945
0.702201754542115	0.000709471729516
0.761819964990560	0.037002762366203
0.860329909537763	0.060930830106007
0.932812225247107	0.043261054942445
0.994034050118419	0.055163374751029
0.047838909853678	0.090579481438170
0.116882889602422	0.063158756937054
0.152076198929473	0.063923862020933
0.239136330795390	0.115409372052040
0.295299937435263	0.088763416081495
0.319017739313193	0.066958275464587
0.403017417024942	0.079080226151059
0.481730210605131	0.109906193505718
0.510992144251590	0.119784842564209
0.580422689298383	0.123818501509684
0.654332565965441	0.086279155983073
0.726933885069316	0.101244668936414
0.772609177196307	0.065425715497212
0.846221957596420	0.109926311790460
0.931787051084518	0.115988947710951
0.968049443581386	0.105236187965548
0.001698411201173	0.149849265222985
0.078870849236583	0.140803929116415
0.144443325775662	0.136071255069359
0.244493964083259	0.139225281254441
0.250114484180839	0.166438027760349
0.360845376588601	0.186434381379265
0.424216677591721	0.148523157264228
0.498187840275510	0.179917440034896
0.529090515664800	0.174359074164964
0.573108949322628	0.178769381671159
0.649154454227922	0.167201226295950
0.689294339114403	0.131828290310066
0.779480280477898	0.143610234420307
0.848561728265151	0.153856950309444
0.890571984131372	0.171529411669245
0.975326527253568	0.182221764479117
0.042550625493180	0.248391645829168
0.115344473202211	0.216540778397243
0.148163262076132	0.223193345032212
0.213753700116941	0.196773894337070
0.293832149046667	0.233586158017532
0.346505585949404	0.249924637580971
0.376644903081270	0.213353814301280
0.467233770257382	0.225269737196567
0.531215769799011	0.188743033228382
0.593447198225406	0.240546979022456
0.686584374285090	0.221974649751087
0.695187603081620	0.230707350735484
0.782018176534799	0.247470886053045
0.861823110212414	0.225360656005880
0.879140144520588	0.206904595227541
0.938568661688144	0.245866493699343
0.002204124277854	0.269309056287005
0.118025507834513	0.306199959230423
0.128246917986718	0.257246612616523
0.195626029732084	0.295957254023747
0.277532000901418	0.300257129140724
0.344149617223686	0.285333394444974
0.401975436025992	0.265512052068490
0.449683405563627	0.301513676674574
0.515900596659840	0.287548268309922
0.570210088759244	0.304383606560734
0.646718910099989	0.309722120872983
0.748672400528140	0.266370971763709
0.757098977251933	0.263068132614849
0.870066994712704	0.251860471515535
0.885445371461787	0.276855795592269
0.955065660852139	0.279614376522278
0.048506579416806	0.314485854280527
0.115382911853465	0.340973516379826
0.157007529655124	0.367462900843812
0.216108169791663	0.352547532946348
0.271309611421616	0.326093880317312
0.359002310400596	0.333710856988027
0.386341465930767	0.370733696849955
0.459310755313330	0.368422717160062
0.517620884730160	0.339183040289600
0.612216290752920	0.356959095002259
0.640267908765880	0.339104008081277
0.747578441877868	0.346506128517563
0.802273440783558	0.328534265518196
0.874787464257629	0.331172944502014
0.905834562094145	0.331687292452363
0.974281493539289	0.326817733311750
0.040221711586398	0.409469176732113
0.124658306056438	0.434282156958194
0.171002685990767	0.400692573841822
0.237518558188462	0.411732134839807
0.285873361434991	0.404873242783331
0.346200894630444	0.386838354405909
0.419428357690207	0.395478075520480
0.485731643053757	0.389544697860150
0.515775940384664	0.401788376205202
0.587687176148800	0.393440998658408
0.660179737323238	0.381335583051279
0.725372750932088	0.393471349340624
0.780904744307838	0.386722651152923
0.826152940094739	0.422779139317055
0.880551839219535	0.435531346287004
0.985417542786551	0.414516569168078
0.059266905605157	0.438768205640667
0.066933244700644	0.498518901367443
0.185375517801236	0.468387330729372
0.232116181020885	0.466436323061687
0.300803524934059	0.486663573389329
0.317644137817585	0.451547975262289
0.382341349979360	0.479414079930148
0.451789603368214	0.493685635154528
0.538486493716712	0.493218734975257
0.621514346624379	0.489241591055585
0.687442431895747	0.483708273964866
0.729183300407995	0.458786898603148
0.810455952217559	0.491225156974682
0.825395479815871	0.477484340424995
0.894553231763899	0.449051343809476
0.994921052478003	0.471765866438338
0.019779875195185	0.524605495686318
0.098534124693492	0.527431066823758
0.177071415685832	0.551721013221359
0.216146833168144	0.539836375925186
0.256858370268452	0.530760074987370
0.346795349186122	0.529347483803133
0.412827395493590	0.555185462986744
0.488352803423384	0.545134079900485
0.540598573783785	0.510714775477702
0.617886638761937	0.552681271813969
0.657562501183143	0.556568165803111
0.710012379675175	0.561366363719307
0.769024194484582	0.547497897216235
0.830299352314393	0.549304393655459
0.890996058475225	0.554105771063270
0.978188720439372	0.509976703064744
0.019586348124916	0.576244242652609
0.093481501964499	0.581271311243477
0.162290128829724	0.580687426093078
0.189318126839194	0.570838392015625
0.283344919146235	0.604382428088431
0.314234301069922	0.622914521750741
0.390493053480865	0.624193636831290
0.445800186020392	0.586191813816245
0.544819213387631	0.610909245788564
0.579969185117509	0.624923646668304
0.665162002764447	0.583491729373576
0.697783674203158	0.584770745559309
0.803579949800875	0.606899941452290
0.817382161230171	0.584433400295543
0.885201266343403	0.573140572817214
0.983244915998249	0.605367820894548
0.061357161946678	0.677643483793396
0.114640493030809	0.655779879401852
0.136401463550027	0.630614302835454
0.206480605212036	0.673349229601060
0.274099159278348	0.673289079666904
0.368216456072572	0.675844973387044
0.397426043569559	0.668652739778895
0.497124393746402	0.638821525793481
0.513075745245576	0.626844856350064
0.583896879024430	0.685686258700603
0.627631581214404	0.632497103973873
0.740904498785013	0.682633216346179
0.765968800860799	0.648602018152853
0.818590050913880	0.672765487670611
0.883649781100952	0.675057344339452
0.965735278157106	0.653354691668263
0.028460746142888	0.736931327392680
0.075026120469562	0.700606416157239
0.171341831122721	0.723037525073867
0.210656255489019	0.742971241035958
0.255346343184436	0.723007032175783
0.354440978010404	0.695835214255689
0.420710838847028	0.715819036347284
0.479879641857087	0.711386956032689
0.510026697188156	0.738485513717980
0.564434124739360	0.709372535440343
0.670240398303196	0.704828068603489
0.721266538072672	0.692792059243725
0.759861364104404	0.701619044284248
0.863135041273347	0.691284610570591
0.894208873568384	0.720877777909249
0.960655546010392	0.729584294744903
0.056573743494012	0.807162226016438
0.069701535032294	0.776426357543428
0.156247805898601	0.807116316877565
0.217078340843338	0.761949916649482
0.308255858470978	0.786228645688675
0.365888130441515	0.787970899496686
0.412860999562047	0.811138397082369
0.464139479378736	0.791054528725463
0.562261882296242	0.809351122500806
0.589953558031109	0.808966821800910
0.677770571053324	0.785757891609277
0.705807627474029	0.781509358239479
0.757686800514391	0.780477736996365
0.869330750485959	0.773310981827278
0.913527251855942	0.789644317055853
0.956584592543446	0.805569594651593
0.062104680706306	0.831477128832246
0.117218352212156	0.830232943965293
0.159856154518751	0.869564377090327
0.239784015020072	0.863990907045428
0.273931686917537	0.868385743551977
0.327893841505957	0.850529806187965
0.395140532612601	0.826461003820053
0.454382755331901	0.830030846922898
0.513561764473226	0.839753458006250
0.617527483145829	0.859570652344746
0.662146793832571	0.854969535847769
0.701583620382376	0.816510354504341
0.757751597180672	0.812965435907353
0.872390482355815	0.814278727834294
0.927884525238859	0.850886696638397
0.976124919479742	0.838619547785753
0.013683540691548	0.888883914714419
0.073235890146633	0.926349644764874
0.132138198243253	0.908242318612347
0.192517647186182	0.916443914955934
0.251110077821326	0.884576248967689
0.338517415881743	0.935435471604680
0.378978482914152	0.936878664724501
0.470289527970084	0.920892711535770
0.508188045643780	0.920561098416932
0.584358424128000	0.932639610676011
0.649630122183503	0.898666857223415
0.691615300224888	0.907735803288579
0.797106926733304	0.883761176492265
0.862725170370011	0.895945736095529
0.881521600823971	0.912905510582008
0.951280904485910	0.893325651898241
0.046882932652808	0.958840104407012
0.096650471554988	0.998097068571508
0.133926024851721	0.992635134474872
0.225232652237227	0.956630786972616
0.299873738925060	0.950136940871048
0.352233763094929	0.994069119768466
0.428808021357122	0.958935437510706
0.488538661285080	0.977744879952573
0.525822963571600	0.964868851652688
0.565842996657789	0.944614966663559
0.659888578048532	0.970641516622422
0.736413399030900	0.939442725954448
0.778206252208493	0.963183151083808
0.835830973743189	0.994953618922144
0.877230883256353	0.954865791911694
0.953781122854860	0.949039689951818
#
0.058822873717016	0.032980714946864
0.114658210787959	0.020444652594264
0.176412620258963	0.026833857983428
0.219404635303515	0.056201184341614
0.282511715522854	0.054132435818117
0.317578753443104	0.023307066387103
0.437089194412597	0.025652312475874
0.498507383628401	0.050342597239148
0.549265260033837	0.048475627653179
0.610784859887973	0.008045873373758
0.669528720386915	0.014050494271575
0.696840030870945	0.016208203469568
0.774152920834406	0.024998748346115
0.855943081212100	0.011268923425528
0.913435400501693	0.015733212410876
0.982597852092608	0.055393039523715
0.002670014277722	0.091055995267480
0.111500742172706	0.086641075764583
0.138784869140662	0.076529040397501
0.240304107862828	0.119123742055759
0.293721343837381	0.107812751342499
0.352915830657681	0.064833496726894
0.411263173265328	0.083455952878798
0.474854746449239	0.110331335130690
0.505690895371533	0.104155277581107
0.585577507450496	0.115657827756521
0.651734000310938	0.124311233754109
0.730476899198950	0.116849363939685
0.762406152763266	0.090770302114140
0.873313045783623	0.068909927229143
0.911803538061051	0.116655614399737
0.938287591110749	0.089791134399080
0.046153784740286	0.161113372066434
0.064681690885262	0.184313419390659
0.152386158434648	0.139250772732019
0.237906671373734	0.130451826205349
0.301524035935645	0.167953415638291
0.357606577333670	0.129702099600039
0.382471340986661	0.144205073903246
0.439301082588337	0.164263524153331
0.514853254691664	0.177649904782337
0.580825276546140	0.173856180085301
0.677138180993413	0.171564828120536
0.690054905237643	0.181675153608475
0.771660700852904	0.160317875671391
0.863993212607222	0.165408141207394
0.891465018521753	0.181758787408881
0.982465878590584	0.179354518562754
0.006770629466458	0.218774531436799
0.079747119820618	0.233328296813608
0.152029705021887	0.188217906310623
0.213843626340116	0.194663553558561
0.308570357955427	0.248416638350677
0.367247666696144	0.222048693562869
0.399630169171637	0.221551159884909
0.460606697326434	0.208793883493355
0.548409784864264	0.249922685266920
0.602674863601610	0.187581260441239
0.679220641131797	0.189120716997800
0.730203975904198	0.188288844860110
0.771785305366918	0.196565625769218
0.847683694760242	0.235113071288823
0.899403231515177	0.190629389501556
0.959500687507563	0.244381175404270
0.038059515538174	0.263130923357823
0.109106950821962	0.257203029353917
0.183067764285502	0.282665236744253
0.217532114089125	0.296403890879337
0.292989052783928	0.291815566083373
0.355727967961744	0.268865982162269
0.431157715049609	0.310617697279229
0.448852458374773	0.252241054288401
0.519126452975703	0.281490754881872
0.622103115819535	0.265304403674161
0.628868103115556	0.257749726080859
0.698877526333411	0.299853982779280
0.768015000216666	0.282370059627544
0.817210064343459	0.312029059583328
0.935398902146937	0.290181463739178
0.954671137169858	0.267965662864844
0.010465215617550	0.365378212094162
0.109786337077917	0.316202654227662
0.130819678744492	0.329540407521892
0.200915374301471	0.322341812354825
0.286857059554164	0.354403720916459
0.324329620229972	0.345403358449788
0.395520938172243	0.366513900500493
0.462826302397374	0.333754319862638
0.537753389967897	0.345862104652534
0.609055507167721	0.348721050869492
0.655806393573481	0.332569639581505
0.709279047359428	0.329029808756087
0.807971510845928	0.373503556096345
0.839665894373824	0.316890490446098
0.937253268872097	0.322286647543029
0.938324377901346	0.319648107952007
0.006633569735366	0.378703800074571
0.113616180909126	0.429627344941750
0.163027831114719	0.412988737307137
0.217243058279213	0.403890934517582
0.300778365050973	0.427347371454199
0.320063775043251	0.419655077577255
0.380222271721629	0.414753494167759
0.484776998022519	0.418318090781294
0.521481149864029	0.409300446198159
0.565425825829833	0.383236940631931
0.639697331080026	0.422912981881623
0.740054352133897	0.418379026533426
0.801515233554881	0.434625690205634
0.817929410449678	0.396694611894012
0.889923620405007	0.405922357727755
0.986962002131497	0.408568097228084
0.035066923454885	0.478854925061193
0.123495189167092	0.440774644827651
0.157292298325289	0.464096657763374
0.188765327169971	0.459118930307827
0.299733884163954	0.465987653710993
0.353308539235920	0.468622168271365
0.434742220051061	0.451146469934878
0.446395352470315	0.460471004398533
0.506643260641523	0.491054590294616
0.603848402398021	0.485649233389564
0.631777950345836	0.479460578305172
0.713379674524390	0.462000335819787
0.757010586837891	0.487878156706662
0.830550968360168	0.497091461292489
0.913775019691390	0.470047002869553
0.966926685381198	0.473316605749614
0.014447833065513	0.558446809197414
0.122491111992856	0.524915606414996
0.126605054363982	0.505713078791325
0.219238633704777	0.541025791414088
0.301343531185143	0.534373686322214
0.321354499408941	0.511755394009933
0.429703910440370	0.533489007132242
0.475505164804171	0.508644069488776
0.560104985269742	0.501056116714854
0.562564311010662	0.521134195577734
0.649200978825498	0.530325282255729
0.688708689224140	0.512127945580782
0.782167510297072	0.541501677619294
0.820398573387158	0.520133086979653
0.906440812432310	0.546079624032970
0.999882053336450	0.538836330169890
0.037350251842837	0.609326171568671
0.083625297911029	0.619777228609258
0.149048359124350	0.600188369624128
0.195440969388103	0.596396003581210
0.252996586831402	0.612845804583129
0.372059892716831	0.615715143137662
0.428758000487289	0.618979518780596
0.438658419996770	0.607105706712372
0.549023828233248	0.587947286511293
0.617082713679313	0.621949665553274
0.630174033621483	0.580931876019093
0.742579105119239	0.621333045825905
0.759728080755386	0.613683141212371
0.873614918120116	0.577308573268775
0.902270014302286	0.574672539488453
0.998916212294464	0.595892500591206
0.030090143561850	0.631216290903095
0.106631478887082	0.652706370040590
0.148417137568681	0.632274123288755
0.226244650659208	0.634371422451658
0.251566244158676	0.627369533759162
0.356979608138669	0.646901847828855
0.399991699747623	0.664268867558397
0.455913390721174	0.633091646175736
0.539131187551918	0.625472418178216
0.590595442502665	0.673209698183511
0.651199791790266	0.654438479781253
0.706730030874426	0.686059253275408
0.764624238192249	0.661512490254015
0.833754559052469	0.660284022183107
0.875273463505500	0.675929108835624
0.999853356261121	0.634318958635400
0.031447957655519	0.719195092395343
0.114799482003390	0.696820299099623
0.149194387506390	0.701048345308180
0.211075901888794	0.736339723775475
0.296728828277958	0.700892134921949
0.329227108002926	0.689915431038224
0.402858174980003	0.731684826019147
0.466674533548456	0.721447319193149
0.540726428759104	0.741532706639039
0.608539769378500	0.717366676246134
0.673902999853926	0.743581487926673
0.744250082671468	0.709063313062434
0.808160324448990	0.700576480175503
0.864622460995946	0.692076963766496
0.890389852753233	0.720885380368187
0.957670252600259	0.723861510524610
0.023433327665770	0.793183341254057
0.075456861918898	0.761724012353626
0.153442168687690	0.793794706401251
0.210455224447175	0.769813747921100
0.311768759551171	0.794737353247413
0.365171340684796	0.792894707507895
0.377167715284081	0.783898539543477
0.439591618750033	0.789100670468551
0.512490818309013	0.771016822943584
0.585237117169364	0.793987516556864
0.658647628028679	0.811654970777257
0.699805030674861	0.776904789999105
0.789859964186875	0.790409430739914
0.837659209390441	0.763040376408151
0.922894356012203	0.783186837078116
0.953183649970028	0.764993935695964
0.049090802695507	0.820884861548754
0.122219100884911	0.840268416074749
0.143872597666660	0.813669831739662
0.195983146552109	0.825909928101676
0.271482242931142	0.862251436436724
0.337119021837045	0.819784292530917
0.413334912221957	0.870601494766446
0.483286997081197	0.847810054686342
0.530005525528105	0.829585025716709
0.571452842023329	0.813736099386293
0.665862864998836	0.839744147807300
0.718546876574645	0.833024667522526
0.803592527937981	0.865649393379141
0.851198053927789	0.862876216980018
0.919182963606828	0.819970727128668
0.995069868235749	0.865959294240097
0.046484845992291	0.885392219208971
0.079297916050837	0.913297000379138
0.176142787470865	0.914239452491570
0.223012593932336	0.902780271927542
0.269528332665686	0.888518679468198
0.317519261211860	0.934132095978510
0.401916867302944	0.900717633258486
0.481703322332865	0.885425636081590
0.561565396855950	0.880528236784280
0.580259140497716	0.876307598591970
0.653835920201693	0.913048516778636
0.705226602342498	0.880002591323574
0.786201455944381	0.914771348087180
0.845253017913260	0.920340526321167
0.880907387081163	0.898592559437056
0.965844874669762	0.924063661860201
0.059164689212727	0.977571574834891
0.096977285088384	0.971195935206766
0.171788185743915	0.942275524256932
0.233476594726899	0.945092764757595
0.268065344517367	0.998941038298407
0.342913346444935	0.982156526758838
0.379293888415395	0.998033016686801
0.484638569436418	0.990779327241070
0.530446715179818	0.988417571233217
0.570674058488378	0.987007499247442
0.664347648687974	0.995801296578907
0.738950216572604	0.975422247088962
0.769009158077885	0.980264791995931
0.831513186528234	0.968398826727853
0.927855633589871	0.946243222877673
0.969197195365372	0.983656622174582
#
0.020864846815440	0.004997151715797
0.071198462321469	0.026824349660153
0.182070767680316	0.021780751330494
0.244995477215269	0.033421964945370
0.263890284204132	0.057776407599514
0.352304112990341	0.051890324129348
0.397930433295069	0.032266399379532
0.450133149980715	0.053998529690783
0.534111831228741	0.021441228547236
0.601955154410553	0.061371164527110
0.637981896349923	0.050687840569459
0.717899555434799	0.058418221348761
0.765834713125563	0.052842269765758
0.859162631848399	0.002910856260082
0.922115285382517	0.009615452278432
0.996542587104263	0.047482994570742
0.053146242729422	0.106766541193185
0.095253842759471	0.070146131258259
0.163746839165396	0.113217989998688
0.190004249947961	0.076858899501236
0.300261380788349	0.077944527660251
0.346756789550245	0.091754291460792
0.423375792332430	0.081538468458233
0.458029808015686	0.102685156607811
0.554943356864956	0.079173855851212
0.614010882241188	0.120742318146686
0.661511272855339	0.096445954543642
0.689336838404843	0.095965400578795
0.800798066336032	0.094005002662075
0.838793861161986	0.088991883755427
0.925189910730158	0.104599849054264
0.949920588350487	0.066166761579496
0.061276332765998	0.150755665823993
0.100977392192226	0.170295995961711
0.144411917081897	0.169263597573564
0.230624463200947	0.140061652873424
0.300680944635109	0.167059154172209
0.339773260165186	0.147493685353546
0.403903422258190	0.127115433570490
0.497710236216711	0.147592540719219
0.542031444240602	0.174545654500147
0.609681519967197	0.178911124936168
0.687448270997253	0.149202588296426
0.705176655658329	0.174207138083691
0.767450497315137	0.146331765402884
0.840506036583219	0.157928340450262
0.900547091520402	0.136625922811596
0.969856406977017	0.131220251454208
0.022209009204458	0.201533245173407
0.087065019417686	0.189796487481170
0.163520792624569	0.201784233740597
0.220872381855355	0.205528993323801
0.262589042179773	0.191048653738934
0.363069436146312	0.211739193668295
0.377451529072121	0.240188379013023
0.474802562364448	0.242590978245156
0.517045346718409	0.221047549239837
0.597413303920746	0.187951685744443
0.630094823646963	0.231400460626208
0.728247299348760	0.222609106139305
0.767695525446952	0.189100935357064
0.829541766859950	0.193875030353986
0.919988313540231	0.222456974087389
0.963867874734888	0.190666386087115
0.025174135464517	0.283264388046987
0.079615856248330	0.271655723617681
0.177290236298528	0.275372271402826
0.224860803960441	0.295595427199871
0.305009601737840	0.261170503918820
0.364920751975132	0.280226258291566
0.415258892893968	0.264149300684605
0.465759573889258	0.266737763235401
0.537882203608840	0.296748419696057
0.617346477401989	0.259451537147852
0.625744883378675	0.283660973459170
0.732549406423943	0.280642772886353
0.780679563067546	0.278646221871289
0.853138525819671	0.306003996009474
0.892898302558553	0.300058671983438
0.996944621466553	0.263970609393779
0.013518049821378	0.317390509576628
0.124882291929653	0.351494363911099
0.183846231592783	0.318609316820188
0.210848430802778	0.371184402290076
0.296268591144185	0.367033479369603
0.320424761712301	0.361311892902900
0.382441831128658	0.346160190740754
0.483835531147508	0.371490613512926
0.549110714372157	0.371121386836428
0.590740813210895	0.336020067514274
0.646550524606498	0.314577817364381
0.701155234233280	0.351157060280362
0.751600462012366	0.323274345969147
0.850403653073684	0.350365103012967
0.919388589677841	0.334231262405922
0.945249067781318	0.366246909526816
0.044945525845384	0.416514434934131
0.101402803988057	0.397640601271447
0.169524118663865	0.432853674762383
0.198090300883188	0.409069595546245
0.252151491310133	0.412577323042224
0.353924699923122	0.385593168774641
0.416634139876495	0.413716648816181
0.466189752863415	0.381657693274705
0.520945514309789	0.375557327148402
0.607035816686585	0.425889892981129
0.658710585958606	0.399689491261889
0.732773235267441	0.389421429153746
0.761423085280443	0.418484498174741
0.823111030959550	0.382990135114638
0.877035554862706	0.406424703287525
0.973189177028995	0.432267196358826
0.003826652028674	0.494135962550444
0.124511400295773	0.496371137777779
0.142027232348809	0.448361300021843
0.248862694774024	0.485273270980751
0.259851333411027	0.475340149985356
0.372876859924378	0.477221077055373
0.430129454906012	0.458338868416226
0.438520480151293	0.448768746692517
0.507807263626090	0.493600939006102
0.568180418327260	0.465252371205774
0.637545408538437	0.477075605807960
0.745779407020491	0.486597362757101
0.803856191106922	0.445370127055880
0.857692291475877	0.499732202209936
0.918213585416254	0.476225705127866
0.990075750172272	0.453452426652879
0.046835982135226	0.518342516301978
0.072461358259307	0.527457745402925
0.134632875985031	0.500880167645142
0.206975087819033	0.501519064492085
0.263318352535325	0.550830581892126
0.339188698394384	0.508194069234467
0.381573361899139	0.561236272740349
0.442377358123166	0.517621319512283
0.522867984216513	0.543604052708508
0.598002020510729	0.556275336346886
0.649612197789157	0.527211036917803
0.709013917110049	0.508707688075655
0.778981839022362	0.509891006181108
0.863450454239722	0.556005827964634
0.875655169802638	0.510142962101415
0.980730513761107	0.530437198358224
0.035380341993966	0.605332419708216
0.090117315695416	0.619738410502262
0.159205937125768	0.612004147504807
0.199925409865665	0.582254802303448
0.304391161987882	0.611879874003208
0.354842272800706	0.587203854889889
0.384528767203337	0.597404397377373
0.482153899745237	0.601988967138922
0.551452509619750	0.620575814172178
0.565722311629383	0.569025392238173
0.661588147771332	0.569837424178221
0.746594232709984	0.614506440656727
0.782964624894193	0.593300845146482
0.856575085297012	0.621649353385821
0.884069253721756	0.624239331489485
0.970809405269872	0.586018664927925
0.057906010929240	0.670587260708699
0.069959565853341	0.646182978108684
0.178000283716363	0.653154571998318
0.233585324585690	0.644113871520761
0.295546463381161	0.659973440146999
0.355823820321430	0.647228773339239
0.390132039497870	0.662646121310570
0.489272767704509	0.646979033704726
0.545186900733432	0.634125803512085
0.591432082750004	0.648718707239888
0.653809946313573	0.680997156725730
0.733658473585653	0.658799044752097
0.750454722394458	0.685309881809589
0.863750023575558	0.658484913329241
0.932945511913962	0.687445557865418
0.995692709256125	0.664949689811899
0.031191989684871	0.696379152812618
0.082743472715431	0.693056812831330
0.144850085144828	0.715895819091447
0.241559905463727	0.715996499500120
0.261329345946160	0.706824522251688
0.312817959595196	0.734850569624652
0.385762437365661	0.709615958714186
0.442643630188574	0.718027445713065
0.549906152312156	0.698961453165734
0.586700072081108	0.726290542539510
0.642187571215254	0.719518916863487
0.708033306616250	0.742775882927299
0.770961969295391	0.707879177313968
0.864905031235517	0.708058160705389
0.891325709821267	0.727700830926816
0.955783169458919	0.695873992810579
0.001882410652326	0.760986393814903
0.072010582213292	0.798825188405771
0.142492750576346	0.778618032323108
0.227012411482169	0.797258797811172
0.291913590549238	0.791040241218531
0.324003645905527	0.765579345537834
0.411039478983390	0.789784196322384
0.463161768659638	0.783836053823199
0.518455035508600	0.773757603519773
0.577359233113206	0.807896694371103
0.679868156103154	0.788689267495924
0.731502792153392	0.771778907282692
0.776710559256424	0.771268852976795
0.843903178400105	0.812454735845666
0.910924012344546	0.761102041072120
0.937858080957168	0.808963032758670
0.034403983773525	0.815216695046452
0.082855056146592	0.816115593116524
0.161518275760817	0.871104155957257
0.237396579087339	0.829370963827677
0.259287871291579	0.871675179470138
0.348310244045176	0.851840795288873
0.417232624235850	0.853114096602801
0.479856833097841	0.824407614100936
0.545963921201989	0.833445638233899
0.565290244456914	0.835910619591226
0.657364209495686	0.830651908797014
0.728652863132570	0.853523200270958
0.796382583339322	0.824074123974208
0.834863768837499	0.845004688184709
0.901949659738329	0.815535301154138
0.977170951091608	0.829648398274358
0.044180747219171	0.882431251158689
0.080335861527206	0.925141322598243
0.152783691627622	0.935277797528607
0.190437683836310	0.881052037789731
0.274355387975661	0.907524965376366
0.361786034173399	0.936434871051212
0.396185115799584	0.926070703540130
0.488362433953644	0.913512614506416
0.521761250847313	0.881149441470892
0.585559797085719	0.900793882471228
0.640159150894652	0.881875566586823
0.727990274166919	0.925294657875270
0.754403785570619	0.905146367840387
0.863592782026062	0.932993251058039
0.903296384865138	0.889077742805606
0.967841239056513	0.935176664875512
0.009759737020885	0.945318148516891
0.064143374460783	0.945808444377805
0.145850760634255	0.945503851648072
0.226702337045968	0.955198429223429
0.271814935045390	0.948257050624992
0.321723970630375	0.982421347634499
0.399069259720056	0.971374641660688
0.489068594147467	0.975643857784021
0.514223954774608	0.973320456128176
0.608885177421939	0.947941363238599
0.667097614622232	0.992253528920643
0.719791252129895	0.942397382227913
0.783107202144015	0.966511806683618
0.820312674188244	0.973129709070346
0.896235092329731	0.940318012246936
0.955305717860536	0.995498476257897
#
0.012411136241260	0.031859562492315
0.109363157822369	0.043523855677579
0.131300425886014	0.010645561213755
0.197528737774125	0.024108813164432
0.307605853870652	0.020550157632225
0.324447062931593	0.051875072005059
0.420296732914354	0.039885335029076
0.449014548593321	0.055069768668634
0.535620519157527	0.054246541445434
0.598386990831556	0.041456055647916
0.680885422318449	0.041137914677648
0.731440173414056	0.018494044522171
0.766333219802783	0.054816065718144
0.866872028256620	0.038252289488621
0.919350767998689	0.037288642890004
0.996870186120940	0.000687925450780
0.020536162968035	0.065934402781640
0.115415035293651	0.066391882502099
0.167840582444994	0.098859947983609
0.227648374546587	0.087263216896044
0.256773142276628	0.084029184135499
0.357231600875322	0.103959524533469
0.389898275450663	0.100776474931807
0.450016687248721	0.074696381579199
0.507950330198614	0.104861034352184
0.600535081460964	0.099346904689294
0.637223079221375	0.113047549323656
0.715785423343951	0.076616690162713
0.789543538218025	0.087820137987803
0.870084140623241	0.077854128034169
0.926817035154513	0.075593637291015
0.951608291568493	0.081723770669597
0.002659729464250	0.139294986252625
0.086102451930894	0.145223873875855
0.165911692640724	0.181742798273741
0.200671340865821	0.169394333566165
0.266761564551681	0.184226121927315
0.363572143583110	0.153065436831807
0.395874080092966	0.148779529225146
0.494189101881159	0.179427618479106
0.528525945038657	0.156428764188646
0.617669733821570	0.185808021109157
0.687497953404090	0.133254858667090
0.703413171857459	0.126364485142721
0.800227001524816	0.135572837813658
0.821295951946242	0.127960850470807
0.879234648441601	0.138336403967891
0.957860660336530	0.182817932784748
0.044275830350066	0.241280919608260
0.098889246766080	0.230335843250001
0.185691249672834	0.203337864139080
0.223818234205553	0.212800578380190
0.269610701264374	0.235842300735727
0.330626362356852	0.239749088473560
0.424373005266388	0.203497249520383
0.472008444464185	0.190124753237498
0.536627130736976	0.246886895022911
0.608423752197047	0.211431130059397
0.635755138023117	0.245263891278944
0.741828280557373	0.200592769196511
0.760507943111124	0.195288502030957
0.834394372873799	0.187687113313630
0.912188334297316	0.203662233096236
0.949859380623060	0.200952091941366
0.030021665130048	0.261430035769923
0.066205166601274	0.301031357358683
0.136040219093799	0.285755856407517
0.235135162362162	0.300688838263319
0.307557717983159	0.291685670784019
0.342469393602798	0.258444318564363
0.404982908373927	0.252328782895889
0.460394580082594	0.270789396124494
0.532236500301453	0.289993773951427
0.609262716952772	0.273730379854965
0.652321130611194	0.264905267951522
0.745751893190493	0.302973146111582
0.769170246397068	0.274961473615249
0.825142599412390	0.301151660690352
0.880910749257521	0.257956668794611
0.980058047682992	0.307302043335466
0.058653695216904	0.321889722969357
0.106879222886492	0.324672714373370
0.151641021794440	0.319461765729813
0.206890442907901	0.368750874009857
0.254051218013990	0.355802368106274
0.374885401673938	0.362011432964823
0.409356329947327	0.342968175907845
0.438252606342023	0.347202789963270
0.535162628651052	0.323088989581002
0.624792100890724	0.340281153569878
0.680068697225668	0.327640173436408
0.734810552250666	0.331426953770320
0.795611162462298	0.338371680240583
0.861055069614331	0.313498306437628
0.929420120051811	0.370651882635581
0.978401922266558	0.313076591701381
0.062064410463689	0.377835903783058
0.105440939772045	0.386298623622581
0.141932479473630	0.421339185657292
0.231233890091240	0.401061206043479
0.311700082165585	0.387244063810735
0.330883410748999	0.419820030972436
0.409834958300887	0.415632736354748
0.468767792779549	0.395888351447272
0.530078572970251	0.384807768542042
0.572549327031604	0.378722526745108
0.656853137530702	0.404493178698931
0.711682873172495	0.390246852290059
0.804556619897964	0.390291247316704
0.860089762511218	0.423721030409499
0.877379231737549	0.390704753535847
0.974995195641530	0.388510722975715
0.039013657786188	0.482534827383942
0.112447514719667	0.496863410880175
0.126673053615767	0.497839772069207
0.237080758725545	0.475524133312987
0.287046617560449	0.470218271985119
0.372483821919883	0.442962813075972
0.423829036339612	0.461795325149269
0.446803741057358	0.470453060545366
0.551141321889274	0.454456260664611
0.610407038821235	0.454732021015308
0.668423629594251	0.476827654370998
0.702840249072258	0.467312380765754
0.786368737558687	0.443979857563735
0.838721861734223	0.445604857131980
0.897252832355386	0.496241196145127
0.948323424544261	0.495104051645054
0.006032399281634	0.537354395617115
0.071288932437028	0.510733099889647
0.172261470095781	0.546381862306474
0.209188594997206	0.531855461020455
0.277177783230361	0.501164510991928
0.328674901731702	0.512993192434193
0.406364166461598	0.514498442720389
0.480085282188977	0.516982367062471
0.534977411815775	0.524399357940862
0.574485470107055	0.513241360083511
0.674755626340573	0.507302982821665
0.689103820594401	0.518010761403830
0.794452444384096	0.507812561250830
0.862808769347684	0.533601769428607
0.923944768900155	0.514571510622527
0.966227676449629	0.530629780310702
0.050525654846692	0.571565365071656
0.099547463943494	0.608079407825852
0.142595648726005	0.606886620934677
0.213998566722497	0.623431818195603
0.258507136024653	0.572094270277790
0.325240865018042	0.583781834798581
0.428746071249187	0.583590589599589
0.484035619050622	0.595414428018945
0.555299779864214	0.564322712540585
0.607040322323339	0.572195528164668
0.648138494774615	0.612937169248573
0.718080721889991	0.563520655952981
0.762320653392775	0.612021744655683
0.869493372373281	0.567502117920667
0.882918274774081	0.606794132963241
0.963938484716681	0.622245376317819
0.040204157290911	0.646600359211816
0.064561909428928	0.672001138456865
0.184633915064538	0.642852261331946
0.230185948831538	0.658802373837401
0.277721453741012	0.653376300534787
0.316676861520199	0.670390137962040
0.380784181748350	0.648710592146081
0.438993448581079	0.660822123079170
0.554397128098504	0.647272320003778
0.596927618892381	0.660936417066477
0.685226838467695	0.672708731432261
0.747530090170919	0.663396114230481
0.751071612030750	0.637531758871053
0.818149476211553	0.634677013209946
0.884185312303408	0.678018505057091
0.971353700668866	0.675224311108520
0.038708402376787	0.732035329503015
0.097869461847090	0.736589674747453
0.165963126181383	0.703886784093079
0.203002242971678	0.694445215705653
0.279841406627056	0.699757334793629
0.336706868640428	0.714181776266587
0.389573377473180	0.714264964923906
0.494169993193743	0.735976908716484
0.500607915717551	0.711327794391855
0.621743789393046	0.734787168254211
0.650356237214957	0.716380774937892
0.741765178490725	0.697831412153978
0.772131595707529	0.706192514237760
0.838586429271052	0.743885384521886
0.932410856678595	0.696345336140680
0.953730726021745	0.747857630150476
0.026273317612073	0.776752201657335
0.091335378055539	0.800049305672303
0.175190552294997	0.781596837878250
0.190012668827552	0.752263910181300
0.284296474602142	0.750717289498592
0.315968933516058	0.750835657134497
0.424034093096045	0.769578190263030
0.485321550146402	0.751281224104176
0.560008071740742	0.768440914024469
0.578108589779727	0.794654130247574
0.646769656077206	0.775997599636553
0.687716636108285	0.795351386953926
0.753854593626772	0.810424648297584
0.822821645723381	0.781470724854495
0.915398254519770	0.793609382391118
0.939065274826499	0.796597279109782
0.046708287100007	0.815075735911395
0.101871761065994	0.852801795956400
0.185958904417571	0.845758439616942
0.249695146936503	0.839324381528847
0.261116951910340	0.872399737985083
0.354304370494630	0.859584931833573
0.382307023626591	0.836851810983930
0.446726760523563	0.857425562407571
0.558810960267743	0.819201758191153
0.622723931649868	0.853589686210870
0.639022233069763	0.840755017888326
0.749343777526366	0.833740765874097
0.804100260238419	0.822366734314097
0.847792822250117	0.858622216688497
0.887573991599510	0.835007613282652
0.980942226519911	0.859033415745137
0.044003338766984	0.916999443036504
0.117692110592661	0.916191560458669
0.163819759001797	0.899503602651996
0.198641692698268	0.892060786882546
0.263290473263080	0.913881998547325
0.361157488031000	0.935887428072953
0.420728509543284	0.907457980276658
0.445378560982151	0.901482969412227
0.511774336878274	0.928719032611982
0.566516615043864	0.882252968034533
0.645180811135257	0.933280760173984
0.730784237991503	0.908800396988820
0.770900935434248	0.908477337252925
0.856734882744899	0.894734243052018
0.912656551250293	0.920912376659320
0.983404915062921	0.891354144205422
0.029490494903757	0.948321958831703
0.109896877005789	0.940085103110197
0.154187208746836	0.941994332520290
0.223870402050407	0.946539147715443
0.272101303596772	0.997213147885565
0.343268051546944	0.980465679381268
0.405490630866375	0.979230994819484
0.443583251778871	0.962960945477351
0.528465859976938	0.956447092616918
0.582463027171898	0.951415005419733
0.676707284085966	0.993484016841041
0.730178254535463	0.980499413180048
0.806817177681792	0.952809216647365
0.819497108562965	0.990983577021045
0.887273273637349	0.970755001916144
0.966275356891280	0.988126559413068
