0.571380 0.195684
0.023967 -0.225142
2.159256 2.508319
0.926880 0.507410
-0.365352 0.023581
0.577449 -1.173408
-1.126412 0.747881
-0.473090 -1.059083
0.913385 1.393186
-0.525329 0.999787
1.057578 1.554857
0.062902 1.563183
-0.419064 0.177191
-0.650916 -0.729908
1.484929 -0.295788
-0.983446 -0.308195
1.285064 2.813375
3.271734 0.525726
-0.057619 0.750960
1.992968 1.977391
-0.605136 -2.267877
0.688188 0.701572
-0.803992 0.471157
0.562439 0.261884
0.789300 -1.821633
1.092769 1.599289
-1.009187 -0.415032
-0.823260 -2.341849
0.560234 1.427354
0.843868 -2.462483
-0.494110 1.240372
-0.754463 1.100467
-0.208268 1.839271
0.580790 -1.672119
1.803686 -0.010244
-0.381281 0.524030
2.318697 1.859127
-1.600465 2.193195
0.672649 -0.708189
0.286692 0.982449
-0.425009 -2.173345
-2.386255 1.137597
1.239680 -0.452487
-1.578225 2.409066
-1.748593 0.817502
-0.298045 -0.841709
-0.525779 0.737456
1.441099 0.634230
-0.638042 1.143832
2.095159 0.948863
2.399611 1.878538
0.311497 -1.140940
-1.978980 1.832312
-1.275351 2.320552
0.971931 0.657191
-0.399525 -0.443201
2.098624 -1.244448
0.793432 0.003411
-0.346376 -0.204140
-1.415791 1.479767
-1.272948 -0.712152
-0.316226 -0.322191
0.795301 0.139555
-0.775635 -1.855703
-1.725292 0.950495
-0.290875 1.155650
-0.189646 0.002021
-0.192235 0.156471
-1.443086 -0.227317
-1.406653 -0.732719
0.717622 1.355478
-2.114359 2.594757
-0.236969 -0.112762
0.948994 0.733584
-0.826557 0.440077
-1.368840 -1.929451
-2.607770 1.112644
-0.542720 -1.340294
2.415382 1.370196
-0.274486 1.224203
2.047343 2.137233
-1.159283 -0.023579
1.845623 2.140443
-1.105543 0.391503
-1.426771 0.563873
-0.372518 0.347533
-0.451198 -1.025955
-0.523185 -1.715247
-2.721532 0.226270
-0.298610 -1.701112
0.307508 0.658621
1.416884 0.085473
-0.586376 2.543543
-0.320571 0.945923
-0.455146 2.268187
0.434191 -0.513674
-1.858646 2.059280
-0.444583 1.939545
-2.322831 0.457881
0.221885 -1.272732
-1.015995 0.466633
1.460926 -0.803565
0.765977 -0.531176
-0.756399 0.683805
2.425414 0.694252
2.279106 0.712388
1.239697 0.563327
0.374221 -0.703383
-0.181766 -0.898047
0.410654 -1.981345
-0.707603 0.804676
2.039322 0.543317
-1.720744 3.088280
0.186240 -0.476629
0.818465 -0.602848
-1.641261 1.980629
1.564101 -0.700819
0.028269 -0.176967
0.384675 -0.674157
-0.273858 1.046489
-0.415430 1.105398
-0.925629 1.485539
0.426482 -0.637391
0.163401 0.512446
-0.241053 -1.155937
-1.480727 0.946647
-0.328975 0.318191
1.051405 -0.254303
0.694739 -1.480365
-1.961363 -1.728729
-0.226000 0.136880
-0.220382 -1.006624
-0.019901 -0.430162
1.585377 1.584926
-1.414536 0.246675
-0.777861 0.419961
0.099942 -1.239026
-0.353660 -0.506284
-0.024775 0.745179
-0.128669 0.944276
-1.169249 -0.163742
0.305968 -1.834681
-1.620319 -0.936445
1.135385 -0.696816
3.275129 2.730597
-1.672555 -0.116747
-0.992295 -1.246100
0.137432 -0.399087
0.463293 0.240387
-1.436078 -0.831771
-1.937368 -0.287850
-0.028803 1.231352
-0.781151 -1.580689
0.775764 0.612119
0.887467 0.589529
1.654277 0.721815
-0.105827 -0.477779
0.464965 -2.443834
0.173880 0.307747
1.395530 0.766992
0.425758 0.841546
2.433394 1.278504
-0.005051 0.977306
-0.003203 -0.551933
0.557632 -0.215565
-0.537539 1.568114
1.469117 -0.286830
0.984441 0.797006
0.592560 0.667832
0.433027 -0.589592
0.367979 0.211534
-0.978275 0.903512
-1.480362 -3.288082
0.644839 -2.372859
0.189952 -0.681149
-0.120219 -0.635995
1.590369 -0.396287
0.201562 1.881618
0.181476 2.153533
1.565712 -1.102885
-0.257571 1.215136
-0.188415 1.547316
0.741151 -1.234605
0.861335 -1.818950
-1.008253 0.258521
-0.821727 1.353550
-0.020058 -0.858906
0.501597 0.185131
-1.074494 -0.224499
0.626149 -0.163490
-1.703447 0.229718
0.186300 -0.402994
-0.623507 -0.226314
0.303963 1.623888
-0.363451 0.209090
-0.313625 -0.829483
0.738130 -0.575034
2.225907 0.118672
1.426497 0.997769
-0.742033 -1.279107
1.230283 -0.104119
0.011162 0.419358
-0.485742 -1.353180
-4.213083 1.060652
-1.387029 0.708359
0.312368 -0.301612
0.398708 -0.051661
-2.626936 -1.532139
-2.875690 1.989650
-0.544207 0.525826
1.908865 -1.513334
-0.207715 -0.423939
1.038173 -0.428085
-3.109104 -0.589585
-0.201136 1.696001
-2.081745 -0.257781
0.640264 1.068699
-1.016708 1.986291
1.012073 1.543776
1.823691 0.662895
-0.550087 -1.169609
-1.156011 1.046616
-1.172201 0.270048
-1.557462 1.417859
0.191346 0.744258
1.207600 -0.922471
0.304555 -1.701015
0.417633 -1.302900
2.106230 -0.521486
1.700136 -0.223992
1.631587 -1.227345
-1.912114 1.146748
-0.496843 1.314818
1.347663 -1.627296
0.107313 -1.198270
1.146851 0.349388
-1.927260 0.725200
-1.796451 1.531505
1.909694 -0.787458
-0.885032 -0.217646
-1.938356 2.761630
1.411610 1.208489
0.760063 0.562684
1.332190 -0.521446
-0.453802 -0.267682
-1.916857 1.330690
-1.892161 1.331926
-0.193704 -0.265292
-1.950722 2.093917
1.274114 -0.004219
1.301927 0.904201
0.428212 0.157811
1.197669 0.995240
0.324632 -2.156981
-3.008089 1.655810
-2.252548 0.307052
1.038825 -0.046707
-0.264001 -0.654057
-0.007944 1.116991
-0.876977 -1.192953
-0.767948 -0.587916
-0.425021 -2.630677
0.377744 0.117648
2.351828 -0.030772
1.854928 1.165201
-0.598431 -0.694120
1.041892 0.274090
-0.088912 -0.678397
0.306046 0.038140
0.167066 -1.578914
-1.593380 -1.492682
2.082122 1.671077
0.961685 -0.825204
-1.225078 0.659411
0.930546 -0.554685
-2.187535 0.516987
-1.869228 -0.941337
-0.052886 0.381064
0.172612 1.489713
2.808880 1.186879
0.077394 0.043423
0.132319 -0.411218
-0.287708 0.025490
-1.280530 2.434279
-0.449027 -1.026205
2.242758 0.626522
0.189903 -0.837602
-0.452061 -0.389060
0.494260 1.016513
1.297187 0.022442
0.685031 -1.097883
-0.272667 0.475503
1.217177 0.464404
0.811709 -0.255973
0.330691 -1.779703
0.145746 0.199965
0.720294 -2.820243
1.093364 -1.491260
-2.082233 1.086996
-0.980387 -1.910809
0.622529 -2.667532
-0.627345 -1.523558
0.683708 -0.306846
-0.240239 0.556245
0.094709 0.038957
-0.171147 -0.661288
-0.514941 -1.122429
-0.061761 0.154618
0.543792 -1.139678
-0.124635 0.433735
0.130317 0.066414
-0.994978 1.196107
-0.723287 0.197473
-0.137889 0.713923
0.239940 0.583313
0.903762 -1.580175
0.422139 0.364992
-1.649139 1.590074
-1.150325 -0.906232
-1.031511 -0.864548
-0.865247 0.325997
-0.853233 0.443156
-1.656368 -0.908742
-0.557226 -1.352972
-1.502187 -2.094249
0.365088 1.242393
1.238616 -0.199756
-2.421805 0.812177
-0.636356 -1.107581
-1.361317 -0.369869
0.664215 0.508611
-0.057852 -0.960157
2.021652 -1.054823
0.294631 -0.327105
-0.183499 -0.219720
-2.711149 -1.849222
3.024612 0.801997
0.521768 1.035146
-2.131515 -1.089886
-0.493391 0.766767
2.003878 -0.140299
0.679337 1.317337
-1.325249 1.263725
0.699070 1.688019
1.165231 0.938421
0.979036 1.221932
-2.595912 0.336788
-0.096363 1.705489
-2.233191 0.715040
1.178919 0.945352
-0.046636 -1.629579
0.020719 0.334624
2.463012 -1.506602
1.632358 -1.090430
-0.963944 0.401659
0.615790 -0.032222
-0.409713 0.040091
-2.243095 -1.998597
0.753515 -1.455199
0.594329 -0.219768
-0.961073 1.531323
1.416622 0.475034
1.405907 -0.395874
-2.206750 -0.272855
0.397364 0.052738
-0.260789 1.202215
-0.480145 -0.527355
-1.019679 1.223735
0.939302 -1.105951
-0.128307 0.126700
0.778114 0.419254
-0.164628 1.711399
-0.097333 -0.149666
0.507207 -0.202563
-2.253482 -1.973351
0.720223 -0.300946
2.008233 -0.865076
0.709332 -1.128643
2.113128 1.474749
-0.517345 -0.828592
-1.649445 1.653337
0.070307 -0.966278
-1.121739 -0.928640
0.972028 -1.853563
-0.785527 0.401710
-0.170451 -0.305769
-2.595119 -1.178844
-1.303960 1.360068
0.458506 1.077882
1.059624 -0.416872
-1.530545 0.483920
-0.702077 -1.082361
0.772473 1.318555
0.575433 0.609771
-2.295318 0.467549
2.112875 1.807867
0.639584 -0.135533
0.284134 -0.456122
1.940860 0.999182
0.536342 -2.248302
0.537044 0.977222
-0.335346 0.167127
-0.167277 0.657416
1.406791 -0.317593
0.657462 1.395370
-0.539025 0.847940
0.819118 1.599573
1.056263 0.964177
1.015740 1.363285
1.451346 0.612129
-0.195631 1.706538
-0.136095 -1.377292
-1.640236 -0.210859
-1.978293 0.859384
0.152263 0.486762
0.169277 -1.292906
-2.634664 -0.376460
0.280436 -2.071763
-2.186871 -0.302609
0.144957 -0.263199
-1.939683 1.087464
-1.384789 0.981118
0.291030 0.005976
-1.149080 1.634814
-0.520148 -0.156889
-0.888804 0.392787
0.071611 -1.553698
0.286218 -0.024545
-0.405943 0.957716
0.688317 -0.548427
-1.245419 1.248168
-0.138895 -1.337285
1.159003 -0.674181
0.293928 0.360415
0.094351 2.423565
1.612739 -2.428578
0.088250 -0.058804
-1.208251 0.765886
0.630659 -0.476576
3.326228 1.641663
-0.388568 -0.732407
-0.021125 0.394588
0.488653 0.267167
0.384079 0.039393
1.323446 2.735756
0.440396 1.008622
1.098327 -3.087350
-1.891363 -2.376142
0.122206 1.940418
1.416173 -0.074865
-1.334986 -3.234183
1.744106 1.156909
0.031922 -0.981614
-0.198565 -0.167526
-0.690210 -1.524883
-1.551879 -0.191841
-1.520089 0.276910
0.201498 -0.355633
0.758300 -0.864013
-1.737343 2.297484
1.391837 -0.702555
0.422485 0.199178
0.178845 0.600410
-0.092387 0.758760
0.765709 -0.115557
-0.178498 0.272227
1.573444 1.273361
0.087586 1.310352
0.045625 -1.030589
-3.013037 -0.117585
0.468078 2.107592
0.562020 1.535600
1.136285 0.898061
-0.601415 -0.755876
-0.717683 0.866657
-1.936353 -0.995750
-0.094105 0.254435
0.549081 -0.571431
1.458746 0.407163
0.585785 0.602436
1.002685 -1.454447
2.898348 0.389463
-2.339041 0.389568
1.397242 2.188056
-0.591774 -0.008341
1.180858 -1.088076
-1.823528 2.373687
-1.357638 2.047509
0.032265 -0.338722
-1.115339 1.304418
1.403195 -1.910926
0.624717 -0.577862
1.564506 -1.202546
-0.003207 0.318726
1.573244 -0.861737
1.456702 0.386431
-0.550978 -0.198393
-0.395105 -0.409366
-0.637775 0.294061
-0.310180 0.725392
0.255777 0.405737
-0.887786 1.112208
0.410799 0.189061
-1.265310 0.544675
-1.492547 0.595660
-0.931408 -0.188836
0.448407 0.778003
0.676115 0.581236
-1.164775 -0.171945
-3.219051 0.713845
-1.341354 -1.269844
-0.164248 -0.675103
1.355516 1.189493
-1.002428 -2.554110
0.282498 -0.883283
-0.755161 0.880974
-0.318921 -1.432768
0.476999 0.371334
-0.501110 0.466624
-0.627194 1.254930
0.632439 -0.492736
-1.596200 -0.361369
0.147371 -1.353910
-2.151421 -0.178148
-1.162157 -0.203904
-1.068823 -0.078390
0.018087 0.462376
1.147083 0.663974
-0.787057 -1.565005
-1.786904 -1.269780
-0.093594 -0.736815
0.149164 -1.755479
0.308063 -2.418089
0.460359 0.242817
-0.072597 -1.889440
0.191080 -3.565249
-0.041621 -2.865064
2.145289 -0.585684
0.059014 -4.157529
0.899726 0.150458
-1.119994 1.004968
-0.391504 -0.382071
0.235709 -1.644389
2.243687 -1.886565
-1.346634 1.689234
0.441311 -1.646053
0.814793 0.866004
1.401295 1.752338
1.034453 -0.433088
-0.022841 -1.152312
-0.089945 -0.711210
-0.110166 -0.761584
2.055518 0.127736
0.783902 -1.371389
2.143894 1.346500
-3.142063 1.320248
-1.228375 -0.008798
0.894271 -1.340272
0.899772 0.789604
0.193127 -0.736969
-0.194283 -0.991220
-0.144599 -0.053781
0.254968 -1.292967
1.050147 -0.860741
-0.778088 -0.601506
0.580537 -0.137853
-2.406191 -0.007448
-0.030567 -0.575621
0.933411 -0.278633
0.585261 0.874508
1.303032 -0.494106
-0.523505 -0.727186
-0.181765 -1.127585
-0.070755 0.437799
-3.388882 2.514994
0.272181 1.585227
-2.489208 -0.726675
0.292877 -0.175795
-0.512409 -1.379397
0.366523 0.950739
2.718000 0.015083
-1.754397 0.141853
0.412068 -1.048206
0.347981 -0.256215
-2.351976 -0.424194
2.294969 1.578569
-1.817666 0.525512
-1.351818 1.481188
1.035025 -0.128737
0.212132 0.830973
0.694539 -0.372145
-0.434421 -1.103434
-0.449669 -0.682398
0.105987 0.085621
-0.160479 -0.467073
0.225724 0.286320
0.808721 0.474193
-0.897098 0.174578
0.777492 -3.444301
-0.868114 0.195819
-0.043755 2.541798
0.560247 0.993257
1.091383 -1.933240
0.348320 1.065942
0.167606 -1.758354
-1.487132 2.158645
-1.536719 0.690588
1.774592 1.437049
1.979656 -0.314368
1.939175 -0.276814
-0.150043 1.006722
-0.335373 -1.795446
-0.069024 1.288328
-0.530441 0.115483
-0.402231 -0.534658
0.084851 -0.050849
0.918435 -0.645217
-2.241201 0.628524
-1.414113 -1.849225
-2.332377 1.513928
-0.488954 -0.398729
0.534620 -0.035182
2.064706 -1.564171
-0.167195 1.808452
-0.010525 1.671194
-1.196971 -0.045894
-1.296373 -2.242888
-1.238107 0.857440
0.337505 -0.203585
0.259451 -1.032257
1.606296 1.057109
0.867928 -1.764792
-0.500874 0.466709
-0.937765 0.519122
1.353250 0.767931
-0.147556 0.232741
-0.173076 -0.266051
0.956009 0.140250
-1.771300 0.515281
0.253052 -1.280494
0.149972 1.782152
-0.897059 -1.300443
0.176542 0.461087
1.408672 0.936470
1.164434 0.451662
-0.844830 1.146789
3.450364 1.250263
-0.276237 0.580036
0.938892 1.685479
1.315792 -2.179576
1.564630 2.443301
-0.984248 0.496899
-1.288553 1.959319
0.225894 -0.354868
-0.103992 -1.200865
-0.019409 -0.203909
0.423001 -1.593400
0.107330 1.879675
0.482747 2.111998
0.474868 1.162524
-0.431289 -2.090818
-0.087707 1.204442
0.778471 1.047428
0.003624 -1.301801
-0.964595 1.896120
-0.429047 0.891372
0.201795 -2.418525
1.436830 -2.014243
0.466116 0.898597
-1.112105 0.549149
-1.936711 1.890823
-0.105881 3.465182
0.877031 -0.302566
0.994691 -0.074527
-0.230889 -2.490726
-0.346430 -0.914439
0.662071 -0.863752
0.922485 -2.389258
0.851942 -2.778021
-1.231656 -0.811731
0.051673 -1.463419
-0.833966 1.028260
0.290511 -1.815641
0.584595 -0.893074
-1.723044 1.011910
1.349011 -0.494045
1.462554 0.787363
1.742340 0.820150
0.522070 -1.528979
-1.405384 1.533207
1.071871 -0.204723
0.901790 -1.209390
0.223290 -1.242782
1.566635 3.136482
-1.361789 0.224954
1.236487 0.977919
-1.498999 0.489177
0.399828 0.534315
1.725777 0.924240
1.817709 0.621395
0.233169 1.533609
-0.910109 -0.294406
0.823014 -1.453900
-2.040788 1.008431
-0.363240 -1.534989
0.543383 0.195514
-2.237833 -0.720333
0.266202 0.564414
-0.630147 0.098388
-0.260087 -0.363993
1.422782 1.376999
-0.146416 -0.179210
-2.410993 -0.199180
0.998478 1.453070
-0.664366 2.639461
-0.400891 -1.539842
1.691729 1.463493
-1.160200 0.365985
-1.034155 -0.582130
2.019115 -2.187882
0.336291 1.343845
-1.237776 -2.503005
0.769048 0.358770
-0.002752 0.534090
-0.083308 0.145167
-1.047659 0.775957
-0.944538 0.623186
-0.212634 -4.132817
-0.234164 0.993808
0.904746 0.561673
-0.691706 1.894259
-0.459369 0.152105
0.744065 -0.851892
-0.532890 -0.050586
0.875622 0.499264
0.786942 0.582169
0.664113 -0.278089
1.294977 1.521428
-0.685107 -0.045277
1.435493 -0.624673
-0.839636 1.381773
-0.461473 1.893314
-1.096799 -0.567049
0.942892 -2.440981
-0.037020 0.333862
-1.726758 1.347143
1.854619 -0.280842
1.370166 -1.016907
0.640997 -0.468373
0.124089 -0.364518
0.088285 1.783797
-0.669487 0.934759
0.308610 -1.207200
-0.647781 -0.318462
1.279928 -0.025185
-2.667682 1.534907
0.397647 0.821121
0.159122 -1.030898
0.113766 2.716338
-1.988367 0.809368
0.140151 -1.033866
1.232593 1.546553
1.405025 1.362400
-0.233307 -0.471142
-0.665147 -0.564680
-2.934950 0.090037
-0.861999 0.174457
-0.544116 -0.188909
0.719744 2.847438
-1.465938 -0.322487
1.347624 0.550874
-0.020519 -0.967240
-1.497962 -1.452664
-0.915088 -1.278022
0.260681 0.601531
0.932205 0.666998
-0.607500 -0.332897
-0.606663 0.954015
0.918116 0.922743
-1.607787 -0.250587
-3.370891 -0.529302
-2.406037 0.404161
-0.182762 -0.515920
-1.488961 1.074139
0.351194 1.360832
-0.742507 0.238515
-1.560196 0.412738
-0.055553 -2.356639
-1.455619 0.669592
3.812604 0.339509
0.270232 2.668827
-0.666916 -0.160705
-0.463425 -0.648946
0.339827 -0.771939
0.061316 0.391245
-0.055006 2.110806
-0.112635 -0.568223
-1.420792 1.329784
1.441497 0.252288
-0.571545 -0.942552
0.290606 -1.046410
-0.027757 0.583477
-0.501022 -1.577546
0.532063 -0.782126
-1.102093 -2.517200
-0.678426 -1.442827
-1.014205 -0.662617
-0.867564 -0.017673
1.485239 0.387937
0.156461 0.923729
-0.740940 1.215796
0.327722 -1.357446
-0.531471 -3.221731
0.053874 2.117189
1.233305 -0.233774
0.460484 0.598099
-1.964711 1.869301
-1.128778 0.670933
-0.178560 -0.091912
1.280656 -2.461119
-1.109130 -0.312226
0.366749 -0.615002
-0.733786 -0.582253
-1.387322 1.629653
-0.613900 -0.776272
-0.744750 -0.312219
0.689787 0.809638
0.723981 0.370436
0.630887 1.196002
-0.648253 -1.486583
-0.259707 -1.489114
-1.047895 0.089183
-1.891047 -1.389244
-2.809336 0.859502
2.294883 0.272874
-0.555249 0.086755
-2.996395 0.032881
-0.368605 -0.150697
2.024940 1.302316
0.956867 -1.181655
-1.466731 0.331074
-0.510839 0.192768
-1.496842 1.412540
1.668447 1.852601
0.133346 -0.368941
-1.486077 0.083388
0.886589 0.836528
1.303984 -1.961765
0.980013 2.162890
-1.340953 -3.451692
0.793384 0.263798
1.501521 1.063774
0.623852 -1.013440
1.784581 1.704521
-1.157117 -0.589305
-0.446657 -0.849798
-0.045700 1.204611
-2.113452 1.901194
1.552715 -0.267526
0.474653 -0.768544
1.048169 1.006330
-2.024039 0.682107
-0.745188 0.980943
-0.416535 -1.143486
-0.209380 2.617301
-0.399091 0.593007
-0.155168 0.825372
-0.230368 -1.093437
2.735677 -0.438994
0.354762 0.003862
-1.225027 0.453117
-1.118556 0.587500
-0.331070 -0.737195
-1.605093 0.256134
-0.578284 1.117591
-1.172359 0.734209
-1.172155 0.717873
1.646593 -1.259726
-2.005692 1.492573
0.109675 -0.609720
-0.243567 0.134046
0.112367 0.229723
0.815857 0.625811
0.416371 -0.666556
-1.073716 -1.317132
-0.125682 -0.434097
0.986706 2.042070
0.637644 1.244496
0.793415 3.327318
1.310430 1.037574
-0.910566 1.748622
0.947163 1.718226
0.469850 -0.121967
-3.344533 0.209618
1.633973 1.515443
0.845416 0.286984
0.565331 3.678741
-0.132311 -1.361564
-0.183669 -0.905414
-0.615568 0.249224
-0.277913 0.557196
-0.673222 0.239238
3.100891 0.178596
-0.651923 4.582202
0.442984 0.722945
-0.972092 0.043791
-1.957123 -0.028564
0.065099 1.073965
1.746762 0.526543
0.253440 1.924797
-2.724385 0.252027
0.290999 0.511905
-0.512075 1.790473
0.598715 1.431865
0.364635 0.175143
-1.567131 -2.578155
0.432988 1.342903
-0.044956 -1.554355
-0.081140 -0.267045
2.452617 -0.028259
0.586022 0.162291
2.256421 -0.091438
0.295074 -0.932254
-0.648204 -0.396755
-0.334856 1.151840
0.651965 0.274455
1.551027 -0.922607
1.277287 -1.004050
0.209962 -1.073442
0.458400 -1.556998
-0.096257 -2.990155
-0.717898 1.330113
-1.064820 1.085767
-1.147205 1.443604
1.189565 -1.674710
0.872624 0.091044
0.808074 -0.285877
0.613964 0.147142
-1.065380 1.518011
-1.043469 1.655925
0.357658 2.113961
-0.663653 -0.148378
-0.071920 -1.147533
0.246477 -1.275574
0.873292 0.736670
-1.869539 1.005210
0.584132 -0.015990
0.572631 2.427981
-0.117746 -0.488857
-0.780259 0.622900
0.926823 2.362276
-0.469831 -0.410762
-0.396341 -0.972565
1.194348 1.092689
0.915739 -3.039188
0.613460 0.419067
-2.290664 0.721257
2.436450 0.730285
-1.200913 0.609953
-2.504711 -1.105321
1.919758 -0.033457
0.092111 -2.501631
1.153462 -0.930982
-0.222307 -0.838145
-1.454001 0.974320
0.777576 2.200450
-1.154845 -1.358590
0.090666 0.151911
-0.943186 -0.432567
-0.831028 -0.616933
0.997919 1.392085
0.134320 0.222740
-0.134131 1.626553
0.593954 -3.447251
1.120129 -0.088087
1.733042 -1.980457
-0.275246 -0.018827
-0.809321 -2.410471
0.825542 1.042526
1.030504 1.996487
-0.122945 -0.569636
1.153537 -2.445674
-0.793435 -1.917909
-1.665360 -1.501378
-0.970686 0.480492
-1.403007 1.004480
2.200826 0.306664
1.555384 -0.834198
-0.786080 -1.666373
0.895547 -0.981544
0.101975 -2.178519
0.270920 -2.333890
0.786847 -2.081166
0.717439 -0.019286
0.910958 -1.244977
0.781188 2.154606
0.816642 -0.345862
2.177941 -1.992307
-0.120340 1.281664
-1.110688 -2.961003
0.236049 1.634559
-0.888598 0.929794
-0.648020 0.879987
-1.727214 -1.534446
-1.204683 -0.344821
-1.606906 0.238104
-0.006207 -0.380926
1.946264 -0.291813
-1.046561 0.566813
-0.530984 -0.735132
-2.101464 1.224046
0.814234 -0.374195
-1.523886 -0.941108
-2.495986 0.613424
0.912147 2.372138
-0.366595 1.398206
-0.712491 -0.136189
-0.275918 -0.064370
0.438584 0.478057
0.382272 -3.251871
-0.349611 -1.827732
-2.116595 -0.379652
-0.454608 -1.744426
-3.191774 -0.541074
-0.047509 -0.938353
-2.021413 -0.495487
0.026562 -1.110843
-2.256087 0.861046
-2.046631 1.171253
0.214972 1.220582
0.768553 0.139286
-0.321493 -0.417104
2.566578 1.309324
0.126614 1.309290
-1.165585 -1.423814
-0.267519 1.186315
2.371849 -0.789101
0.192605 1.635363
0.325201 1.047289
0.026514 -0.187819
0.529713 1.092480
0.024566 1.671666
-0.008669 -2.245784
-0.844908 -0.495191
-0.526289 3.575404
0.670663 -1.112868
1.323086 -0.833459
0.109126 1.396475
0.125908 0.445405
-1.324647 -0.416811
-1.642573 1.544073
-0.297511 0.657327
-0.649862 -0.555662
1.864158 0.188269
0.443304 -2.305191
0.183069 3.591200
1.734153 -0.942970
-0.023753 -0.401459
-0.013651 -0.261797
1.227325 0.493843
3.050960 1.511812
-0.592722 1.199435
-1.698659 0.077082
0.039561 1.313733
0.500775 -1.310736
0.228909 -1.488382
0.859944 -1.177523
-0.380993 -0.468091
0.020720 1.128718
-1.494384 -2.387882
1.557724 0.617378
-1.563678 -1.386191
1.219353 3.044818
-0.855919 -0.520314
-0.057732 2.037152
2.120498 2.857803
-0.401774 -1.115803
-0.352236 -0.812376
0.901092 2.861088
-0.321259 -1.387342
0.389154 -1.090146
-2.077572 -0.705447
-1.204107 0.397093
1.898766 0.490350
0.183442 -1.517364
-0.403469 -3.136216
-1.275350 0.266528
-0.503103 -2.626210
-2.566639 -1.008360
-0.570019 -0.773905
-1.552977 0.132740
0.625528 3.360187
-0.930046 0.421622
-0.208983 1.088057
-0.559158 -0.394106
0.859317 -1.171546
0.217997 -0.028770
-1.395205 -0.508200
0.821113 1.412422
1.542708 1.949438
-0.351739 0.883586
1.197367 1.220043
1.724990 0.413321
0.443468 1.486609
0.811099 0.368713
-0.002991 -0.861860
0.829803 1.609664
0.112421 -0.395893
1.209101 -1.272625
0.435458 -0.628696
1.292109 -0.856939
-0.131892 -1.114649
1.983270 -0.674857
-0.716307 1.457218
-0.087347 -1.656529
0.769829 -2.171721
1.711349 0.060475
0.461183 -0.466855
-0.206564 -1.118857
-0.648089 -1.424129
-0.492093 -1.241441
-0.414495 -0.647637
1.398993 -0.810767
-1.938570 0.758191
0.533326 -0.291677
-0.945519 -0.135423
-1.274758 2.021208
-0.408092 0.994353
1.129438 -1.000607
-0.755400 -0.785740
-1.353558 0.506441
-0.590961 1.145380
-1.660666 1.149614
0.032603 1.101516
-2.449022 -0.823652
-0.342867 -0.098784
-1.061305 -0.768025
-1.073627 -1.552162
-0.716671 -0.243026
-0.013876 -0.483668
0.117019 -0.032895
0.754760 0.298867
-0.268282 -0.148029
0.928987 -0.467098
0.677437 -0.002407
0.595560 -0.769375
0.513681 -0.198367
-2.200117 0.400666
-0.357098 0.318821
-0.192548 -1.593814
-1.097132 -0.336882
-0.770178 -2.366787
0.352023 0.966742
-1.670355 0.039569
0.345807 1.096113
-0.784393 -1.519212
-0.498601 -3.408444
-0.425953 1.503070
2.093554 0.394056
0.182049 -1.112773
0.467128 0.444841
0.392701 -0.910093
-1.125923 -0.914431
2.951462 0.748557
-0.814434 -2.130126
-0.006531 1.778830
0.805442 1.184321
-1.130963 1.834354
-4.497786 0.734627
-0.087643 1.323015
-0.211134 0.008564
0.377642 -0.314818
-0.468460 -1.841148
0.325907 -0.700069
0.225080 -0.958920
-0.111868 -0.174822
0.117511 -1.450013
0.754721 0.075325
-0.054087 -2.136839
0.273501 0.155623
2.699136 -0.387615
-0.506349 1.619665
0.203336 1.926952
-0.537628 -0.530407
-0.499487 1.105884
0.017119 0.258555
-2.215716 0.704861
-0.160654 -0.866743
-1.388582 -1.596726
0.198124 0.850256
0.761848 -0.434358
0.616519 -1.570771
0.473885 -2.076631
0.192081 0.455065
-1.208713 2.448170
-1.525540 1.162355
-0.251383 0.556056
-0.711408 -1.172585
-0.405743 0.682690
2.640824 0.929991
0.186876 0.049255
0.874421 0.904807
-1.136757 -0.644625
-1.389933 -0.306286
0.335054 1.210179
2.375252 2.612249
0.790820 1.123647
0.017594 0.856125
-0.956738 -1.864185
0.385417 -1.894178
-1.145067 -0.350024
-0.446054 -0.314806
-1.051184 -0.142810
2.975698 -0.394843
-2.142077 -0.891564
-1.245974 -0.167984
0.187522 -0.659307
-1.637295 0.166916
-1.661939 0.166730
0.621203 -1.787045
-0.593542 -0.245250
-0.186203 -0.032815
-1.888223 0.227144
-0.933010 -2.309168
3.032227 0.185610
0.783095 2.225037
-1.279930 -0.032799
-0.276918 1.851441
-0.371536 -1.613694
-2.863880 0.386495
-0.791432 2.225898
-0.311870 1.608604
0.271349 0.471141
0.908115 -1.056468
1.804474 -0.226759
0.501232 -2.053794
1.075381 -2.518649
0.392450 0.003539
-1.192399 2.312611
2.122987 0.117557
2.359169 -0.634464
-1.616496 0.065973
1.857647 -0.884173
-0.455836 -0.565334
0.565715 -1.857985
-0.917749 2.480829
-0.967234 1.306821
-2.319261 1.422768
0.151301 -0.921271
-0.038585 -0.181234
-1.063209 2.244340
-0.448786 1.156032
1.066797 -1.585424
-0.102978 0.147761
0.149770 -0.108687
0.185176 0.868233
-0.603434 2.930527
-0.561169 0.582798
-0.308398 -1.194717
-0.278254 0.802293
-1.949945 0.052841
-0.527305 -0.472551
0.485816 -0.566625
-1.483649 -2.125840
0.413587 0.354720
-0.761152 -0.401734
-0.750636 -0.787552
-1.175015 -2.129129
0.926685 -0.375200
0.436305 -1.874484
1.955213 1.312018
-1.409009 0.840809
0.683631 0.221043
-0.323024 -2.121006
-0.229095 0.060895
0.326479 -1.188462
0.755687 -0.324373
-0.582538 -1.071350
-0.086474 -0.241914
-1.424006 -0.505795
-0.749707 -0.310569
-0.763247 -0.359846
-0.493710 -0.139269
3.545111 0.727845
-0.103791 1.110880
-3.184975 -1.333734
-1.984918 0.352697
0.331850 0.695751
1.449474 0.594934
-1.902261 0.977211
1.675111 -0.193602
0.898049 -1.965456
0.442333 0.857209
0.450754 0.148197
0.444695 -1.828180
0.121367 2.539900
1.742985 -0.592068
1.638230 0.379672
-1.216234 3.023487
-1.156038 0.398524
-0.366124 0.103305
1.467331 -1.362143
1.423317 -0.650767
0.652132 -0.134290
-0.550083 -1.214587
1.018644 -1.877452
0.292203 1.058296
0.730232 0.051217
0.733774 0.753870
1.590116 0.501799
0.957699 1.708290
-0.016573 -0.831455
0.035749 -0.410470
0.160673 -1.110332
0.012395 -1.570287
-0.125304 -0.469644
1.074507 -1.171197
0.420125 -0.315841
-0.348750 0.248910
1.851605 -0.766278
0.741694 -0.634416
1.217599 -0.144157
-0.554602 -0.157070
0.736496 0.583223
-0.338266 -0.136294
-0.275348 -3.807160
-2.536772 0.746093
-0.776292 0.396514
0.621591 -0.903858
0.519289 -1.017033
1.311087 1.570652
-1.322273 0.443948
0.101646 1.035431
-0.157792 -1.335834
0.270416 -0.560936
-0.874417 -0.055380
1.722812 0.094387
-0.603759 -1.763141
0.326581 -1.315601
2.028116 2.478206
-1.627716 -0.524398
-0.121301 -0.282635
-1.640125 -0.251049
-0.178557 -1.745891
-0.725145 -0.557131
-1.330666 0.020620
0.163176 -0.781163
0.806014 -2.016100
-0.183310 0.706903
0.252106 0.927303
1.049736 0.654559
0.627458 0.430962
-1.366324 0.446426
0.269491 -0.459015
-0.351539 1.632115
-0.382643 0.666457
0.041754 0.744104
-0.771626 1.321790
-1.856060 -0.041721
0.530527 -0.975948
-0.010035 -1.888017
-0.462421 -2.050307
2.425732 0.388927
-0.353280 3.322651
1.488876 -1.173045
1.410529 -0.774753
-1.250143 -1.309462
-0.353567 -1.161949
0.971235 -1.872054
-2.034750 -0.486362
0.405801 -0.137257
-2.327633 0.971223
0.745173 0.818790
0.391425 -0.706445
-0.510940 -0.486188
-0.302360 -0.149049
-1.583530 3.310527
-1.233105 0.935570
-1.179673 2.175104
0.135995 -1.176190
0.197661 -1.051828
-1.327577 0.011179
-1.280842 2.165505
0.650905 -0.543801
2.082678 -0.054569
-0.573989 -0.140261
0.091265 -0.088977
-0.452492 -3.150219
0.269320 -1.207136
-1.912641 0.150037
-0.553933 0.701991
-0.697882 -1.774140
0.369965 0.529258
-0.332712 1.586511
-1.056569 -0.200791
0.389620 0.466910
-0.582656 -2.413265
0.410370 -0.447938
0.490975 0.156952
0.299940 -1.343616
-0.195193 -4.017737
-0.495079 -0.677824
-0.558562 -0.185416
0.286442 0.873427
-0.309296 -1.722487
0.248781 -1.914636
-0.193727 -0.960681
-0.500571 0.348480
0.131466 0.872734
0.831745 -0.469422
-1.470699 0.152250
-0.830383 0.295729
0.490667 -2.161329
-0.687858 3.829229
-1.694062 -0.559713
-0.347550 1.098397
0.002218 -0.588824
-0.457493 0.748475
-0.327616 -0.370916
0.562680 -0.401402
-0.053187 0.081540
-0.619147 1.433341
2.957758 0.802694
2.597686 0.148619
-1.638949 -1.149236
2.119395 -0.056690
0.431925 -1.762402
-1.001901 1.245600
-2.270909 0.535279
1.126012 -0.829519
1.844604 -0.537805
0.282816 0.254950
0.167466 0.262188
1.177034 -0.419882
-0.877742 -1.054901
-1.709106 0.763684
-1.294343 -3.603373
-0.778932 1.856215
-1.383349 -0.040530
-0.217420 -0.771776
-0.308189 1.302437
-1.442633 1.412118
0.405314 -1.977105
-0.467757 1.363056
-1.283483 0.498148
-0.587022 0.521750
0.619538 -0.476489
-1.202840 -0.522778
-0.003366 0.378853
-0.235025 -0.926501
-0.714443 -0.408985
-0.050449 -2.859856
-0.809907 0.430556
1.241329 1.331850
0.412931 -0.577686
0.053599 -0.921588
-0.189019 -0.896270
0.313846 1.563238
0.821503 0.508324
1.380959 2.193763
-0.079207 -1.289743
-1.658288 0.588947
-0.157318 0.062278
1.945399 1.338742
-0.623258 0.405031
-0.083414 -0.500683
1.033762 2.528039
0.158530 -2.141668
-0.821003 -0.079518
-0.852302 0.207249
-0.986736 -1.499990
-0.584065 -2.080439
-0.061958 -2.247310
-0.624830 -1.901735
0.336444 1.139810
-0.797302 0.046867
0.202318 0.001479
-0.363204 1.156093
0.413577 1.828780
-1.100313 -3.012270
0.468325 0.887783
0.085144 1.499230
-1.487997 -0.233120
0.318599 1.449036
-0.153715 -0.217934
0.252224 -1.477001
-0.467386 -1.814742
1.879856 -0.963225
-0.617779 -2.519548
2.319316 0.227434
-1.176999 2.970486
0.993576 -0.249750
-0.162062 0.947678
1.069604 -0.065870
1.355807 -0.499460
0.349249 -0.769805
-1.622738 1.455474
0.202785 -1.146731
-0.109297 -0.513704
-0.203507 -0.071902
1.047431 -1.948533
-0.759204 0.851018
-1.918665 0.925774
1.262887 -0.860885
-0.144668 -1.098485
-0.033722 1.258706
1.633979 -1.021423
0.081780 -1.053325
0.298894 -0.856569
-1.419712 0.620636
0.323574 0.055347
2.109754 -1.606319
1.229992 -3.193921
0.894010 0.620659
-0.531497 -2.617751
0.735950 1.656475
-0.029515 0.445939
-1.060535 -0.640641
-0.455617 0.535365
-1.197539 -2.533020
1.061179 -2.639659
-0.868869 -2.541334
-1.711046 0.093184
0.294603 -2.691271
-1.690176 0.817093
0.800063 -0.291516
-0.466429 -1.631649
1.485309 2.162746
0.385626 -2.164274
2.197947 -1.775929
0.476895 1.879449
-1.245336 0.361317
-1.605934 -0.508240
1.418371 0.326937
0.136135 -0.613591
-1.236517 -0.319600
2.628181 0.902910
0.089231 -0.560221
-0.183746 0.003527
-1.153041 -1.486620
1.328411 0.409456
-1.519622 -1.735504
0.713903 0.339189
0.524986 1.745783
2.683907 0.116309
-0.498684 0.064192
0.138638 -1.751007
1.341296 2.792246
0.118456 3.648890
0.144409 -0.318967
-1.041744 2.192627
1.149121 -1.611963
0.285991 -1.410205
1.776616 -1.804813
1.339258 0.885030
-2.011831 0.002168
-0.216083 -0.231209
-0.312197 -2.498600
1.608631 -0.438430
0.956520 -2.107664
-1.808215 1.654252
0.072810 -2.008278
0.629810 -0.235474
0.274315 -0.237387
-2.755708 0.572094
0.285920 -1.964791
-0.136541 -1.437903
1.140072 -1.077608
0.280545 -0.947728
-0.102018 -0.100735
-0.640534 -0.495727
-1.353024 0.745828
-0.020937 -2.598617
0.880971 -1.804677
-0.508077 3.362933
-1.602452 -1.523310
-0.685030 0.863039
0.200046 0.788367
1.096464 0.916054
1.209193 1.104331
-0.561416 -1.454872
-0.319803 -1.730222
-0.470826 -1.021510
-1.060176 -0.794876
-1.092372 0.813553
-0.423172 -1.347022
-1.035360 0.256803
-0.575536 -0.381945
-0.453535 -2.379854
-0.609737 -0.345647
0.156728 -1.454606
-0.121054 1.289827
-2.293000 -0.351381
0.965185 -0.748086
-2.395146 -0.201474
-1.368913 -2.130008
-1.522157 -2.329537
-0.711177 -0.019282
0.962933 -0.327484
0.173538 -1.037177
-0.380246 -0.153147
-1.724497 -0.182218
0.727004 2.573208
-0.890568 -2.639224
1.818452 0.542753
-1.333660 1.460237
2.209597 0.332430
-0.184541 -0.561982
-0.528890 0.639474
-0.829297 -0.863376
0.240990 1.314377
0.552520 -0.543131
1.026200 1.279691
0.826015 -1.588446
0.223440 3.594321
-2.683875 0.725453
-0.800008 -0.270568
0.516097 -2.642719
0.340485 -0.992882
-0.492330 -0.087396
0.096212 0.404573
-1.349247 0.987083
-0.112497 3.064958
1.404712 -2.203699
-0.933740 2.225768
-0.724635 -1.279569
0.572779 -1.172951
-0.157553 -1.352518
-0.960034 -0.692769
-0.730257 1.254698
-0.462520 1.170157
0.220053 0.470994
0.045533 1.047286
0.289952 -0.776622
0.781505 -0.573404
-0.856415 -0.061392
-1.503306 -0.661891
0.153094 -1.303816
-2.354134 0.167983
0.261348 1.220377
-0.249900 0.569699
0.113871 -0.405489
-1.050247 -1.335230
0.213167 1.215012
-0.409128 0.741970
-1.032064 -0.431832
2.071816 -0.577313
0.740024 0.622710
-0.407456 -1.516191
-1.217424 -0.863365
1.970203 1.100569
-2.245010 -0.168570
-1.353881 -0.021872
1.049620 0.119012
0.922213 0.823723
-0.746936 -2.593806
-0.717835 -0.736644
-2.370749 -1.690924
-2.293276 -2.041827
-2.519992 -2.257139
-1.108479 -0.458180
0.510969 -3.005527
-1.439725 -0.437844
0.346791 -0.833488
-0.773910 -0.074835
0.028194 -2.683323
0.349189 0.646221
0.980757 -0.186616
-0.197237 -1.045768
-0.446067 -2.377743
-0.626146 2.106076
-0.393202 1.342277
1.196005 0.611936
0.014737 -0.751291
1.020800 0.940705
-1.362666 -0.531467
0.092109 -1.186123
0.096211 0.938127
1.945739 -0.662657
0.236725 -0.812264
0.109371 -1.749104
-1.817176 0.953877
-1.923231 2.079028
-1.317792 1.306855
1.278922 0.133136
1.360673 0.051064
-0.077027 -0.990845
-0.007945 -2.025734
-2.617964 0.713600
-1.189371 0.339207
-0.877823 0.306885
2.560516 0.418191
-1.360080 2.964720
-0.106813 0.906476
0.253224 0.565474
0.722326 0.387293
-0.695917 0.560527
0.318974 -1.940560
1.220363 -1.884177
0.954272 -1.229767
0.929051 -0.523260
-2.909718 -0.065069
0.070035 -1.195914
0.671330 0.196400
1.550879 -3.482006
-0.189288 -1.316488
0.430569 -1.219040
-0.547449 0.388045
0.202981 -1.445530
-0.116630 0.151085
0.859019 -0.226517
-1.962494 1.657349
-2.499447 -0.818492
1.313114 -0.861179
-2.393270 -0.102002
-2.127430 -1.126935
-0.871759 0.389130
0.380765 -0.058552
0.679614 -2.035806
-2.775248 0.145245
0.884862 0.031032
-0.493819 -0.762236
0.172552 0.934847
-2.933613 0.344467
0.904237 -0.517322
0.952254 2.892741
-0.133098 0.567584
-2.728764 0.379053
-0.819607 -0.776541
0.371241 -0.449693
0.165283 0.416569
0.754267 0.420149
1.673286 0.599925
0.091825 -0.556068
0.638329 1.033229
1.583582 -0.123108
-0.166737 -0.821528
1.215834 2.517924
-0.642500 0.418164
-0.316579 0.193578
-1.414981 -1.151936
-0.487010 1.030269
-0.753199 -1.129511
1.623444 1.683804
-1.215640 -0.300949
-1.392628 -0.244439
-1.636928 1.674965
-2.651745 0.046146
-0.239938 -3.405287
-2.067751 -0.202754
1.227349 0.751685
0.235440 -0.029414
2.024411 1.534111
-0.544738 -1.155825
0.843424 -1.483303
-1.553942 1.054163
-0.185413 -1.207011
-1.094352 -0.493290
-1.149768 -0.510512
-1.531083 0.864525
-0.861650 -0.051941
-0.047678 -0.021281
-0.851558 -0.182396
-0.442542 0.998069
-1.328506 -0.370092
0.598538 2.664409
-1.973803 -0.560072
-2.213876 0.837917
1.351282 -1.790839
-0.254587 1.119650
-2.019970 -0.282023
-0.262481 1.468911
0.343468 0.917763
0.786777 -0.419672
-1.009707 -0.472435
0.352762 0.914560
-0.850591 0.891845
-0.393383 -0.743884
1.078864 -0.213999
-0.004066 0.990937
2.703544 -0.620326
0.153516 0.612206
1.627016 -0.485698
1.047625 0.951316
1.736936 0.278306
1.384245 0.049606
1.021736 0.200394
0.876752 0.129812
1.556382 0.576075
0.931311 -1.041081
0.862584 -0.626232
-1.014347 1.037056
0.199034 0.413888
-0.227327 0.383725
-0.335088 0.002470
-0.397089 -0.994563
0.327174 -0.147746
0.076823 -0.369318
-0.097520 -1.387807
0.017373 -0.377922
0.796165 -0.285413
2.360365 -0.921726
-1.269381 1.368617
-2.165968 -0.652713
-0.775411 0.969953
-2.257801 0.286553
0.213242 0.553703
-1.593162 -0.652033
-0.292051 -2.414864
-2.215025 0.823235
-2.372827 -0.932201
0.521168 1.969041
-0.236771 -0.940385
2.297802 -0.913213
0.090959 0.607320
-0.512890 -1.821234
-1.489295 1.182376
-2.136276 -0.338021
-0.271654 1.240302
-0.539479 -1.087819
-0.047343 1.812256
2.279776 0.755581
-1.326399 1.174883
0.466524 -0.066383
-0.532465 -0.884604
0.350146 0.547817
-0.261563 -0.304625
2.360697 -0.897976
1.954731 -0.568423
0.646291 0.531595
1.485102 -1.536355
0.024455 2.176347
2.389872 0.511390
2.341036 0.107657
0.808998 0.202386
-3.355584 -0.551199
1.640040 -1.563345
-1.118173 -0.083423
1.902779 0.790408
0.538420 0.557535
1.799859 0.423847
2.093878 0.935803
2.326909 -0.920689
2.603838 -0.225749
0.849486 0.101717
2.254999 0.023670
1.419859 1.772715
1.779195 0.612832
-1.211565 -0.317092
0.337168 0.050943
1.094923 -0.199220
0.668242 -0.419947
2.351536 -0.266551
-0.509828 0.280919
-0.285380 -1.452981
-0.309963 -0.476428
0.850555 -0.007457
1.439784 0.217765
-0.806273 -0.064789
-0.842255 0.166615
1.748844 -0.194372
1.497635 -0.117090
0.088522 -1.505459
-0.641621 0.964356
0.419730 0.410296
1.870557 -0.188667
0.855708 -0.882598
-0.986108 0.512899
-1.301185 -0.457224
-1.630369 -0.082458
-1.134153 0.098927
-1.202577 1.093287
1.864136 0.873834
-0.910001 0.475092
2.470986 0.271816
-0.916104 1.204242
-1.492668 -3.125605
-1.878161 1.158939
-0.481613 0.402264
1.594829 0.306791
0.970523 0.509608
1.505195 -2.857136
-0.444366 1.374988
0.847208 -0.100218
0.622995 0.600102
-1.343811 -0.306047
2.401672 -1.806147
0.545456 0.555353
-2.106815 1.095463
0.995155 -0.310415
-0.072169 0.632995
0.121354 -0.349763
-1.363271 -0.342873
-0.526381 -0.063401
-0.660117 0.923209
-0.071878 -0.140022
0.279318 -1.271275
1.481324 0.611773
-1.322540 -0.069090
0.455921 -0.363166
2.865230 0.731353
0.859779 -0.958231
0.067418 0.483280
-1.402764 -0.361307
1.038735 0.697473
0.432300 0.267122
-3.459016 0.825705
-2.296234 0.726902
-2.675684 0.400479
0.276907 0.529247
0.353481 0.055540
0.444050 0.266368
1.341545 0.100207
0.263737 -1.708854
-2.678218 -0.071677
0.439239 2.428600
0.752640 1.146262
0.502217 -0.343496
0.784330 0.629022
-0.422185 0.221853
0.290775 -0.284351
0.124587 0.367393
0.988128 -0.021327
0.713042 1.026267
-0.324322 -1.299894
-0.029395 -1.170536
0.199678 0.517612
-3.951694 0.145606
-0.458885 1.041456
-2.063611 -0.016188
-2.081511 -0.821182
-2.081792 -0.651912
-0.604804 -0.099705
-0.801248 -0.707598
0.222946 -3.227276
-0.608517 -0.265658
0.098697 -0.327076
-0.340878 0.257821
-1.511504 0.940031
0.837797 -0.415313
-0.007538 0.194829
1.431734 1.031945
-1.564360 0.668505
-1.271381 -0.303388
-0.239544 -0.925498
1.892965 -1.440178
-1.536522 0.934973
-1.204554 0.923233
-1.133805 0.123126
-0.918166 -0.337303
0.754768 -0.933452
-2.394130 -0.462840
1.054697 0.397847
2.053783 0.617932
0.303299 1.407138
-0.805642 -0.188932
0.822062 0.807749
0.534242 1.414001
-3.334014 -0.834641
-0.424150 2.116919
-1.635388 1.049515
-0.138916 -1.284107
0.427394 -0.059378
0.239421 0.268343
-0.518360 -0.982584
0.167580 2.087900
1.913907 -0.207333
-2.424742 0.531522
-3.590898 0.340813
2.335553 -0.325844
1.439255 -1.288242
1.147643 -0.569119
-1.535686 1.076836
-1.040053 -0.177874
0.321461 1.005932
2.061874 0.288943
1.287350 -0.709203
0.733649 3.644529
-0.501071 1.600901
2.172509 -0.417618
1.052756 0.830673
-0.709839 0.209052
-0.003970 0.048823
-0.450200 0.023201
0.169035 0.026895
1.007685 1.147481
0.411240 -0.128110
-0.686752 -0.571565
-0.154674 1.340031
-0.169589 1.355535
-0.769744 -0.974200
1.487219 -0.990233
1.462594 -0.129113
1.385949 0.831737
-2.202244 0.453055
-1.827471 0.594947
1.683749 -0.384493
1.919313 -0.148408
-0.324197 1.171006
0.459452 1.152444
0.413397 -0.743517
-0.638381 -0.991543
1.946394 0.505279
-0.113089 0.617526
-0.989917 2.593512
-0.720833 0.820951
0.948874 0.037374
-0.938472 -0.046484
-1.289828 -0.997253
-0.539744 -0.792258
2.064952 0.510885
-0.378484 -0.253243
2.546075 0.714521
-1.852133 -0.128656
1.269464 1.975200
-1.215982 -2.246637
1.707407 0.187055
-0.258545 -0.295494
-0.452585 0.121811
1.287562 -0.805975
0.840931 1.248592
1.308509 -0.243169
0.913910 -0.881473
1.218945 -0.470945
1.181286 0.269109
1.192751 -0.348996
-0.309227 1.475024
2.760029 -0.599935
-0.472542 -0.329225
2.384148 -0.503080
0.694273 1.427502
1.129265 0.102593
0.998050 -0.250685
-0.074633 0.400438
1.549288 0.165320
-1.934819 1.577795
1.969964 -1.424872
-0.410184 0.722127
1.753727 0.511183
1.197762 0.144258
0.829396 0.652419
-2.314538 -0.777457
0.144265 -0.211202
0.738516 0.154185
-0.120723 1.007091
0.861205 -0.409093
-0.103852 -0.739056
-0.733260 0.104801
-0.194672 0.184565
0.251977 -1.508067
0.825116 1.111728
0.735030 0.329888
-0.116596 -1.176678
-2.636587 1.794208
2.225922 -1.067934
-1.662814 -0.132664
1.812448 -0.503258
1.745113 1.007335
-1.798577 1.184365
-0.489347 0.336310
-0.333892 -0.510774
2.618922 -0.238850
-1.458515 0.909023
-0.534363 -0.851591
2.557645 0.008668
-0.755350 -0.076213
-1.010180 0.648184
-1.053583 -0.036832
2.066750 -0.177239
0.360653 -1.782630
-1.210040 -0.450514
-1.330951 -0.177718
0.041953 0.249778
0.743303 -1.367275
-1.309997 -1.795636
0.036014 1.048677
3.898076 -0.125245
0.469713 -0.090221
-0.853580 -2.566393
0.256206 0.861091
0.196839 1.724410
1.330037 1.306263
-1.480271 -0.496193
-0.747617 -0.281008
0.428224 -0.135204
-0.526591 -2.854626
1.689461 -1.309905
-0.832676 -0.176693
0.309997 -1.342601
0.847906 0.489456
1.209315 1.316946
0.485725 -2.378383
1.309520 -0.681942
0.138674 0.799722
-0.832897 0.249972
2.415737 0.058287
-1.545696 -0.468310
-1.778745 0.321143
-1.402840 0.999178
-0.261449 0.373818
1.334671 -2.537693
1.622728 0.169092
1.313226 0.519954
1.105996 -1.474166
0.515470 1.196777
0.375021 -0.134400
-0.772573 0.790898
0.099859 0.979617
0.035632 0.302072
0.386335 -0.755137
0.332855 0.802216
1.162881 -0.935972
-0.283958 0.698557
-0.511522 0.242436
-0.400462 0.998165
-1.871754 -0.346757
1.168394 1.463685
-1.638220 -0.498851
-0.369005 -0.479375
-1.987789 -0.350942
-0.158820 1.305465
-1.014313 -0.889352
-1.752771 -1.758109
-0.169141 -0.582936
0.463160 -1.415674
0.126901 1.174464
2.383228 -0.204442
-1.051497 0.131795
-1.051593 0.672677
-0.052730 0.941515
1.827312 0.232427
-1.348731 0.485815
-1.024653 -0.278073
2.162593 -0.354219
-0.681730 -1.349677
-2.023596 -0.526748
-2.106618 -0.508251
-1.582117 1.780070
-0.623044 -0.185978
-1.965412 2.311088
-1.296034 -0.824702
-1.476936 0.778082
0.907203 0.571032
-0.288873 0.445597
0.409832 -0.515334
0.124490 -0.925216
0.590462 -0.625812
0.069196 -0.180807
-0.440642 2.059399
-2.995439 -0.239565
1.181851 0.343888
0.846827 -0.303255
-1.394685 0.459495
-1.459968 0.436508
-2.409640 0.332961
-0.822183 -0.194887
-2.178163 -1.049166
0.041792 -2.130940
0.488312 -0.709684
0.250897 -0.271797
3.093586 -0.580184
1.049545 0.375884
-0.319788 -0.161147
2.215496 0.066788
-0.106875 0.080933
-0.969848 -0.092319
0.590979 -0.715254
-0.156001 0.809653
0.158731 -1.287522
0.105791 -0.794154
-0.360456 -0.238514
0.647369 -0.795306
-1.522144 0.263727
0.272500 -0.790077
0.991778 1.119983
0.362443 0.550432
-0.548670 1.616023
-1.294598 0.853486
-1.217904 1.615874
-0.819603 1.131056
1.092440 2.272763
-1.174685 -0.068659
-0.509691 0.930163
-0.054283 3.990085
0.650822 0.429573
-0.532723 1.245379
-1.193086 -0.759209
-2.674785 1.320344
2.899670 -0.415580
-1.629220 1.409872
-0.332549 -0.281451
-1.217709 -0.423548
-1.011246 1.012759
3.675555 -0.139855
-1.098215 -1.199900
0.377244 0.427380
-1.242424 -0.204515
1.581039 -0.112301
-1.419253 0.843090
-1.370972 0.841537
-1.070528 1.173046
-1.038197 -0.782193
-0.384599 -0.281976
0.396992 -0.447079
-0.259371 0.275913
1.605997 1.050513
0.021038 -0.757874
0.215947 -1.666579
0.341451 -0.525100
1.135785 3.092550
1.357033 1.940577
-1.405103 0.317572
0.955905 1.782293
0.059845 -0.518456
0.671468 2.334653
1.678736 0.229048
-2.345756 0.265209
2.001568 0.406521
1.318700 -0.041151
0.550066 -1.270245
1.100808 0.248608
1.327591 -0.245971
1.022289 -0.232118
-1.645986 0.667428
1.477789 0.766749
1.523249 -1.407046
2.528907 -0.763509
0.176046 0.660367
0.761771 -0.120181
1.128724 -0.308033
1.551158 0.723688
-0.408025 -0.106768
-0.970981 0.176730
-0.934557 1.264552
-1.514771 -1.370749
-2.792955 0.986090
-1.013900 -1.015953
0.056155 1.167215
-0.136815 -0.779409
0.225244 0.807437
-0.281749 -0.573833
-0.511051 0.132956
-1.439572 -0.600212
-1.456886 -0.537981
0.459247 0.159281
-0.440720 0.898643
0.741944 0.063234
-2.668061 0.212534
0.861503 -2.754720
-1.978606 0.142386
1.944927 -0.540929
-1.056505 0.558248
-0.922989 0.533412
-1.832533 -0.023530
0.384859 -0.793090
2.105047 -0.384795
0.152481 3.748794
0.214928 0.613748
0.556809 0.975976
-0.168974 -0.014615
-0.376652 1.964602
2.772788 -1.286617
-0.438990 -0.290247
-1.399617 -2.967241
-0.639830 -0.563301
-0.722800 -0.038230
-0.798392 0.375314
-2.240363 -1.554976
-0.779674 1.765250
0.245762 -0.360413
1.246801 1.794709
0.785207 -0.624258
0.047909 -1.097967
0.068497 -1.787150
-0.894121 0.550063
0.455687 1.960505
0.106954 1.649404
-0.914277 0.010503
1.607898 0.406380
-0.214205 -0.106666
-1.139783 0.743943
-0.461628 0.023359
-1.536931 -0.017449
1.583891 -0.525368
-0.078387 -0.046459
-0.601968 0.637021
0.779914 -1.089136
-2.263820 0.203544
-2.280307 0.470724
-2.417270 0.168906
-0.905117 -0.143371
0.952848 -0.034362
-1.719768 0.457854
-0.637840 0.032377
1.023103 0.061453
1.181519 -0.735643
0.714597 -0.782184
-1.804905 0.509754
0.376262 -1.065666
-0.324549 -1.670531
1.853826 -0.407129
-0.992490 3.252672
-1.220022 -1.138158
-0.213747 -0.233241
-0.712433 -0.814838
0.556406 0.950228
0.466105 1.793168
0.600106 1.621119
1.983842 2.390991
-0.115142 1.379280
-0.141508 0.871165
-1.106778 -1.458943
1.521833 0.969709
-0.149021 -0.240879
-1.157518 1.968374
0.951631 -0.198281
0.138324 1.224608
-0.859649 -1.900856
0.075305 1.839216
-2.875872 -0.523982
0.273435 -0.310280
-1.111943 1.295065
-0.899162 -1.121519
0.250521 1.628053
-0.050173 -1.032086
0.456862 2.134482
-0.657930 -2.968302
-1.313433 -0.382429
0.935847 1.113946
-2.724138 -1.066931
0.336951 -0.210795
-1.049783 1.471809
0.230370 2.233315
1.012656 0.409979
-0.782005 0.317156
0.439854 0.173760
-0.416044 2.010818
-2.999321 1.194703
1.319316 0.356033
-2.463292 -1.752722
1.339077 -1.541189
-1.532146 -0.132577
1.190108 -1.969880
1.076890 -1.605865
-0.165739 0.106499
-1.212055 -0.393431
1.056815 0.689871
0.585197 -0.261725
0.146528 0.716253
-0.578049 0.401997
-1.296414 0.916163
-0.609596 0.700923
1.996049 -1.935568
1.328592 -0.449671
-0.516428 0.437268
-0.837778 0.546564
0.032138 1.557733
-0.356148 -0.117412
0.449646 1.422250
-0.536875 -1.419194
-1.223349 -0.700169
0.473064 -0.646964
1.244119 -0.490886
-0.498723 0.762391
-0.080802 -0.541276
-0.375382 2.147655
0.389722 -1.698860
-0.120609 -1.066163
2.282648 0.176936
0.122582 1.048962
2.137529 -0.185573
-0.314922 1.602063
-0.507001 -0.434229
0.718829 1.050100
-1.944495 0.956831
-0.219143 0.639088
-0.895210 0.170747
0.768962 1.409169
-0.534446 0.336037
0.617117 0.999012
1.377404 -0.674930
0.220341 1.337925
-1.261617 0.558717
-0.136211 1.545017
-0.781260 -1.267969
-2.527300 -1.312815
0.257146 0.918116
-1.374304 -1.545968
-1.414985 -1.843580
-0.528065 0.082393
-0.221127 -2.214956
0.684970 1.434247
-0.355318 0.379719
0.500020 0.406508
-0.531071 1.880591
-0.688927 0.872719
-0.198925 1.320129
0.989618 -2.818367
0.636223 0.873605
0.461607 -1.891735
-1.991239 0.076006
0.719255 0.511947
-0.495401 0.068451
-0.617711 1.676657
-0.329969 0.099660
-0.880426 1.095357
-0.389690 0.626332
0.553569 -0.383572
-0.155229 -0.276393
0.423801 -0.169336
-1.065958 0.952804
-0.179027 2.278028
1.009043 -1.862057
-1.846493 -0.259910
-0.757401 0.377358
1.850421 1.732181
-0.842705 1.469877
-1.090172 2.105421
0.586507 0.319604
0.454483 0.209487
0.554125 0.301560
0.610430 0.413386
-1.600137 -2.133933
1.928540 -0.403617
-0.206136 -0.113270
-0.027320 -1.648013
0.445293 -1.268836
-1.911630 0.037381
-0.485592 0.809706
-0.680905 -1.733054
-0.645123 2.431102
0.916358 -0.034765
-1.041758 -1.780090
1.599511 0.552925
0.156932 0.795230
-0.497046 1.861451
-0.300250 0.542461
1.251521 2.627050
1.738768 0.715686
-0.061823 0.614557
0.507750 1.105640
1.332506 0.626898
0.170535 -1.995863
1.395543 3.757754
-0.233893 1.192029
0.124557 -0.138018
0.251314 0.033313
1.186346 -0.510849
-2.079822 -1.273895
-1.422202 -1.032293
1.079190 0.697637
1.516898 2.543332
0.256447 1.499340
0.474114 3.226346
0.648780 -1.472140
1.388817 0.602058
-1.732210 -0.286745
-0.118655 0.230580
1.868922 -0.343092
0.415871 -0.779535
0.816639 1.247398
-1.448189 0.792359
-2.784770 0.327442
-0.020698 -0.789970
1.120657 -2.283542
0.544698 -0.767874
0.564669 -1.780534
0.236886 1.364910
0.038718 1.856320
-0.859895 0.039846
0.254313 0.111815
0.464254 1.278455
0.171845 1.184125
0.897644 -1.007609
-0.857926 0.179415
-0.072398 0.554493
-0.366079 2.014091
-0.023946 0.913740
1.545890 -0.831846
-0.499690 -0.540633
0.148496 0.025408
-1.904128 0.687349
0.001220 0.807255
0.424607 0.878356
0.758576 -1.200498
-0.257418 0.504332
0.324630 -2.322709
2.014667 0.039167
-1.388082 -0.313480
0.709570 -0.367881
1.565624 -1.407342
0.813579 -1.867498
0.003401 -1.465850
0.248064 1.898337
2.333634 1.057249
1.327423 0.411103
1.009723 0.455040
2.504950 0.228280
0.658325 1.312271
1.025412 1.866749
1.000608 2.342266
-0.325311 1.436310
-1.111005 -2.030154
1.148864 0.408589
-2.875501 0.456090
1.022585 1.293466
1.557434 -1.672647
1.311942 -0.829813
-0.087919 -0.862059
-0.263669 0.954783
0.728990 -0.575811
0.465986 1.348311
-0.046842 -0.251791
-0.497488 -1.286776
2.537995 -0.484297
0.529953 1.149750
0.528399 2.178604
-0.086289 -1.338380
-0.458710 0.280940
1.195866 0.566341
-1.355566 0.673356
-1.466727 -0.482291
-0.728960 1.638116
-1.482295 -0.620298
-0.179340 0.105246
-1.165876 1.112472
0.997061 -3.497061
1.334885 1.124174
-1.316188 -0.638093
-1.342175 0.008871
-0.565358 0.535620
-1.071022 -0.369708
-0.767588 0.033236
1.105335 -1.766926
1.290916 -1.063966
0.943356 -1.543518
-1.073856 -0.669601
-1.330883 0.787038
-0.102645 1.271909
0.088424 1.065464
1.450811 -0.497502
-0.509386 2.751430
2.317825 1.616601
-1.232457 1.271608
-0.687758 0.291506
-1.816185 0.000104
-1.754780 1.567302
-1.393162 -1.355819
-0.816258 2.154796
0.133059 -1.251298
-0.831071 -0.204016
0.053506 -2.172533
1.118712 -0.919633
0.131942 -1.612716
0.106037 -1.210019
-0.984491 0.949813
1.353774 1.834663
-2.025078 -0.924556
2.413678 -0.029023
0.630635 0.584653
-0.549873 -2.147581
1.122270 2.150419
0.915129 -1.488860
0.543802 1.602331
-1.006191 2.487748
-1.658310 0.163818
2.037330 1.200218
0.211125 -0.129231
-0.430316 -2.438891
-1.471077 0.367430
-0.774959 -1.146250
0.670275 -0.028793
0.612182 0.250722
-1.954800 0.133783
0.619124 2.544064
1.531048 1.380059
1.046410 0.950399
0.653703 -0.847337
-1.228955 0.212346
0.584093 1.409762
2.327688 -0.464666
1.073914 2.482407
0.726266 1.133095
-0.236104 -0.896302
0.460375 -1.139600
-0.001184 0.189171
1.053749 -0.272523
1.391832 -1.773633
-0.981315 0.284240
0.481710 0.116296
0.339582 -1.290988
0.141576 0.678822
0.385891 1.874449
-0.003447 -1.471395
-0.548440 1.557333
0.181109 0.896246
-1.813998 -0.069756
1.846778 -2.751360
-0.990604 2.907765
0.416973 2.093639
0.610995 1.985740
-0.627657 0.841981
2.461116 -0.713887
0.857280 0.007018
0.212467 1.327999
0.056988 -2.550180
-0.549361 0.412872
0.248789 -0.342457
-1.341446 1.194758
-1.302294 0.199066
0.213833 2.235274
-0.601390 -1.430734
0.690289 -1.011737
-0.400105 -0.984239
0.093264 -0.930831
1.099377 1.716586
-0.519466 0.246061
0.819377 -0.775488
-0.521188 -0.270575
1.679278 1.044960
2.213018 1.032558
-1.930540 0.166970
0.560181 0.447294
-0.645383 2.057680
-0.450859 -1.646980
1.718169 0.438161
0.157505 3.131069
1.020888 2.148651
0.963402 1.578554
-0.070354 1.896396
1.860029 -1.306936
0.647933 -0.269872
-1.378655 1.373141
-0.301335 -0.353503
-1.104894 -1.874720
0.543836 -0.221987
-0.685814 0.611249
-0.270941 -0.077078
2.506091 2.320973
-0.182875 -2.004842
0.778964 -0.561750
-1.261639 0.998179
-0.032483 0.530307
-0.638378 0.287973
-1.204584 -1.340937
0.833015 1.517730
0.010066 -1.373544
-1.619675 -0.206353
-0.675184 0.255227
1.097677 -3.158925
-0.622829 1.425280
0.306183 -0.076285
0.365137 -0.120579
-0.562070 1.835740
1.762255 -1.812230
-2.077956 -1.106036
-2.110588 -1.355862
0.324014 -2.599787
2.242235 -0.306728
0.451634 1.238886
2.758908 0.841348
-2.629435 0.302562
-1.252529 -1.122731
1.652558 -0.853271
-0.642091 0.687901
2.185624 -0.296741
-1.426296 -0.508539
-1.499082 -0.348620
-0.800668 0.783460
-0.664904 0.400081
2.031236 -1.003831
-0.578124 1.343814
-2.253207 -0.073471
-1.271458 -0.851522
0.173379 1.384672
0.280482 -1.619841
1.419623 0.548615
0.040502 -1.185029
2.883668 -0.324232
0.195482 -1.140970
-0.913002 -0.262729
-1.333178 -1.069232
1.666902 1.046525
1.951773 1.151685
1.607208 0.420755
0.407661 0.349230
1.224851 0.319166
1.721420 0.318754
-1.115671 -0.362104
-2.175824 -2.016976
1.358919 2.078028
1.040664 1.605121
-1.776442 -0.404139
1.041622 1.841946
0.549616 -0.208381
0.761256 -0.026591
-0.139673 -0.682904
2.728234 1.343195
0.620285 -0.006891
0.163023 0.415583
-1.925172 -0.611168
1.698078 -0.579143
2.179252 0.199056
-1.755002 -0.441768
-1.524561 -1.174375
-0.156999 0.499836
0.776719 0.649769
-0.780240 1.824552
-1.016494 0.318658
-1.649656 0.456026
1.796580 -0.680387
0.790992 0.079997
0.891142 0.097818
-0.424216 0.398647
-0.650071 2.422945
1.083033 -2.738675
0.593265 -1.195821
2.166471 -2.153759
-1.492052 0.566462
-0.954542 0.511697
1.143662 -0.522134
-0.547722 0.239278
-0.458093 -0.032175
0.661576 -0.108694
2.283845 -0.143851
-0.462446 0.422597
-1.793176 0.783942
-0.519707 0.945672
0.680435 0.048567
1.317402 0.129948
-1.253716 -0.387786
0.321565 -0.676523
0.838070 0.650544
-0.077576 1.987368
0.666088 -0.765191
-0.737183 2.627684
0.145596 -0.738685
0.727999 -0.660686
0.343883 -2.377331
-1.253711 -0.138904
-0.982917 -0.922445
-1.128936 1.318866
-1.240411 -0.298025
0.415245 -2.217035
-0.522845 -1.346343
1.665918 -0.713673
0.642033 -1.622805
0.768001 0.737646
-1.273844 2.371943
-0.156934 1.459282
1.084203 0.622777
1.149679 0.600320
1.214695 -2.544137
0.518566 0.020573
2.350580 0.328679
1.314287 -0.843802
1.582793 0.748868
0.066102 -0.688795
1.338302 -0.569752
1.342671 -0.283279
2.027609 0.527262
-0.660694 -0.368077
1.756660 -1.665512
0.298303 0.904062
0.571587 1.023119
-0.058126 -1.264433
1.359949 1.411774
-2.236382 -1.609775
0.404592 0.938852
-0.206523 -0.521707
-0.631328 1.185180
0.856633 0.422083
-0.977995 1.101144
-0.981157 0.917346
0.026461 -1.068417
-0.404770 1.136475
0.842506 0.562931
-0.012809 1.104833
0.016350 0.438078
0.309653 1.153501
1.030701 -0.377172
-0.053901 1.029495
-1.013087 -0.254802
0.935629 -2.659172
0.344956 2.815928
0.334473 0.591643
1.446668 -0.718326
-0.085552 1.412271
0.186077 -0.136897
0.113816 -0.203664
0.180197 2.405226
0.513929 2.911460
-1.323384 0.738288
-1.065325 0.241280
0.409430 0.387412
-0.630809 1.399378
0.347092 -1.535881
0.632823 -0.825305
-2.128035 1.738498
-0.151048 0.632504
0.497711 0.013501
-1.185114 -1.151256
-1.121385 -1.604916
-0.663605 -0.741273
-0.338781 0.764766
0.490377 -2.458894
-1.719204 -0.677908
-0.002836 -2.306112
2.001721 -0.531109
0.019206 0.779568
0.040397 1.565331
1.453041 0.135080
0.653015 0.827239
2.074645 0.261090
2.152262 0.730779
0.399182 1.741213
1.276627 1.505232
0.729636 0.456369
-0.207393 0.277104
0.127012 0.002738
1.090286 0.723243
1.869691 -0.797036
-0.281134 1.513982
-0.579484 -0.956913
0.531557 1.775041
0.670565 1.906537
-1.519798 1.570131
1.642595 1.071276
0.355496 1.984259
0.139225 1.066002
-0.318587 1.765672
-1.446497 2.547396
-1.136354 -2.241148
0.656988 -0.196630
-1.446549 -2.348524
-1.154274 0.137496
-1.052912 0.066138
-0.336898 0.484048
-0.127907 -1.509625
0.556514 0.915909
1.117144 -1.837411
-1.741988 -1.159421
-0.068429 0.514187
0.318114 -0.818877
0.479789 1.138014
0.877002 -0.566076
-1.039928 -0.659442
0.757866 -0.755468
1.440055 -1.479359
0.530411 0.970749
-0.434367 0.506159
-0.295356 1.052265
0.469708 -1.275052
-0.178971 2.335780
-0.918085 1.504187
-1.996241 0.959232
-2.036055 0.595392
-0.990472 2.069923
0.047247 -1.514949
2.075015 -0.850397
0.582936 2.225323
1.814402 0.504166
0.211568 -2.285004
-0.019052 -2.052693
0.849111 -0.623723
2.022602 -0.885610
1.085212 -1.989181
0.976924 1.902065
-0.060015 -2.013676
-0.905307 -0.294824
-1.244099 -0.484778
1.014849 -0.312815
2.357526 1.323410
0.035617 -1.479045
-2.263005 -0.935836
-1.427746 -0.937912
1.432496 1.069826
1.407196 0.794278
-0.901783 1.405132
-0.644182 -0.216989
-0.785362 0.600187
-2.181704 -1.235546
2.093775 -0.986232
0.616083 -0.631027
1.740709 0.732642
0.541054 1.000524
0.939785 0.861432
1.451091 -0.202317
0.808384 0.292614
1.711071 0.051204
-2.162596 -1.823909
0.754073 0.772791
0.551210 0.916603
-0.286627 0.408327
0.336480 0.818218
-0.936201 0.597564
1.397458 1.174330
0.558731 1.681382
-0.007471 0.504289
-0.766826 1.241264
0.657464 -0.874692
-1.148184 1.174902
1.436804 -0.986549
-0.082353 -0.162549
-0.747460 0.345699
-0.799467 1.579284
0.516837 -0.252548
-0.039357 -0.877105
0.969815 2.024342
0.660932 1.043549
-0.691556 1.840504
-2.277743 -0.068585
1.025974 -3.044524
0.375515 -0.099430
-0.377486 0.576644
0.196283 0.001481
0.876307 1.323627
-1.544605 0.606917
-0.688078 -0.322454
0.436622 0.570883
0.266913 0.719710
-2.771294 -0.343187
-1.119551 0.567438
-1.776041 0.037141
-0.072034 0.957039
-0.132748 -1.467054
2.660270 -0.822982
0.462567 -0.113135
0.252515 0.235397
-0.062499 -1.948094
0.901507 -0.934278
0.709650 -1.437675
-0.333598 1.049640
0.503657 2.251389
0.862635 0.964630
0.511531 0.476424
1.259778 0.376778
1.832723 -0.584016
-1.984494 -1.268727
-0.376295 0.496109
-0.786579 0.049631
1.560913 -0.095227
-0.570786 -0.797210
-0.828265 1.881166
-0.706552 -0.349874
2.353758 1.014525
0.072388 1.267551
0.798631 -0.834803
0.249143 1.737970
1.044517 0.282135
0.728371 1.287699
-0.510696 -0.174346
-0.882825 0.230597
0.748462 0.284276
2.780543 -0.053009
0.378277 1.382692
0.855246 0.915425
-1.016428 -0.961877
-1.186182 2.849744
-0.234559 -0.698477
1.265640 0.265851
1.156102 -0.471988
0.992487 2.061202
0.372767 -1.064870
-1.497258 -0.020013
0.220602 -1.727271
-1.456276 -0.432119
-1.832261 -0.318938
0.287588 -1.681208
0.467997 0.063899
-0.628435 -0.595904
-0.309915 -0.921224
2.404318 -0.709531
-0.342435 -1.120955
-0.799269 1.860481
-1.613158 0.204305
0.388961 -0.090927
-0.210010 1.052408
-0.085070 -0.373617
1.424075 -1.678344
0.038977 -2.273577
-0.626929 0.086021
-0.710600 -0.096611
0.096191 -0.229989
2.224872 -2.321051
-0.206087 0.428165
-1.299398 -0.269562
1.079444 -0.657814
0.435457 1.311367
0.310717 0.261510
0.047592 -1.107141
-0.552865 -0.771263
-0.327617 -1.816797
-0.322033 -2.158362
-1.223125 -0.762036
0.372353 1.475073
2.362083 -0.116590
-1.526736 -0.329175
-0.470305 1.732365
0.060034 -1.379194
1.375557 -0.092757
1.710501 0.988025
0.787378 0.526218
0.772419 0.025921
-0.859441 -0.793639
1.697376 1.308501
-0.794383 1.381332
0.879252 -0.309964
-0.300427 0.985451
2.199901 0.608070
-0.319127 -0.893525
-0.651315 -0.388064
0.094479 0.593152
0.343715 2.028559
1.287200 0.638744
-0.326581 0.445813
1.717950 0.167787
0.717465 -0.669509
0.816945 0.657617
1.054611 1.180508
-1.474846 -0.717121
-0.467157 -0.759150
-0.796422 1.177391
-1.674784 -1.589927
-1.609713 0.024312
-0.411303 0.307323
-2.035712 0.343983
-1.806054 -1.124247
-0.276428 0.837218
0.616833 -2.115294
0.402286 -1.613981
-0.793164 0.279581
0.903860 0.514400
-1.378673 2.009995
0.065116 3.033681
-2.612939 -0.271970
0.110645 -0.820484
0.424635 0.204939
-1.214107 0.219547
1.268009 -1.303404
-0.382199 0.299025
-2.109040 0.108674
-0.690949 2.183506
0.460341 -1.138465
-1.452959 -0.526313
0.708969 -2.634464
0.414459 1.597369
0.388541 2.571381
-2.497477 0.403951
-1.802375 0.644840
-0.067606 1.177573
-0.047472 -0.820696
0.895130 -1.286625
-1.021815 0.168461
-0.002959 0.651001
0.205909 2.072497
-0.516570 -0.618517
1.524775 0.192199
0.482005 -1.255118
-1.125001 0.974062
0.637747 1.074277
-0.028232 -1.714412
0.067439 -0.058126
1.439959 -0.011099
-2.978437 -1.366593
1.074422 -0.585870
-0.540423 0.776129
-0.447605 -3.162093
1.248005 0.443089
-1.909838 -1.267866
1.260956 -0.187940
0.840048 0.550150
-1.696741 -1.091956
-0.198733 -0.392532
1.312709 0.851203
2.520085 -0.516333
1.822365 0.427171
-0.406211 1.799516
0.231158 -0.301660
-0.489905 -1.417857
-0.262438 -0.187859
-0.479076 1.126615
-0.548796 1.852599
-0.659594 -0.124303
-1.694996 0.834577
0.341845 1.242546
-0.356870 -1.196860
1.260601 -1.239813
0.240014 -0.793871
-1.109284 -0.464363
2.040318 0.552384
-0.696563 0.806319
0.380280 -0.675003
0.713696 1.093316
-0.618173 1.849682
-2.145611 0.372934
-2.802434 -0.312697
-1.239502 1.097653
1.207024 -0.655439
1.013093 -0.078398
0.083171 0.380670
-0.567462 0.997128
-0.702822 0.353960
1.883792 -1.126610
0.434953 -0.992989
-1.551291 0.746217
0.267172 0.409985
2.314309 -1.730575
-0.992194 -0.404215
-1.096598 0.612806
0.736520 0.702390
0.671525 -1.422150
2.384884 -1.995778
-0.645789 -0.935254
-1.382278 2.282764
1.007293 -1.882584
0.340614 -1.964509
-0.246823 -1.528794
-0.075485 -0.169646
0.022850 -1.217335
-0.503235 -1.497139
0.203124 -1.837736
-0.194175 -0.942851
0.062395 0.687381
0.762179 1.034214
-0.099337 0.676799
2.241908 1.072789
-0.728357 -0.621681
-1.502899 -1.226008
0.147471 -0.109492
0.791939 0.628653
-1.417360 -1.945120
-1.385993 -0.548213
-0.380466 -3.056452
-0.381384 -0.641021
1.019915 1.444189
-1.167849 0.222353
-0.101211 -0.653885
1.092966 2.104123
0.062425 0.594277
0.138665 -1.913518
1.558593 1.251657
-1.799012 0.318043
1.181469 1.660950
0.741644 -0.640368
0.886001 -1.164456
-0.781259 -1.477280
-2.586478 -2.946781
-1.559200 -0.286394
0.149566 1.059453
1.576214 -0.577809
1.943373 -0.451613
0.597562 -1.448621
1.048903 -0.263145
0.137204 -0.373213
0.238962 -0.885727
0.643504 -4.137930
0.300132 1.384831
1.980078 -1.564778
-1.010429 -0.832390
-1.571749 -0.450174
-1.055733 -0.715876
0.942226 -1.987123
-0.870518 -0.472250
-1.041553 0.807535
-1.438639 1.563303
-0.337118 -0.020748
-0.695317 0.425400
-0.944326 -0.196323
-0.043776 -0.008357
-1.115963 -0.019820
-0.838013 0.920013
0.051343 0.654314
0.581226 -0.912223
-0.568843 -0.927487
0.176395 -0.430112
0.073777 -1.130630
0.145423 -1.172010
0.356513 2.761652
-0.093260 -0.319587
1.244881 -0.448303
0.183273 0.116129
-0.878617 -1.733334
-2.409997 -0.358149
-0.964609 0.396853
-0.527189 -0.188035
0.200422 -1.887185
-1.150961 -0.002299
0.076357 -0.461604
-1.687874 -1.915845
-0.386039 1.617229
0.990809 0.386634
0.953661 1.954372
0.211813 -0.639826
0.258339 -0.251163
2.012231 -1.212641
2.691539 -1.320701
-1.266358 -0.799811
1.640587 2.334809
0.429884 0.357100
-0.706797 -0.537498
-0.315806 -0.774917
-1.111965 -1.630786
0.523585 -0.763728
0.869973 -3.007432
1.994028 0.285810
0.361161 0.692558
-0.692580 -2.218953
-0.918678 -0.489931
1.616877 0.271274
-0.328589 -0.215419
0.868531 0.673408
0.763992 1.396509
-0.046260 0.380445
-1.650662 2.216979
-0.346519 -0.165854
0.676360 -1.475993
1.356642 -2.470463
-0.017148 1.403243
-0.081125 1.921509
-1.677611 -0.040294
-0.709468 0.845988
-3.587105 -0.371218
0.241128 0.398037
-2.353435 -1.649953
0.003500 2.443493
0.709371 -2.104539
1.166967 -0.888587
-0.517311 0.613343
0.330450 2.442752
-1.879282 0.340175
0.399780 1.598600
1.489277 1.764817
-0.456404 2.053426
0.812540 1.411667
-0.105040 0.110724
-0.480344 0.493125
0.082266 0.656538
-0.415017 -0.257237
0.436606 -0.393466
-0.745626 0.701581
1.943743 0.819385
-0.791680 0.544642
0.434967 -1.209730
-0.133729 2.929757
0.462506 -2.399962
0.465554 -2.237520
-3.276191 0.476929
-0.535158 1.269160
0.902189 -0.987683
-0.155049 -4.136716
-2.404826 -0.822357
-1.081723 -0.450934
-0.876793 0.152343
-2.019860 -1.296688
0.125938 0.634754
2.371117 0.298466
1.436053 -0.169224
3.161509 -0.264720
0.278824 -0.292473
0.803825 1.146658
1.693083 0.283494
0.673379 -0.046850
0.447180 0.606024
-0.142753 -0.689705
-1.717178 -2.295701
0.164823 0.214229
-0.339401 0.524872
2.484242 1.015284
1.223896 2.447367
-1.754415 2.075297
0.837166 1.213715
-0.028319 0.018686
-2.058111 -0.991770
-1.676581 -0.104341
1.428655 0.721271
-1.726371 1.492881
0.819714 -0.742533
1.218940 -0.752852
2.365936 -1.111243
-0.883274 0.316996
0.420033 0.032628
0.386796 -0.438256
0.562589 -0.491225
0.145419 1.061240
0.932963 -2.443435
-0.253056 1.034038
-1.143356 1.026523
0.351517 -0.407359
-0.912887 0.475774
-0.333225 -1.239119
-2.986807 1.177616
1.025447 -0.730283
-1.334897 -0.736315
-0.839560 -2.003425
2.067909 -1.525078
-2.952931 0.520731
-2.858895 0.293481
0.548578 0.724496
-1.550763 -0.345225
-0.421823 -0.960132
-0.908860 0.628623
-1.214849 0.192088
-0.103563 -0.364387
0.383506 -2.448902
-0.052001 0.154087
-0.424684 -2.379806
0.148697 1.079402
-1.404274 0.095352
-0.611153 0.025312
-0.071931 2.186132
0.845475 -0.397197
1.589602 -0.967624
-1.605773 1.033546
0.365438 1.899873
-0.554654 0.063126
0.738099 -0.190294
-1.752060 1.191725
1.819511 1.667930
-0.574442 0.822733
1.416933 -0.139456
-1.369493 -0.894644
-0.000678 0.316178
0.517278 0.372684
0.114530 -1.656365
1.494248 0.054860
-2.216634 0.272240
-0.901298 -0.861616
-0.658372 1.126449
-1.079263 -1.604529
-1.681230 2.338229
0.387632 0.168040
1.579511 -0.738051
1.371187 -1.531847
0.975830 0.874209
-0.246210 -1.416652
0.116318 0.467690
-1.105520 2.931923
0.644358 0.889993
-1.871555 -1.983669
0.826245 0.812552
-1.331135 1.147798
-1.258020 -0.188795
0.453849 1.435880
0.547957 -0.390219
-2.457228 0.124625
-0.273121 1.195772
-1.709644 0.647891
0.259711 0.841998
-1.275150 -0.203344
0.367669 0.744145
-0.475562 -0.115997
-2.760247 0.091739
-1.680166 0.773753
-1.896623 -1.042574
-1.447843 0.407403
-1.020201 -0.147791
0.404900 0.594849
0.287551 0.394558
-0.648836 0.485102
-1.020311 0.775668
-0.662440 1.758812
-0.931962 1.455612
-1.067913 1.654011
0.651482 1.261466
1.529546 -2.030831
-0.099822 -0.798374
-2.220859 -1.568176
0.196853 -0.073168
-0.784143 0.234791
-1.619162 0.931960
2.922342 -3.050328
1.145595 -1.157598
0.969461 -0.962640
1.576441 -1.101045
0.556727 0.235976
0.486388 0.631142
-1.485153 -1.615095
1.689671 -0.090072
-0.043428 -0.170889
-0.558444 -0.361854
2.158254 0.957836
2.107822 -0.469768
0.111100 1.458409
-1.608789 -2.191575
1.105452 2.449851
0.028583 0.038506
0.194693 0.373337
1.719537 -0.121360
1.445502 1.263257
1.427714 1.884429
0.184846 0.844448
1.380509 -0.389170
0.806296 0.279831
0.685257 0.894438
-1.872668 -0.653302
-1.906648 -0.781747
1.592101 -0.982193
0.659318 0.495784
0.245516 -2.008085
0.071134 2.559611
0.831377 -0.150179
0.493387 3.055748
1.874442 2.862724
1.530294 0.491749
-1.452570 0.425024
1.311278 -0.151843
-0.218332 -0.594120
-0.147440 1.430899
-0.480589 0.213898
0.765579 0.223930
-0.191837 -0.613069
-0.593862 -0.738520
2.020063 -2.784538
-0.919207 0.953944
-1.029230 -0.390869
0.313344 2.290854
-0.538961 -0.849794
-0.025350 1.584333
-1.023972 -0.277982
0.787683 1.745450
-1.013556 0.181478
1.842895 -0.790339
-1.200343 0.365183
0.787317 -0.419708
-2.246552 0.522778
0.713121 -0.735393
-1.810874 1.259273
1.899053 -0.365433
-1.408703 -0.634990
0.687256 2.808339
-0.728572 2.169045
-0.182666 0.362075
0.655585 1.640658
0.629070 -1.103407
1.335133 -0.896758
2.246187 -0.846115
0.436978 -2.483952
1.631806 0.945805
1.760650 -2.542685
1.801145 -1.196587
1.996043 -1.761046
0.360217 -0.401611
0.100280 2.295127
0.850641 0.004850
-1.784474 1.606660
-1.614799 -1.350950
-1.324368 -1.379111
-2.703598 -0.664945
-0.459856 1.577213
-2.138730 1.692703
0.750770 1.438517
-1.370621 -1.167591
1.307887 2.451281
1.183422 -0.042087
1.723814 1.815523
0.233826 -0.402436
-1.098258 -2.121771
0.470383 0.461261
0.463646 0.725783
0.944334 1.141783
-1.255793 -1.110315
-0.823183 -0.332816
0.026596 -0.535417
-0.399967 -0.178883
0.950526 1.156963
1.806529 0.152284
-2.400553 -1.091481
1.568235 -0.128123
-0.413401 1.711481
0.593414 -1.225543
0.613271 -1.166577
0.395091 0.389853
1.130556 -0.781459
-1.295421 1.869378
-0.555735 1.090972
-0.536168 0.436607
0.331051 1.244031
-0.202918 -0.053297
0.315576 -1.194295
0.813517 0.314928
-1.934861 -0.000512
0.926368 1.302381
-0.085475 -1.848628
1.374137 -1.483479
-2.979407 -0.384846
-3.199040 -0.362674
0.765235 -0.226134
0.234420 -0.698738
2.131396 0.779263
-0.708631 0.812848
-1.709417 0.095611
0.761828 -0.316040
0.298495 -0.517116
-0.712441 -0.889929
0.350044 -1.563215
0.389692 -1.051916
-0.186054 0.418781
-1.236602 -0.867480
-1.190122 0.714278
-0.244467 -1.237655
0.370315 -0.097190
0.271866 -0.995573
0.742878 1.668072
0.082298 0.785111
-0.992354 -2.275484
0.184142 -0.108216
-1.729242 -1.072419
-0.834792 0.176450
0.040034 -0.137722
1.212882 -0.654077
-0.073760 0.867985
-0.373667 -0.201190
-0.122209 2.218268
-0.137604 -1.247796
0.042639 -1.160162
-0.956696 0.600373
-0.713784 1.448641
-1.466448 -1.365060
0.911918 0.204539
-0.295887 1.104926
-0.116436 -1.955504
0.887414 1.155519
0.837163 0.971788
-0.680906 1.067056
-0.068550 0.014335
0.063384 -0.454585
1.698712 1.033636
-4.057434 -1.474191
-0.920129 -0.926431
1.689281 -1.441836
1.139908 2.315707
0.630505 1.776174
-0.392814 0.205699
-0.465277 0.622822
-0.420914 0.137877
-0.656449 -1.650043
-0.252490 0.354912
0.753698 0.395215
1.962053 -1.054048
1.688328 -1.085054
2.627590 -1.009928
1.988469 -2.041918
-0.141723 2.281304
0.437750 -0.774011
-0.049900 -0.332696
-2.538675 -0.267707
-0.349941 -0.122903
-0.491512 1.060706
-0.239758 1.553817
0.929819 -0.915341
0.338732 -0.431299
0.422597 0.022525
-2.001382 0.478724
-2.464511 0.177326
-0.232316 1.636608
0.781083 2.115377
-2.197953 -2.795747
-0.284483 -0.492602
-0.411349 -1.740988
0.506863 -0.285482
-0.264501 0.033157
1.589351 -1.601922
-0.708121 2.857868
-2.087892 -0.144340
-0.946436 0.212499
1.574371 0.626121
1.003530 1.187555
0.167126 2.780813
1.266754 0.790981
1.653703 0.117168
0.233406 1.144319
0.913283 1.347507
-0.300241 0.035786
-0.462509 -1.177970
0.173944 -0.477068
0.914110 1.426909
-1.491560 0.513175
-1.252125 -1.126975
-0.355581 1.602004
0.040908 0.476340
1.544009 1.532030
1.494331 -1.290667
-0.754384 1.346124
-4.065708 -0.646096
-4.055553 -0.655126
1.579207 1.103409
0.784426 -0.175687
1.745719 -1.086040
-1.865853 2.107731
-1.250522 0.133691
-0.186372 1.454645
-0.893654 -0.930435
1.822501 -1.355371
-0.616396 -0.366410
-0.548113 0.592273
-0.946926 -0.015944
-1.222942 0.874618
-0.503658 -0.059617
-0.415866 -1.763664
2.899905 -0.100703
-0.790485 0.694705
-0.428218 1.558630
-0.193253 1.408177
2.341511 -0.844277
1.946417 -1.810785
-4.071029 -1.557041
0.316122 -0.692350
-1.767753 1.232246
-1.717306 -0.013599
-0.317921 -0.241234
2.248542 -1.513868
-0.611757 2.020163
0.968291 -1.075825
0.238094 -0.327360
-0.924026 0.230058
-1.645048 0.905840
-2.505271 0.112945
1.745308 -0.084772
2.052207 -0.730760
-0.377049 0.151781
-0.811337 0.065758
-0.398017 -1.783158
1.852164 0.054061
-0.537214 -0.416956
-0.477492 0.577856
-1.585681 -0.894118
1.126204 1.788097
1.166311 1.000974
0.452165 0.493803
-2.545004 -1.415826
-0.628449 2.394243
0.145593 2.351897
-0.141340 -0.033032
-0.579735 0.457323
1.403233 1.021538
-0.593224 -0.136375
0.807463 -0.202588
0.207712 -0.512532
-0.385921 1.232662
2.485913 -1.270659
-0.281138 2.049849
1.338335 1.222595
1.100231 0.141124
2.382637 -0.950516
1.407914 -1.222649
0.542432 1.386041
0.857429 1.950240
1.052786 1.537459
-0.885046 -0.850875
0.478544 -0.096177
0.521165 -0.102181
-1.410221 -0.572140
-0.058188 3.072947
1.173240 1.224188
3.619183 -1.048842
-0.340232 -0.077319
-1.777970 0.361862
-2.436017 0.261588
-0.217898 -1.638408
-1.240762 1.100500
-0.914774 0.099644
-1.658596 -0.050071
1.649333 -0.887234
2.402652 -0.106984
1.098644 -0.031213
3.413075 0.889696
-1.916074 -0.778177
0.665567 1.600373
0.547346 -1.387917
1.996972 -1.210614
-0.198937 1.254572
0.678834 0.738703
-0.669312 -0.473164
1.323174 -1.562600
-1.674952 0.441716
-1.844688 1.292156
-1.924740 -0.541914
0.077401 0.280692
-2.625636 -1.696835
-2.312197 0.225640
-0.890935 -1.862272
0.023214 -0.135658
1.088137 -1.222002
-0.490882 -0.406363
1.807495 -1.509919
0.278995 -1.397829
-0.167740 -0.451826
-0.751455 -2.038266
0.407741 -1.307703
0.166935 0.562065
-1.746781 -2.730989
1.969734 0.220115
0.575226 1.866274
-1.343298 0.259097
0.766139 -0.965260
0.398682 -2.830885
2.379428 0.725131
0.471988 0.266930
0.456893 1.384768
0.872813 1.314846
0.225907 0.208046
-1.977666 -1.226935
-0.034994 -2.312381
1.774449 -1.295485
0.486400 0.099098
1.381384 -0.113374
-0.429254 -0.849168
-0.343547 1.902249
2.989252 -1.463285
1.480631 0.921290
0.838401 2.039567
-0.146499 -0.776861
0.667689 0.323625
1.221989 -1.585470
1.421534 3.092831
0.395199 0.243913
-0.538459 -0.091042
-0.198430 -0.736126
-0.092901 0.614094
-0.459240 0.738428
-0.758443 0.244907
-1.121962 1.740037
0.801168 -0.865860
3.947869 1.199861
0.859699 -0.116308
-1.117210 0.723969
1.576939 3.436415
-0.013016 2.104528
-0.757416 -0.162332
-0.302512 1.304162
1.106191 0.403955
1.961084 -0.579188
0.198408 1.692653
-0.519109 -0.182066
0.502560 -0.529142
0.627914 -0.703450
-0.290246 1.743742
-1.075643 -0.527460
-1.243431 0.010887
-0.270706 2.959390
-0.996089 -0.327349
0.412218 0.973488
-1.186896 -0.148455
1.631216 -0.988929
0.204567 1.015693
-1.239278 0.979861
-0.144464 0.092812
-0.927044 -0.981123
0.460005 2.605090
0.666196 -1.739944
-0.443570 -0.375773
0.586404 -1.019027
-0.437451 -0.278869
1.054081 0.973190
-0.462117 0.897413
0.244741 -0.657528
-1.249331 -0.946549
0.002358 -0.316956
0.797309 -0.153017
-0.004430 -0.059896
-0.033498 1.195012
0.227506 0.625899
-2.342073 -1.702783
0.414366 -0.961256
1.177515 0.634303
0.784449 -0.366307
-1.095888 1.619202
-0.817230 -0.961041
0.121841 0.606738
1.130052 1.949682
-0.844732 -0.830946
2.299852 -0.698719
-1.035770 1.151211
-0.919463 1.250827
-0.518887 -0.882275
0.024631 0.224979
-1.709524 -1.915133
0.588189 -0.249916
0.824572 1.035882
1.564506 2.419639
-1.099351 2.128052
1.858291 2.283503
-1.137702 1.417604
0.021198 -0.066181
0.987915 2.272094
-0.984052 0.311880
-1.536405 1.029368
-1.046069 0.595515
0.122686 -0.379366
1.716315 1.007668
-1.606674 -0.674436
1.670492 -0.986698
0.566805 1.118204
-0.376440 1.985319
-0.094674 1.181582
0.535745 -0.880512
1.243264 -1.691123
-1.826249 1.250945
-0.706590 0.230915
-0.198893 -0.574398
-0.244845 -0.253821
0.829731 -0.261079
-0.626764 0.780792
-0.140334 -0.543920
-0.905884 -0.222830
1.843762 -0.230232
0.131325 1.422804
-0.700350 -1.908349
-0.225651 1.347077
-1.578000 -0.280616
-1.593538 -1.594290
0.454639 -1.201010
-0.393821 0.635732
0.254678 1.362130
0.613422 -0.691684
-1.785287 -1.656351
-1.313054 1.764883
-0.883138 -0.250643
2.020626 0.332360
0.325165 1.031122
-1.071264 -0.444418
-0.951619 2.029489
-2.829764 -0.990622
1.637679 0.474265
0.601690 0.263299
-0.373077 1.318741
-1.376543 -1.745141
1.080067 0.115348
-0.683663 -1.088647
-2.226882 0.045724
-2.815501 -2.965187
0.588582 -0.384747
0.447944 0.711457
2.455188 -0.149995
1.571053 1.257067
0.706501 4.016778
1.347058 -1.066013
-0.439696 -0.103713
-1.834400 -0.790675
0.339947 0.157674
-0.607645 2.210388
-1.017011 0.340914
1.514226 -1.435023
1.528601 1.962040
0.773225 3.167311
1.283152 -0.519723
1.216279 0.962615
-0.345994 -1.736919
-2.055225 1.722367
1.406178 -1.750189
-2.218602 0.195261
-0.425498 -1.332098
-1.252370 -1.301389
1.511170 -0.694898
-0.140002 0.574740
0.523617 -0.132776
1.723585 -0.805326
-1.863994 0.037757
-0.447410 -0.461017
-1.436416 1.325276
0.694766 -1.924035
-1.745168 -0.290487
0.772761 -1.273972
1.209232 -1.678051
0.761332 0.115263
0.433804 -0.016667
0.482753 2.563412
-0.239222 0.728820
-1.083645 1.567753
-0.466713 -2.228711
0.199709 -0.488917
-1.172680 -1.296030
-0.116078 -1.427451
-0.932606 -0.845232
-0.256869 1.381775
0.592655 -1.959397
1.612179 -2.434003
-0.793507 -0.575207
0.614678 1.219978
0.236619 1.356739
1.101077 0.685525
-0.021683 0.298964
0.637649 0.986435
0.663887 1.621341
-2.247620 -1.544911
-0.420174 0.261459
2.339502 1.294828
-1.165804 0.921594
-0.213199 1.978134
-0.111403 1.549581
1.597922 -0.732712
2.699171 -0.501560
1.532667 0.262772
-0.004850 -1.369695
-1.086471 -0.490705
-0.093488 0.652573
-0.086461 -0.188235
-1.050687 -1.517775
0.224861 0.995288
0.228038 -0.765398
-2.110387 -2.219915
1.289300 0.831840
0.326187 0.024402
-0.190317 1.834288
-1.280624 -0.971296
0.262420 1.199972
0.143125 -1.037981
-0.017619 -0.057946
-1.812765 1.402157
0.346504 1.759220
-1.458722 0.759641
-0.715036 -0.464589
-0.125082 -1.427618
-0.187060 0.746225
-2.074223 -1.433851
1.201428 -0.981286
1.126328 -2.735844
-1.179487 0.422894
-1.180143 0.618735
0.389806 0.481994
0.120759 -1.867848
0.111259 2.193128
3.031963 -0.471557
1.529417 0.503977
1.474514 -1.339868
0.384429 -0.130430
0.706288 -0.266332
-1.384656 -0.513740
-0.364459 0.752387
1.138642 -1.209101
1.628660 -1.501446
-1.308092 -0.840805
-0.314684 -1.077408
-0.667074 -0.698595
0.356581 -0.605025
0.550613 -1.165392
-0.118045 -1.029228
-0.614194 -0.591675
-0.392228 1.925110
-2.432170 -2.739633
0.139866 -1.138642
0.040384 1.139233
0.055810 0.105361
1.690728 -0.390473
-0.743026 0.172900
-0.649714 -0.562101
-0.163763 -2.125886
2.204006 -0.183180
-0.661121 1.157588
0.655025 0.529073
-1.286402 0.508110
-1.055157 -0.979262
2.369240 -2.035283
-0.147117 -0.795100
0.202496 0.506873
-0.555637 -0.702514
1.191884 1.170369
0.265367 -0.137831
-0.166653 0.670976
2.362197 -0.044324
-0.192190 -2.494631
0.816144 1.333020
0.368449 1.842113
-0.472769 1.508345
-1.617193 0.214214
-0.719861 -0.117606
-0.801448 -1.339422
2.450533 0.186895
