-1.224693 0.469389
-1.680373 -0.654192
0.522898 1.331369
-1.146521 0.646401
-0.773026 0.780565
-0.630542 1.735110
1.515945 -3.419102
-1.124443 1.203492
-0.356933 -1.619905
-3.819311 -0.767165
3.478927 -1.587514
0.475510 -0.860629
3.549561 2.598856
0.335171 0.152871
-3.795412 0.463846
-0.355008 -0.322806
1.907184 1.265538
3.046379 0.990063
2.502065 0.930504
1.235400 -1.332639
-2.284761 -0.670978
1.290041 1.445171
-0.614598 0.157712
-1.123908 -0.789928
-0.866228 -1.604346
0.269321 -0.223433
-0.981813 -1.430364
-1.171712 0.955080
1.221152 2.211431
-0.315436 -2.684905
0.566315 -0.882424
-0.726265 2.397670
-0.717706 -0.310960
-0.841660 1.251602
-1.059228 -0.095756
-1.051191 1.186827
-0.264372 0.036589
0.564111 0.027995
1.246454 -1.256867
0.817523 -1.897354
2.251258 0.302819
1.395486 -1.075248
-1.321787 0.813259
0.019013 -1.233923
1.361006 0.229644
-0.614736 1.551690
1.817033 0.071284
-0.437669 -0.524516
-0.403562 -0.519572
-1.563637 0.203883
-1.042248 0.952996
-2.124024 1.884262
-1.999589 -1.054689
-1.025032 0.088377
-2.988138 0.962181
-0.940847 -0.515552
-0.363587 -1.547258
-0.529972 -1.469777
1.401179 0.847920
0.855211 0.532070
1.334487 -1.015954
1.690762 -0.051483
2.416050 -1.492598
-0.714343 -0.044825
0.669474 1.296100
0.024774 -1.021446
0.542051 -0.031876
0.398708 0.380314
-1.520607 -0.997254
-2.024324 -0.003311
-0.472172 -0.006061
0.003471 -0.869038
0.476237 2.777818
3.410700 0.033331
-0.486776 -0.701450
-0.902277 2.621609
1.245177 1.233170
-0.167563 0.496923
-0.374380 -0.739819
0.724949 1.842809
3.110438 1.700060
-0.490601 -0.363956
1.500626 1.596293
0.029598 0.357378
-5.292652 -2.067865
-1.821400 -0.596661
0.228688 -1.375653
0.784338 1.675654
-1.628234 0.061196
-3.199106 -2.532071
1.182519 1.986309
-1.797720 0.148239
0.508879 0.172910
0.476926 -0.968228
-0.993337 0.213512
-0.683881 1.400637
-0.709967 1.279906
-0.068035 1.932427
0.969746 0.252843
0.205539 0.461020
1.524554 -0.996902
0.607320 0.535662
-0.157432 0.953239
2.045250 -2.902521
0.701628 -0.261899
-0.073445 -1.478260
-1.961139 2.186042
-1.872304 0.573030
-1.638095 1.877688
0.081211 -1.401580
-1.277989 -0.455893
0.526620 -0.840259
0.355187 0.626084
1.863533 1.572158
-1.356277 -0.845234
2.954949 -0.677959
0.507624 -2.315115
-0.710856 -1.141674
-0.104716 -1.097734
0.564272 0.060901
-0.379045 0.571185
-0.981064 2.120709
-0.140273 0.778397
-1.422306 0.746861
1.129059 -2.488506
1.242043 -1.120025
-1.264233 -2.229318
0.302735 0.541060
-0.548487 -0.356448
0.627493 0.504966
0.019688 0.226018
-1.150232 -0.568866
-0.044669 3.005309
0.926048 -0.550125
0.978602 1.482353
2.721886 0.693571
-1.007407 -1.392894
0.166151 -1.432578
1.690667 0.680063
0.451352 0.245486
-0.704114 0.134603
1.515235 1.372717
-1.911229 1.092407
-0.676152 -0.773192
2.370554 -0.956415
-0.958801 0.206641
-0.484494 0.375436
-0.005492 -1.347684
-1.742880 -3.720682
-1.086885 -2.598281
-1.469702 -1.007033
-1.801641 -2.233714
0.753911 -0.212038
1.377922 1.490825
1.460754 -2.148951
-1.496917 0.031434
-0.001615 2.165721
-0.369543 1.190235
-0.191160 0.080128
-0.021634 0.256505
1.420185 1.101686
-0.275328 -1.570282
1.758658 -0.327926
-0.268452 1.495398
-0.504023 0.437861
-0.244715 -2.135569
-0.351600 -1.137518
3.786642 0.531044
2.312502 -0.827048
1.731231 0.410299
-0.147578 0.362038
-3.204606 -3.216251
1.962076 -1.788843
-1.543414 3.426274
0.169341 0.644136
0.954955 0.127321
-0.249951 0.381232
-0.534702 1.873431
-0.106239 2.281708
2.868183 0.737268
-0.539873 0.523473
-1.413455 -0.181478
-0.737723 2.904871
-4.118035 -2.545673
1.866039 -0.083145
1.063775 0.198505
2.547736 -1.631426
0.361417 -1.635905
2.030190 -0.370071
0.669166 0.848665
-0.972273 -1.224043
-1.251936 -0.629639
-0.035125 0.388638
-0.234465 -1.690599
-0.289145 -0.662238
-0.351824 -0.362607
-0.162636 -0.679338
0.207928 -1.648865
0.941969 1.700611
-0.080263 -0.348811
-1.927229 0.216729
-1.812019 0.443815
-1.062801 -0.228003
-0.951335 -1.699978
-0.280244 0.009954
-0.675438 1.171138
1.824220 2.138318
-1.506714 -0.241159
-0.538820 0.981624
1.722946 0.804921
-1.181191 -0.286075
-0.723818 -0.360656
-0.113546 -1.250773
-0.797388 -0.612614
-0.425372 -0.210983
-1.829273 -0.517465
-0.381495 0.093656
-0.137997 -0.246876
0.775190 -0.167886
0.054635 1.227300
1.054375 0.587230
1.474974 0.142497
-0.650524 1.099812
-0.002675 2.562647
-0.189769 0.602362
-1.894840 0.330826
0.527686 -0.322125
1.329555 0.129241
-2.040173 -1.323133
1.624269 -0.141079
-0.864589 -0.554090
-0.393962 -1.438576
-1.562718 2.925195
-0.418393 0.047055
0.361523 -1.171675
0.552770 0.549321
-0.133489 -1.032175
-2.028528 0.351132
-1.672552 0.256846
0.884134 -0.456112
-0.173030 -0.997025
0.401436 -0.308750
-0.208398 0.229175
1.009428 0.119473
0.525604 0.841188
0.966216 0.151922
0.951340 0.156449
-1.306289 2.980079
2.037702 1.164440
-1.138308 0.365498
2.018790 -0.149800
-0.498413 -0.124063
0.116346 -1.359406
-0.735841 0.985006
1.132595 -1.251094
-0.236541 -0.301113
1.438999 2.206718
0.989045 0.449707
0.976241 0.443280
0.857480 -0.530929
1.295968 -0.189960
-1.670229 -0.588435
0.466744 -0.901367
3.340598 0.968826
0.249294 1.597853
0.457325 1.324980
-0.259271 -1.743379
-1.221399 -1.623131
-0.018640 -0.466984
0.234638 -1.019436
0.399445 0.192512
1.183690 0.896359
-1.128011 0.754442
2.020912 0.743746
-1.125708 1.899378
-0.478207 -1.064384
0.044736 -2.175516
-1.859966 0.356997
1.185024 -1.007582
0.745371 -0.045111
-1.404193 2.788482
-1.760368 0.675529
1.292529 -0.238138
0.263505 0.237196
-1.335628 -0.992602
-0.920103 -0.072468
-2.439364 0.883520
-0.017100 -1.613455
3.747506 0.893170
1.025644 -1.408607
-1.238074 -1.121747
1.162544 -0.052472
-0.682212 0.096642
2.931169 0.705994
2.926685 0.703526
0.591199 0.717116
-1.567299 1.996634
3.227823 0.299951
-0.824225 2.533511
1.376714 -1.794949
0.533321 0.157449
1.019946 -0.176930
0.866904 0.335204
-0.963951 1.507549
-1.394869 -0.515206
-0.982647 -0.158872
-0.347514 -0.053035
0.269215 -0.999669
-1.786293 -3.870583
1.613701 1.122748
-1.792960 -0.844163
0.442007 2.120397
-0.647356 1.386901
0.410586 0.314269
1.604411 -0.714338
-1.492360 -0.749247
-2.170259 -1.572259
-0.103479 -0.345940
-0.850562 -0.296156
0.495767 -0.167843
-1.693996 -3.935605
0.136127 -3.667245
0.037923 -0.609309
-0.698500 0.386926
0.788634 -1.857207
-0.302380 -0.764659
-0.967186 -1.372245
1.266553 1.589942
3.692827 -1.121320
-1.532569 -1.462698
-0.542827 -0.989533
-1.541884 -1.609130
0.723046 -2.318386
2.333309 0.103580
-1.858605 -2.110154
-2.123169 -3.199911
-1.573101 -2.664320
-2.166584 -0.669893
-1.195803 0.044534
-1.754788 -1.391507
-1.015043 -1.621134
0.599404 -0.112145
-0.159434 -0.517988
1.468994 0.482153
0.617703 -0.632074
-2.157205 0.460412
-1.358357 -2.074295
-0.266225 -0.042534
2.951871 1.293492
-0.716074 0.268937
3.275318 1.793361
-2.469745 2.641370
-0.833315 2.231936
-0.647600 1.457838
-0.710377 0.909181
0.107471 1.215878
-2.147170 0.207636
1.592976 0.535237
-1.795054 0.274017
2.018660 -0.595498
-0.254044 -1.090460
-0.033669 -1.090425
-0.044381 -1.276676
2.237948 -0.838612
0.934858 -0.734935
-2.288265 2.489170
-2.340454 1.371833
0.637571 -1.074695
0.618837 -1.902117
-0.968409 0.908397
1.331356 0.403148
1.114937 -2.053028
1.084781 -2.108793
2.769883 -0.370712
-0.562597 1.227688
-0.864187 -1.108529
0.749483 0.668692
1.337414 -0.865545
-1.208435 -0.807300
0.739441 -1.248177
-0.048862 -1.185822
-0.484541 -0.532103
1.055816 -0.454251
0.935993 -0.493561
0.891162 -0.589791
-0.829501 -0.753380
0.014893 0.183729
-1.375720 -1.989504
2.792426 1.035477
-3.125541 -0.078706
2.681875 -1.210924
0.224481 -0.759867
-1.905983 0.788937
-0.840866 -0.924086
-3.006517 -1.352401
-2.948047 -0.349707
3.844492 -0.809940
-0.195517 -2.413200
-3.891054 -0.487207
-3.793213 -0.483841
-2.483494 -0.664108
-1.157928 0.060620
0.663021 0.595188
-2.207764 -0.298692
-1.080478 -2.762172
-0.436661 -0.189722
-0.056947 1.077594
2.438275 0.260904
-0.194669 -0.731103
0.136621 0.984542
-0.382299 -0.017126
1.108141 -0.174418
-0.721832 0.504489
3.265824 1.781519
-2.472161 2.644232
-0.833315 2.231936
-1.171373 1.805603
-0.778100 0.769887
-2.139544 -1.001415
-0.212373 -1.329668
0.163493 0.095047
-1.156710 -0.336625
0.656728 -0.470273
-0.543085 -1.331568
-0.571020 -1.048306
-0.647654 -0.847537
-3.755904 0.402016
-0.350093 -1.350335
-2.288265 2.489170
2.139522 -1.418288
2.524205 1.144785
-1.992024 -0.661838
-0.970281 0.902493
2.542973 0.336361
-2.048310 -3.555504
-2.248066 -3.439776
2.454112 -0.575472
-0.009565 0.224486
-1.994340 1.106508
-0.621635 -0.450654
0.614224 -2.523396
-1.451575 0.011419
-0.579428 0.201579
3.176414 1.075597
-0.847305 -1.040563
-0.409481 -0.130824
-1.343153 -0.897430
0.960804 1.249574
-1.186700 0.662030
-0.311698 -0.227110
-1.136149 -0.760711
-2.292710 0.825223
-2.102420 -1.695682
1.605817 -2.100991
1.995195 0.343081
3.298274 0.339365
1.190441 -0.066879
-0.973139 0.034799
-0.069510 0.719089
0.800866 -0.429422
1.261256 0.920146
-0.846508 -0.803431
-1.361602 -0.083244
-2.278062 0.989967
-0.709323 0.667453
-0.316849 0.093955
-0.838972 0.375414
0.215375 -1.697181
0.352588 2.019470
-0.192510 0.840183
-1.261955 0.908961
0.612451 0.309452
-1.076109 1.206137
0.455594 1.151722
-0.733476 1.705533
1.021183 0.864143
-3.429948 1.169687
-0.421966 0.907240
-0.758969 0.785826
2.676014 -0.556692
1.782146 -1.382344
0.583374 1.081674
1.802859 0.347572
-1.344962 2.058455
2.332281 -0.554710
-1.982615 2.574268
-2.750433 0.513450
-0.198244 -0.862643
-1.474683 0.411496
-0.889255 -1.917867
0.143307 0.088879
-0.801834 0.334967
-2.199271 1.460466
-1.694594 1.396744
-1.748975 1.018426
1.349509 -1.127027
0.818920 -1.600630
-0.611144 1.925538
-0.618860 2.003937
-0.157228 0.557114
-0.232761 -0.172941
0.485058 -0.160566
-1.275332 -1.037874
1.867408 -2.010445
0.546900 -1.216425
1.355519 0.125274
2.342844 -1.793730
2.754941 -1.095710
0.003679 -0.371822
0.771856 1.712352
-0.060481 -3.306328
-0.618692 0.161881
0.527664 2.324353
1.402535 0.943269
-1.244103 -0.387646
-1.543084 -0.591233
-0.202080 -0.491089
0.749258 -2.143685
1.243802 -0.599071
0.690670 0.445560
-0.183454 -0.582891
-0.589010 -1.433246
2.835781 -0.534938
-0.113035 0.058672
0.135206 0.431219
-1.836239 1.116376
2.620201 1.582078
-0.166987 0.615287
0.841794 0.661400
0.389212 0.644230
-1.630879 -0.278203
-0.724043 1.286751
-1.617671 1.359517
-2.056899 2.036625
1.471417 0.374841
1.251495 -1.067948
-0.251953 -1.894279
-1.055182 1.432230
-3.090986 1.271420
1.010752 -2.764604
2.284057 -2.400004
1.168380 1.269553
0.061943 0.813911
1.041602 -2.217926
3.406380 -0.483209
-0.003073 -0.876277
2.794042 -0.498445
1.238499 0.192501
-1.873948 -0.468464
1.495624 -1.557023
-3.043246 -3.121679
-0.691911 -1.433309
1.120474 -2.411996
-0.498283 0.090033
-2.032313 2.152281
-3.764135 0.054539
-2.034244 -0.344345
-0.465668 -2.176535
0.403789 -0.617278
1.187600 -0.451084
1.170129 0.917899
1.346859 1.160890
0.994865 1.520546
1.228590 -0.195168
1.356411 -0.102976
0.220205 -2.680062
2.191126 -2.789547
0.865483 1.804937
-0.524574 -0.372307
-0.440065 -0.844923
-0.156618 0.006685
-0.925373 -3.002074
-1.580726 -3.059041
-0.701624 -3.784383
0.060133 -0.709583
0.880587 -0.183240
-0.233127 -0.461663
-1.294894 -1.731962
-0.145034 1.098419
-3.158422 -1.649864
-0.438453 0.386928
-0.109030 -0.112794
-2.588677 -0.670509
-0.401612 -2.119674
-0.353413 1.060164
-0.031651 -0.331725
0.842698 1.187775
0.330177 0.660250
0.070564 -2.858139
-0.483978 -0.083683
-1.690724 0.791091
-0.204899 -0.258563
-1.752391 1.576349
0.443511 1.229355
-0.647133 0.036096
1.223979 -1.567078
-0.350499 -1.074327
-0.260511 1.112839
-0.240558 -2.285379
-0.021010 -0.322537
-1.586002 0.138269
-1.200197 -1.588051
-0.893332 0.812148
2.607799 0.241026
1.164024 1.061249
4.219622 -0.538172
-0.048242 -1.448788
1.321197 0.542889
-0.005116 0.565077
-0.950730 -2.492062
0.351133 -0.344689
-1.516318 -0.042082
-1.110639 -0.457375
0.994821 -0.207607
-0.324931 -0.300200
0.346740 0.839954
0.809436 -1.812609
-0.304121 -1.600025
-0.585550 0.014969
-3.482826 -1.166658
0.283229 -3.116069
-0.774702 1.664804
-1.820142 0.881110
2.924932 0.486929
2.324160 -0.201025
-1.172125 1.786613
-1.129776 1.363590
1.393567 0.343682
-1.474567 -2.862226
-1.123395 -0.936545
-1.346744 -1.243464
0.124095 0.126310
-1.358610 0.077663
1.480964 -1.181899
0.638934 -2.277684
-0.996503 0.592883
-0.568282 1.172265
1.219020 -0.196124
0.940826 0.136715
0.509295 -1.610206
0.702809 0.436115
4.065566 0.822455
0.492393 3.519122
1.868287 0.499498
-0.511173 2.050786
1.403023 -0.665430
-1.178168 0.141250
-1.659790 -1.715523
-2.812151 0.020182
2.124685 1.122439
3.391334 1.980710
0.237711 0.080619
-1.106574 0.338329
-1.661379 0.073654
1.085189 0.941219
-0.690277 -2.128061
-1.856312 0.002472
-1.870711 0.214846
0.356602 1.596957
1.213394 0.714830
0.322030 -0.792860
-0.604739 -2.887855
0.292898 -0.587093
-0.554486 -0.226025
0.190095 0.673940
-0.991677 0.652200
-0.288091 -0.186654
-0.834220 4.245830
-0.299501 1.965681
1.127000 0.128638
0.261194 -0.058465
0.890655 -0.123290
0.158500 -0.885353
-1.093904 -2.406461
-0.205610 -0.008739
1.002585 0.125234
-0.077874 1.335489
-1.524298 -1.260749
-0.402210 0.767580
0.682207 0.979896
-0.380428 -0.901597
1.325918 1.226692
-1.321582 -1.551394
-0.105386 1.430726
-1.670918 2.365774
1.279176 1.605626
-0.043080 2.237481
0.804020 -2.134966
-0.027141 0.743522
0.877667 0.102726
0.359872 0.001458
-3.001352 -4.046365
-2.607005 1.403075
0.747004 -0.093973
0.042992 -0.358463
1.086142 1.269281
-2.783691 1.239564
-0.097032 2.830214
-0.247741 0.601874
-0.825102 2.056210
-0.316733 0.922675
-0.178814 0.996540
-1.102517 -0.615216
-0.118622 -1.668175
-2.541012 3.233149
-0.412134 1.150293
-0.073021 0.001191
-0.544238 -1.627430
-0.809269 -0.984568
0.610675 -0.119715
-0.491904 2.128035
-0.023019 2.959733
-0.067076 1.171022
0.518915 1.232202
0.094013 0.297311
1.519167 1.192478
-0.305237 -0.862947
-0.272098 3.979878
0.794817 -0.289136
-0.777756 0.372083
-1.151663 0.024982
1.622783 -0.373481
-0.699335 0.884635
2.235147 0.298815
2.534325 -0.430401
0.766444 3.584965
-0.504186 1.175199
1.969170 -0.021744
-0.817268 -2.759962
-0.020404 0.386767
0.157686 -1.382691
0.078377 0.325329
1.272827 -0.229261
1.402268 0.134470
-1.216954 2.922689
-2.608234 0.498369
0.669648 0.446696
0.999986 -0.410912
-0.979908 -0.411358
0.565225 -3.777591
-1.145142 1.368231
-1.388242 -1.574382
0.745869 -0.118843
-1.693739 2.190142
-0.742427 3.439455
-4.028983 -0.293732
-0.499883 2.442773
0.610890 -0.673102
0.184016 1.969451
-0.053046 1.810970
-0.695792 0.543922
0.388446 2.322312
-1.731277 2.600023
1.415954 1.401571
-1.069304 0.579072
-3.387139 2.021650
-0.468035 -0.803944
-1.146711 -1.183438
0.924741 1.070799
-1.317837 0.358234
1.102053 2.722796
-2.220421 -0.690758
-0.064509 1.550078
3.423738 -1.071173
-1.008921 -1.073357
0.989382 2.189256
-0.664695 -1.264648
-0.753462 -0.594334
-0.191319 0.948124
-0.257268 0.368132
0.472998 1.393569
1.313723 -0.665953
0.371753 0.631939
0.680734 -2.855873
1.208444 2.407161
-0.258461 4.881616
-1.178876 0.975162
-0.890200 0.452226
0.178593 -0.801983
-1.983454 0.180861
-0.401413 1.513285
1.982597 1.881456
0.010637 1.103410
0.219185 -0.113973
-0.283657 3.520499
-0.682463 1.645239
-0.418630 -1.368491
0.889868 -3.838948
-1.890826 -0.734359
-0.921708 -3.968321
-1.930639 0.463512
0.492094 0.898724
0.542043 -1.976377
0.110168 0.033487
-0.980249 1.098827
-0.759148 0.251603
-1.164866 -1.545454
-2.181340 -0.057005
-3.266513 2.148438
-2.186129 1.352722
-1.962023 0.811315
0.652864 -1.234975
-0.254781 -0.311121
0.199764 -0.963424
-1.275360 -0.217373
-0.122046 -0.707627
1.022326 -1.403353
-0.667018 -1.082953
0.412204 -1.043351
-0.692787 -1.680966
-1.283195 -1.352274
2.866489 0.465891
-1.070998 0.826857
-1.066888 0.827281
1.924667 -0.165288
-1.013188 0.808929
2.268010 0.272688
-2.020623 -2.037626
0.164881 0.252268
1.815873 1.859422
-1.591197 -1.594327
-0.365336 -0.554178
0.234457 -0.652035
2.166115 1.926943
0.103550 -0.207307
-0.524396 -1.186632
-0.773702 -1.026557
1.159006 0.133223
-0.216462 -1.379796
-0.128857 0.883471
0.350077 -0.885130
-1.057605 0.953368
-0.028268 2.364556
0.161005 3.059719
-0.804154 -1.201928
-0.146403 -0.749981
-1.429245 -0.464046
-0.832140 -0.518942
-1.675514 -0.262022
-2.067707 0.095890
-0.661586 -1.786521
2.767819 0.716859
-0.001806 0.300733
-0.555024 -0.448692
0.448698 -0.123882
-0.517411 -0.899043
0.129652 1.552402
-0.452170 0.278278
0.134954 -3.292762
0.099582 -0.289681
0.469539 0.063325
-0.246683 1.409110
-0.657231 1.100543
-0.787756 0.755304
-0.339696 -0.306615
-2.231701 0.416814
0.439700 0.145999
1.434057 -1.850445
-0.353347 -1.032276
0.269969 -0.378318
-0.255450 0.827044
-0.375785 0.456008
2.640667 0.966571
0.684450 -0.100015
2.466053 -0.039860
0.976417 -1.485081
-1.161896 -1.108785
-1.602872 1.560389
-1.560451 -0.214612
0.380816 -1.069586
0.118258 -0.102302
0.290731 -0.572530
1.258948 -0.292640
-0.207479 -2.395717
-1.700279 1.135121
-1.364251 -2.685510
-0.483746 -2.750232
0.610665 -0.047307
1.374115 0.047298
-0.063517 -0.527467
0.283811 -0.365461
-2.884573 2.549037
-1.097822 -0.774902
-0.639999 -0.614089
-0.496710 -0.721081
-0.050686 -0.178884
1.706762 3.947866
1.912964 2.265206
-0.991787 0.126237
0.179623 0.898455
-1.308307 0.324773
-1.800330 -1.780564
-2.098757 0.498295
-0.478384 -2.473943
1.188730 0.637259
-1.519621 -0.633115
1.370798 0.265056
3.700011 0.060083
3.829645 -0.441388
0.745784 -1.144114
1.090891 1.274621
-0.228746 -0.314366
-3.024590 -0.103394
-3.024590 -0.103394
2.927592 1.100668
-1.449274 0.771859
-1.116080 1.422665
-1.183487 0.326990
0.124748 1.213729
1.363319 -3.524420
1.184225 0.551450
1.700737 1.846104
0.777396 0.811875
-0.542510 2.883929
-1.429754 0.830085
-1.342733 -2.615817
-0.297133 0.553597
-0.473437 0.241919
1.237654 1.053344
1.675379 -0.498285
0.025595 -2.292280
-0.171774 -0.302697
-0.071458 0.970172
-1.893039 -0.955798
1.250244 -1.111464
1.319866 -0.168805
1.740530 0.970834
-0.395034 -0.108138
1.732006 0.487760
-1.881782 0.046406
1.190689 -1.225398
-0.182297 -2.288213
3.363666 0.128599
0.199272 1.875935
-4.132620 0.411065
1.724150 -1.477662
1.812884 0.889877
-1.275355 3.358407
-1.103347 1.201795
-1.119815 1.194048
1.062913 -1.247250
0.439751 0.396650
-1.258437 -1.508183
1.723698 1.098550
1.092956 -0.786972
1.708532 -4.145227
-0.851939 -3.123462
0.770744 0.020920
-0.799938 -0.893573
1.260344 -0.434097
-2.527492 -0.960517
-1.406042 1.283801
-0.355275 -1.803525
0.757833 0.307650
-0.903300 -0.116246
-1.931548 -0.381443
-1.515020 -0.748852
0.273452 -0.286618
-0.401072 -1.611132
1.196449 0.690171
0.800852 -4.033293
-0.000019 -0.110882
-0.101297 1.705522
-2.175029 0.411556
-1.375335 -0.612230
2.465252 -0.897157
-0.423599 -0.325935
0.945810 0.645843
-2.852976 -0.156491
-2.119838 1.926738
-1.010032 -0.107750
-1.560384 2.247390
0.051601 2.646025
1.132458 0.899391
2.529560 -1.929932
-0.867180 2.479218
-0.142333 -0.737021
-0.200124 0.426939
-1.852756 2.129604
-2.230472 -2.389211
-0.146413 2.368061
3.555241 -0.586763
0.749787 1.564852
1.321545 4.517971
0.124608 -0.887820
0.791934 3.949989
-0.221076 -1.490722
0.003488 -0.144574
1.333297 0.080946
-1.178281 0.897902
-0.968310 0.242854
1.067456 2.020144
1.043953 -0.152729
-1.520201 -0.260051
-2.978452 1.137405
0.300323 1.996773
0.002770 -1.000973
2.725603 -0.239746
1.676947 0.168395
-0.660710 2.172760
-0.174017 0.751287
-0.170836 1.978561
1.481973 -1.292132
0.335482 -1.095745
0.874028 1.553552
-1.276440 -2.427554
-0.819760 -1.711238
0.712122 0.775109
-0.988635 -1.997247
0.795329 -0.306435
-1.062524 -4.319641
-1.096832 -1.081233
-0.574907 -0.774013
0.468164 1.463523
-1.361918 -0.569395
-1.101960 -1.313507
-3.802904 -1.590913
0.504488 -0.017800
-1.131675 -3.356778
0.657704 1.139785
-0.511454 -0.729199
-2.243517 -0.202226
-1.701146 0.118858
-0.738085 -2.053478
3.327594 -2.399607
-0.772840 1.138155
-1.866821 0.228285
-3.687111 2.941723
1.950683 -1.263937
2.728469 1.617533
-1.103934 1.384060
-1.313545 -1.222380
-0.357303 0.089043
0.721362 -0.770158
1.536356 -1.093794
-0.597774 -0.673540
0.640795 1.138834
-0.190106 1.553251
1.406934 0.155123
-2.230241 0.803218
-0.229472 0.690557
1.419062 1.388447
-0.762552 -0.180719
-0.463665 2.282375
2.745800 -3.175581
1.294317 -1.112739
-1.130125 -2.546140
-0.322094 2.502362
-0.427661 -1.857424
-2.764872 -0.917691
-2.611865 1.623472
1.928123 0.248299
0.210895 -1.968595
-0.168862 0.203895
-1.975915 0.315863
0.875988 -0.670015
1.010722 -0.899780
-0.215014 1.772135
-1.863261 0.425590
-0.231628 0.809060
0.706632 -0.057783
-1.299475 2.831971
2.129284 -0.610278
0.704119 -0.936810
-0.598438 1.100113
-0.604491 1.096846
-0.323602 0.294548
0.573199 -0.860351
0.492689 0.502367
0.945474 1.234381
-0.376165 0.395522
0.251340 2.710473
-2.699808 -0.728169
1.628207 1.773428
0.971015 -0.258638
-1.665699 -1.478808
-0.955105 -0.102249
-0.923713 2.285370
-1.743733 0.284552
-1.678482 -0.782695
-1.037920 -1.384902
-1.024613 0.675837
0.897437 0.458242
1.189448 0.859931
0.695009 -0.827100
-0.692860 -1.193905
-1.288904 0.993913
-0.784329 -1.125863
0.204608 -0.557825
-0.425798 2.349480
-0.614772 -1.005631
0.975955 -0.267069
-2.042338 0.181353
-0.994671 -1.218516
2.513102 -2.444333
0.589980 2.211189
-1.648613 0.743763
1.740900 -0.104417
-1.933180 1.135365
1.053970 1.049007
-0.492611 -0.689620
0.908069 -0.693724
-0.800174 1.243853
0.524275 -2.223787
1.796914 0.084214
-0.213581 -2.410850
-2.667139 2.886838
-0.159335 -0.154441
0.106196 -0.671660
-1.070547 -0.365125
1.018985 -1.125567
0.417003 -0.371133
1.154973 -1.015747
1.007139 -0.796174
1.407948 -0.883724
0.005954 -0.792165
0.269380 -0.564115
-0.248312 -3.431146
-1.925634 -0.110386
-0.770258 -2.284786
1.710372 0.931616
2.449516 -0.270505
-1.478951 3.396391
0.660415 -1.610168
-0.979863 1.234726
-0.131039 0.291423
0.804918 0.416550
0.068847 0.592125
0.235997 0.545452
0.184315 -1.406045
0.993603 0.413487
-0.422656 1.594109
-0.192949 1.481701
1.571835 -0.827060
-0.595016 -3.143095
-0.177970 -1.736971
-0.217570 0.833065
0.817923 0.079984
1.436837 1.294371
-1.404605 -2.036996
-1.840915 -0.427742
0.796314 0.708188
-1.028293 -1.060591
-1.092251 -0.042548
-1.043170 0.305643
-0.541729 0.314844
0.564634 -1.448392
1.111932 -0.984021
0.669838 -1.035169
2.328510 0.674730
-1.659334 1.694634
0.415611 0.308754
-0.615737 -0.209836
-0.061846 -0.013344
-2.148479 0.289026
-2.007851 0.229860
0.795299 0.086888
0.642642 1.306588
-0.038882 0.636660
-0.722471 -0.697544
1.022836 -0.671727
-0.301246 3.713623
-0.210186 1.582208
-0.168856 2.330844
1.177749 0.978686
-1.504453 -1.001177
-1.227016 -0.465343
1.159153 2.004899
0.182370 -1.802823
1.041137 -0.404639
-0.119082 0.891003
-0.560063 1.345184
2.857398 -0.608490
-0.204275 -0.154959
2.120739 -0.377399
-2.352588 -2.533496
-0.085699 -0.249791
-1.611019 -1.719239
-1.021799 -0.589405
0.920246 -0.351367
0.300014 -2.472144
0.621165 -1.486912
1.550671 -0.509949
1.338773 2.395287
0.698670 0.175463
0.330432 -0.109148
1.865818 -1.863166
-1.716227 2.381013
-1.943431 0.466058
1.527543 2.483551
-0.148943 3.021845
-0.088897 -0.462129
-0.180347 -0.747151
0.047624 -2.016241
-0.482117 2.321049
0.788411 -1.113250
0.423519 -1.962538
1.898508 1.624595
-2.404168 -1.712064
-0.025655 0.608999
-1.914385 0.636874
1.704305 -0.606667
-0.730706 -1.901434
-0.164868 -0.042318
0.711357 -1.711697
-0.833300 0.230987
-0.830686 -2.729039
0.258987 -1.181949
0.048340 -0.853953
2.152920 -0.955791
0.119670 1.425565
-1.028035 0.478862
-2.673312 2.213119
-0.743090 0.022044
-2.481574 -0.092228
1.333402 0.975733
-0.225237 1.567247
-1.690090 0.840318
-1.918436 0.563201
0.413151 -1.744496
-1.279715 -1.319316
0.636146 0.599364
-1.446153 -0.382207
-0.422953 -0.602674
1.008358 0.422589
-0.557355 -1.535592
-0.282474 -0.295516
0.032889 0.936272
0.077039 0.942815
-0.243220 1.051357
0.375288 0.629587
1.273590 -1.371090
-1.093006 1.650779
-2.589709 -0.290146
-1.984773 -0.142821
0.782738 -1.369817
-0.378992 3.760799
-0.406459 0.077541
1.777229 -0.223822
1.605639 -0.920766
2.139567 -2.875590
-0.782747 -0.621381
-1.484693 1.244610
-0.845585 0.435426
-0.300240 -0.316185
-0.196131 -0.423298
0.209343 -0.004904
2.095669 1.167419
2.645317 0.442201
-1.009332 1.243582
0.223313 -0.485508
-2.618534 2.182818
0.091185 -0.039651
0.299980 -0.702057
-0.446151 2.333056
-0.938205 2.295482
-1.742120 1.971170
3.017766 -1.730615
-0.938387 1.861294
0.529404 -1.139047
-0.430279 0.903221
0.326567 0.770458
-1.233717 3.651889
-0.105096 -0.651830
1.397374 0.891590
-0.960087 -0.743025
-1.191587 4.278755
1.357168 3.015963
-0.060937 0.675685
-0.873793 -2.387574
0.457547 -1.549597
-0.270471 -3.374217
-0.061055 0.431286
-0.620396 0.443253
0.780238 2.043881
0.048417 -1.814676
-0.043224 -1.331373
0.993695 1.168008
-0.546369 -1.952207
-2.112958 -0.491102
1.581909 -1.455359
0.329584 1.304113
2.225548 0.898736
-1.137237 -0.309726
-1.307588 0.224094
-3.496247 0.606992
0.703344 -2.659140
4.460973 0.960494
-1.617147 -1.848425
-0.770313 -0.300822
0.760847 1.146098
-0.285450 0.970753
-0.239075 0.357196
-0.958782 0.863320
-0.066126 2.925240
0.469758 -0.279376
0.916604 0.074905
1.437004 1.532068
0.096884 -1.528470
1.335099 -0.305026
0.168022 -2.582614
0.194695 1.636702
-1.229296 2.420388
1.588355 -0.246228
0.633155 -3.317940
-0.472699 1.716871
0.596174 0.483333
0.788224 -0.300528
-0.192915 2.341059
-0.548943 -0.173280
-1.222831 -2.885810
-0.638860 1.803313
1.212971 -0.350347
0.875227 -2.379520
-2.451906 -2.122411
0.210518 -0.202805
-2.355864 2.016438
-2.378328 1.994579
-0.240304 -1.176214
-0.241698 0.366257
0.376137 -2.138835
-1.422539 2.392722
1.031158 -1.674616
1.824428 -1.772015
-1.306530 1.448558
-1.010227 -1.163005
-2.583360 -0.103199
0.902614 0.935188
1.777571 -2.169845
1.874810 -2.151302
0.064814 -0.112096
-0.332187 0.767982
1.976975 -0.415023
-0.020187 -1.514961
0.042578 -3.403340
-1.680099 -0.240143
2.890460 2.575931
0.034357 -0.250958
0.043729 -1.850468
0.754170 -0.744310
-1.695123 0.227212
-1.715063 -3.579231
-1.020607 -1.203431
-1.620349 -1.157358
1.116034 0.786216
2.166199 0.854658
0.159194 1.479218
-0.694406 0.192121
-3.195826 0.703568
-0.882908 1.351225
0.560758 -1.643252
0.164256 0.718949
-0.611043 -3.920542
0.902610 1.048922
-1.708637 -0.001370
-0.069485 0.539663
1.256867 -1.517932
-3.057425 -0.366036
-0.839705 2.670658
1.178422 -0.040579
-0.898807 -0.058489
0.016198 -1.774908
2.666553 1.475221
0.165355 -2.571701
3.255906 0.288665
3.404678 -0.036346
-0.763558 0.228269
-0.260044 0.019385
-3.768293 1.979735
1.162046 0.734907
0.739884 -0.382877
-3.955976 0.477693
-1.038060 1.295149
0.026393 1.708526
0.313682 -1.654747
-1.744228 1.088805
3.006651 0.376208
0.537369 -2.382434
-1.769226 2.238221
-0.884163 0.496623
1.316427 -1.738394
-0.239955 -1.117280
1.493930 0.698055
-0.906585 0.722213
1.015859 -3.361036
0.401547 -2.617625
-2.055855 -0.969537
-2.297844 -0.374031
0.926703 -0.147038
1.098948 0.559303
0.153462 -0.026730
1.200793 -2.901459
1.200793 -2.901459
1.301852 0.959604
0.676431 -1.178692
-1.009898 -0.117124
-1.875944 -1.491005
-0.501244 -1.358505
-0.402650 -3.199114
-0.971436 -1.043141
2.569985 0.945682
2.243263 -1.174835
0.995812 0.166793
-1.460180 -0.735945
-0.487470 -0.001193
1.266431 -0.055216
-4.666213 -1.919876
-0.410963 0.737381
1.111874 -0.392727
0.840642 0.865060
0.398223 2.472162
-0.917719 0.747124
1.241183 -2.176408
-0.930007 3.766321
-0.098335 -2.306210
-1.551599 -0.046632
-0.786070 2.229789
-1.247809 0.276705
2.159327 0.257550
-2.955339 0.739135
0.708207 1.138200
1.065910 1.590550
1.412204 -0.397950
0.026986 0.670499
1.435388 -2.335660
-0.414515 0.686209
0.755739 -1.027691
0.829221 -0.864455
0.382707 -3.433676
-0.638632 0.600774
-0.286720 -1.769397
1.495394 -1.969649
-1.000509 3.171898
0.170625 1.922638
0.021131 -3.110494
-0.903754 3.384278
-1.009163 0.110629
0.301916 -0.840438
-0.783639 -0.259799
0.135175 -2.221456
-0.329779 0.987361
0.259936 3.161602
1.136403 -0.211997
1.317340 -0.476570
-3.658769 3.105092
-0.125338 -0.093351
1.069543 0.259648
3.685896 -0.919348
0.128362 -3.735598
-0.738653 -1.588645
-1.197766 -0.685950
0.382525 -0.336982
-0.004886 -0.399913
0.785874 -0.303634
0.177071 -0.795479
0.217590 -0.765988
-1.046556 -1.796889
0.173269 -1.554078
0.866863 -0.026007
0.469937 0.639142
-1.055862 -0.548110
-0.285724 0.120816
-1.860851 0.345409
-0.319528 -1.795306
0.223297 -1.676905
-0.537955 0.894382
0.164766 -0.855423
-0.465019 2.288689
-0.384763 1.650491
2.628943 0.146588
-1.674280 -0.201133
-0.821982 -1.602817
0.660104 -0.245949
1.277618 0.210870
-1.230737 -0.453190
-0.277749 1.986266
-0.876806 0.557541
-0.478285 0.795779
1.171654 -0.413865
-0.678544 0.322666
0.437029 0.410794
-1.783758 0.753973
-0.344254 -0.739917
0.567649 1.616414
-0.255584 -0.324776
-0.061149 -0.935186
-0.359942 2.079111
-0.001305 -0.355226
-1.293994 -0.598202
-0.159575 -0.113489
-1.562826 -0.101757
0.319872 -1.371431
-0.492698 -1.506321
1.661778 0.216770
0.418029 0.498534
-1.299279 1.040700
-0.250052 1.818049
0.193074 -0.741006
-1.007530 -2.641758
0.770954 -0.590150
1.636756 -1.036431
0.155071 -2.290401
1.024393 -0.266840
1.149807 1.052660
-0.599182 1.234803
-0.425293 0.315259
1.098969 -1.157557
1.321128 1.414208
1.576680 -0.359741
0.390066 0.954440
-1.779887 0.861499
-0.005064 -0.340912
-1.877516 -0.781402
-0.036504 -1.593155
-1.990927 -2.085851
-0.033584 -0.132895
2.538172 -1.088442
-1.278927 0.292968
-1.338434 -0.809874
-0.837902 -0.954484
0.412136 2.163352
3.088619 0.121001
1.417469 -0.950468
1.527537 -1.087121
0.908193 -0.442965
0.008457 -1.108257
-1.863448 -1.277245
1.233138 1.238964
-0.848404 1.806913
1.126809 1.525724
-0.072096 0.719318
-2.087957 -1.501789
1.203016 0.373285
-2.199560 0.669258
2.551974 0.949670
-0.278141 -0.822638
0.623154 -1.571784
0.343981 0.515617
-2.489938 -0.074072
0.600947 1.975058
1.792117 2.138888
2.540508 -1.096151
1.659378 0.230383
-1.687119 0.425617
-0.054704 -0.762049
0.758061 0.853082
-0.388626 0.947736
1.404162 1.579245
1.121801 1.434179
-4.378038 -0.217301
-1.266239 -1.421791
-0.148502 -0.171333
0.138827 -1.569229
-1.183170 2.187219
-1.139083 2.242627
0.569740 -2.568071
0.133319 -1.865410
0.597870 -1.241370
-1.303510 1.395371
-0.813450 -0.528443
0.162673 -0.581707
0.385378 -2.764260
1.296923 1.290331
-0.257844 -0.790862
-0.303713 -1.478998
-2.820046 -0.068208
2.499940 0.482468
1.103925 0.126338
1.027501 0.629106
-1.915900 2.199259
-1.996072 2.016330
0.689521 -1.622434
0.385678 -2.876737
-0.000490 -1.154483
1.005678 -2.562021
0.080408 -0.803997
-0.961231 1.530186
-1.291286 -0.078653
-0.249283 -0.558439
1.374719 -0.274062
0.463009 -3.856775
5.793053 -2.105583
-0.164173 -0.632387
0.410299 -0.973680
1.316467 0.015544
1.772563 -0.028532
-0.801707 0.948797
-0.118405 -1.924647
-1.234857 -1.414267
1.128660 2.860532
-0.045502 -1.963119
-2.334928 -0.546377
-0.433159 0.007489
-1.405039 0.022015
2.824473 -0.237435
1.022408 -2.702600
0.321944 -2.604619
-0.543176 -2.976431
-1.192639 0.107039
-2.051770 -0.067455
1.110420 1.053839
-2.411994 -3.291556
-0.201552 -0.645423
-1.759027 -1.941960
2.522462 -0.627085
-0.399057 0.170467
-1.181909 0.068360
-0.598429 -0.213571
1.226814 1.800506
0.653085 -0.244054
-1.287835 1.508838
-1.440682 1.082615
1.423780 -1.427963
2.210577 -1.342843
1.623703 0.420089
-0.569652 -1.467290
1.135781 -2.337488
-1.345630 -0.197461
0.457626 -0.920932
-2.308559 1.224173
1.913132 2.370856
0.075978 -1.935028
1.233252 -1.049243
-0.828020 4.458039
-0.009833 2.219479
-0.884952 1.782607
-0.433868 1.829143
-1.256007 -3.218649
1.780956 1.175094
0.446589 -0.580847
0.638098 -2.798542
-1.396829 2.060154
-1.412771 1.991540
-2.468399 2.864890
-0.137796 0.373665
-1.067587 -1.139675
-0.462763 -0.717580
2.682705 -2.648610
1.817070 -1.166786
1.383723 -0.893965
-2.887820 -1.036003
-0.302190 0.181990
-0.250878 -1.810415
-0.630600 -0.167812
-2.533260 -0.693968
-0.845066 -1.243974
0.459861 -0.008642
0.722511 1.653865
-0.684836 -1.390059
0.265871 -2.736263
-1.067642 0.307123
-0.114334 -0.502368
-0.634297 1.530618
-1.087615 -3.824769
-1.004930 -1.205934
-1.046715 0.149762
0.620137 -1.392437
1.246925 0.790204
-1.244465 0.035922
-1.228591 0.033687
0.135691 0.183038
0.172818 -0.284095
1.389425 -0.823885
-1.759300 0.059478
0.598779 0.584548
2.156922 -2.195098
0.597138 -0.246936
-1.256932 1.713946
1.251622 0.236258
-0.695755 -0.468108
-0.659850 -0.311928
-1.979350 -2.572385
0.939503 0.671248
-0.333666 -2.954111
1.754640 -0.745652
0.857669 -2.975652
1.149840 1.879896
0.459292 -1.535526
-1.263062 1.402973
1.316369 -1.985261
1.300423 -2.037872
1.778849 0.628758
-3.631307 0.898296
0.676759 -1.263571
-1.475719 1.779325
1.729607 -0.452344
-1.226207 0.961272
-0.260871 -0.167889
-0.586174 0.654545
1.704996 -0.694960
-0.827203 1.550563
1.003856 -1.710686
0.549490 -3.716940
1.307618 0.451756
1.601830 0.229878
0.840291 3.141151
1.672424 -0.005803
0.085654 -0.075010
-1.327316 0.867345
-0.469748 -0.664884
-0.362015 0.495015
1.560982 0.963936
0.591059 1.490356
2.620425 -1.201579
0.079251 -0.767922
-1.692129 -0.610725
1.525902 -0.137313
1.570558 -0.648846
1.361105 -1.143090
-2.764268 -1.438995
1.433192 -1.230036
0.717977 1.207995
3.353747 1.509120
-1.074639 0.609616
0.694356 -2.362105
1.456860 -1.623316
1.926872 -0.237838
-0.095790 -0.034137
1.077826 -1.389400
4.552525 1.133121
-0.956365 0.463457
2.933807 0.616891
0.318168 0.296970
2.470987 1.232004
0.608247 1.583623
-0.310485 0.076353
0.496307 1.090319
0.239669 -0.574353
0.024297 2.322183
0.747311 0.480617
-1.119869 3.728111
0.580216 0.056980
-1.945226 -0.452187
0.871928 0.409835
1.331288 0.950963
-0.111477 0.967825
0.395181 2.135932
-1.221157 1.975377
-0.747021 0.485313
-0.364576 4.669678
-2.287300 0.941356
-2.526243 0.289514
-1.623463 -2.694985
0.156815 -0.544445
-3.269851 1.178544
-0.481712 0.149350
1.443469 -1.020832
-1.036672 -1.023000
0.406422 0.719503
2.489007 -1.779335
-0.705443 0.558965
0.225883 -0.128832
1.265195 0.755507
-0.230237 -0.726793
0.809050 -1.026156
0.365202 -0.992362
-1.117561 1.927516
-0.646056 0.410064
-0.659969 -2.822254
-1.055996 0.944508
0.649314 0.254606
0.429610 -0.478796
-1.005589 -0.055038
-0.917361 2.524657
2.277012 -2.181214
-0.909148 0.434556
0.709491 1.481945
1.975987 -0.906947
0.442073 -1.054084
0.513499 0.769167
-0.224460 -0.446113
-0.096079 -1.111982
0.232407 -1.894215
-0.093529 -2.030795
1.062708 2.703791
0.180017 -0.470261
0.951188 1.278178
1.610297 0.835917
-0.091105 2.561236
-1.435958 0.154157
-0.131489 -0.308804
1.679329 1.387315
0.066622 -0.554890
0.285802 -0.088846
2.619608 0.238518
2.205324 -0.799050
1.116949 -0.424163
1.133419 0.958551
-1.687067 1.801033
0.311532 1.431361
2.719608 -1.184754
-0.036975 0.843710
0.223124 -0.099753
0.038518 -0.740985
-0.921120 0.688204
0.391347 -0.251288
0.393477 0.747110
0.724494 1.435838
-0.769313 1.554064
-0.379905 0.001755
3.843387 -1.651071
-1.376419 -1.461142
-0.998866 -0.618809
-0.866907 1.248621
-1.124641 0.258365
-1.259753 0.085492
-3.796035 -0.532655
-0.795157 0.843199
0.217719 0.168904
-1.245500 -0.794933
0.026608 2.193534
0.964416 -5.974812
-2.676597 -0.844224
-0.842237 -1.352708
-0.665155 2.391972
-2.137389 -1.250980
-0.892429 -1.894106
1.400619 -1.882056
-1.859955 -0.307382
0.800803 2.243169
0.325400 1.536640
0.346662 1.211544
-0.853720 0.544522
1.718263 -0.260442
-1.294723 0.318350
1.605825 0.267236
-0.669828 -1.792230
2.859500 0.013142
-3.349344 -2.856006
1.329568 -0.215308
1.032295 -0.190761
1.981925 1.801347
1.393068 1.518489
-2.616988 -0.280794
-1.857663 0.182657
-0.022270 1.297354
-0.248729 -1.515154
0.657336 0.876326
0.759551 -1.850158
1.527305 0.727970
1.891083 0.604113
1.548182 -0.181459
1.109789 -1.819439
1.934272 -3.206008
-1.473630 -0.775528
2.413077 0.101414
-0.953546 0.598450
1.304879 -0.646673
0.967522 -0.205334
-1.730484 0.123633
-1.899228 1.056810
-0.193228 1.205186
0.820074 -0.852509
0.179004 0.659175
1.028885 -0.204763
0.792418 -1.279443
-0.190283 -0.910305
1.566279 -1.083796
0.331030 0.619909
-0.212501 -0.829902
2.278580 0.327158
-1.688414 0.039223
-0.144380 0.836273
1.494398 -1.619322
-0.659004 0.989935
0.239394 0.776290
-1.687446 -0.149593
-1.811629 1.041280
-2.126007 -0.124377
-1.242039 -1.245915
-0.475544 -0.517093
-0.973352 0.559607
0.579883 -1.476745
0.942147 -0.382212
0.594475 -0.257790
0.126740 -3.142750
-1.119414 0.175610
-3.083856 0.736302
-0.564918 -0.028939
2.657274 -0.581817
1.996364 0.245986
0.833987 -1.105698
0.359691 1.327808
4.365646 1.195851
2.238007 -0.419752
0.633739 0.120213
-0.250678 3.823905
0.012833 0.807195
-1.931967 -1.187364
-1.149397 -0.975872
0.178328 -0.989578
1.142859 0.377057
-1.235223 0.868453
-0.605560 2.473199
-0.507824 0.792252
-0.035098 0.001664
-0.388737 -0.397378
-0.222517 -1.168617
1.606395 -1.124762
0.848166 -0.408149
1.661933 0.890451
-1.720815 0.651847
-0.932433 0.684438
1.313390 -0.430701
0.697453 1.246035
-1.841737 0.074645
1.020432 0.382804
1.132379 0.411173
1.688714 0.786730
-0.706757 1.981635
-0.171469 1.300145
-1.427619 0.979059
0.569240 -0.286795
-2.108203 -0.656119
0.760575 -0.417197
-0.074531 0.792724
-0.124600 0.697137
0.247540 -0.019073
-1.215253 1.316127
-0.291401 -0.401708
-0.862505 -0.356885
0.287031 0.077098
0.578227 -0.175481
0.547671 0.300750
0.618626 0.668575
0.557272 0.419427
-0.822792 0.762005
-1.361949 -0.389505
-0.260292 0.775574
-1.425464 0.447856
0.767084 -0.182419
0.509154 0.483094
-1.879765 -0.489245
1.153976 0.451982
0.513730 -0.588610
-1.181442 0.103145
2.879302 0.103067
1.878466 -0.208348
-0.116979 1.505636
-1.514118 0.560597
0.183442 -0.559833
0.678846 1.334025
3.305443 0.166248
-0.182720 -0.790050
0.650214 0.676200
-0.860956 1.843383
0.793949 1.297540
0.923260 0.663505
-1.400769 0.299013
-0.978317 -0.720852
-1.369621 0.149379
0.035282 0.890876
1.024180 0.029368
-0.911008 -0.784075
-1.211523 -0.516015
0.646197 -1.138061
2.074849 1.328761
-0.055833 0.807016
-1.205907 -1.359830
-0.795517 0.268664
2.603169 -2.191435
0.004164 -1.805483
0.817879 1.102682
0.816914 -1.534640
0.679868 -0.511711
-3.231770 -0.354973
2.080666 0.506222
2.594265 -0.113938
1.090881 0.574071
1.107221 -0.474050
0.266192 0.031984
0.043484 0.764904
0.168538 0.317096
-2.006581 0.528616
-1.116643 3.316985
-0.512106 -0.677261
2.317463 -1.170959
1.497882 -0.506397
-3.782955 1.042808
2.064460 0.251478
1.320503 -0.874318
-0.409602 1.849504
1.494027 1.400014
1.042063 -0.505274
-3.432729 -1.011846
0.426034 0.365676
2.170622 2.561987
1.023986 0.689471
1.322325 -0.350340
-0.247320 0.884786
-3.474194 1.847002
0.074705 -0.870535
-1.179412 0.198214
-0.114195 -1.631374
-1.074390 -2.239842
-1.857322 -0.555891
0.220271 0.156787
-0.442321 -0.622528
-0.386013 0.538687
2.590374 0.037345
-1.057521 -0.553682
-1.887808 -0.448080
-0.498850 -3.139841
-1.045153 -1.161049
-0.992020 -0.576435
-1.989146 2.923332
2.030940 0.251032
-1.694645 -1.241417
-0.594341 0.372889
2.554934 0.384975
-0.121621 -1.244744
-1.534456 2.713294
1.458477 -0.010761
0.300029 0.457732
2.154353 -0.763275
0.942263 -0.126824
-0.675562 -0.794658
1.170126 -0.688526
1.511445 -0.314184
0.858802 0.724592
1.997381 0.438226
0.155509 -0.503619
-0.153493 1.696804
1.496881 2.787432
0.616059 0.517181
0.865637 0.349933
-0.900459 0.044670
0.468184 -0.527953
-1.255136 -0.448997
0.552880 0.624267
-0.684826 -1.266320
1.252703 -0.278092
-1.904165 -0.335183
-0.497520 -0.758921
1.169360 -0.981712
1.104302 1.451308
-0.582650 0.217736
1.360724 -1.180329
0.794299 0.639475
1.423559 0.211996
0.158783 -0.709834
0.058457 1.816301
-1.858205 -0.578767
0.226275 1.043306
-0.105809 -0.041104
-0.563034 -0.607404
0.436629 -0.209424
-0.909995 0.683052
-0.148178 -0.223111
-0.403932 0.879369
-0.358830 0.229671
-0.999606 0.788870
-0.535480 0.395747
-1.351810 -0.437835
-1.835736 -0.803222
-0.932534 0.985891
-1.273708 -0.682642
-0.981055 -1.164977
-1.260904 -2.012711
0.120360 0.391404
-1.553057 0.917528
0.778727 -0.878022
-1.932386 -1.047217
0.430553 -0.258939
-1.083138 -1.212930
-0.917453 -0.457418
2.098031 -0.302686
-0.166935 0.200943
1.350933 -0.833026
0.997166 -1.261940
0.278410 -1.179429
0.509132 -1.280412
-0.317437 -0.672871
-0.143367 -0.202483
1.096948 -0.099446
-1.066382 1.066832
-1.218887 -0.139993
1.616943 -0.926874
-0.000768 0.591002
1.776746 -0.427788
1.380180 -1.294108
-0.713076 -0.261245
-1.088621 -0.846045
0.132672 2.173211
-0.835802 1.237383
0.725660 -1.659615
0.418569 2.382892
1.016179 -1.442995
1.158765 0.449169
-1.709196 0.234994
0.008037 0.338322
-2.028692 0.093013
1.675360 -0.031131
0.669581 0.641928
2.515690 0.255049
0.441331 -0.700264
0.366882 -0.539316
-2.005343 -0.112625
2.660266 2.260421
1.460263 0.608652
0.969642 -1.773792
0.907761 1.279212
-0.250861 0.823704
2.450589 -1.128910
2.022505 1.157222
-0.170013 -1.039846
0.913775 -0.629556
0.868554 -1.724629
-1.705945 -0.327235
-0.676485 0.895224
0.227060 0.825849
-0.088585 0.781216
0.778231 -0.174441
-0.334105 -0.721880
0.064875 -0.179756
-2.186758 2.066417
-1.058981 0.968659
-1.046648 -0.953587
1.242448 -0.091881
-1.709496 0.667832
1.959120 -0.751122
0.096962 -3.285318
-1.804878 1.352471
-1.057394 0.386168
-2.065965 -0.015700
1.485500 0.283156
1.317870 -1.684595
0.901836 -1.456055
-1.518026 -1.702539
0.505194 -0.291754
-0.268608 0.301961
2.792951 0.412721
-0.787205 -3.917089
0.127073 0.227449
-0.647741 0.095433
-1.963393 -0.474553
-0.608153 1.044861
-0.506959 2.033545
-1.695736 1.108487
-0.856494 0.827704
-0.846875 1.356609
0.061971 -0.768006
-1.237143 -0.169633
3.306406 -0.669917
1.713930 0.497630
0.027248 -0.958561
-0.101984 0.007669
1.695375 -1.271278
0.585681 0.397228
-0.930854 1.108204
0.092294 -1.441372
-0.111057 -0.441811
1.158701 -0.293967
-4.576214 -2.193012
-0.231374 -0.802475
1.184726 -0.276400
2.966274 -0.526065
-1.485467 -0.183549
3.370174 -0.925410
0.848214 -0.060490
-1.435490 0.565417
-2.118023 -0.311122
-2.740262 0.099327
-2.676107 0.024748
-3.088072 0.123563
-1.217990 0.598617
-2.805416 0.198039
-2.277304 -1.920519
-0.704828 -2.283594
-1.124933 0.188922
1.094264 -0.075694
0.722514 -1.098483
0.196789 0.696973
0.138249 2.137772
1.207552 0.024111
-0.170168 -0.003368
-1.027781 0.390701
0.401653 -4.159438
0.902087 -0.145468
-0.741604 -1.373568
-0.596429 2.175912
-2.069832 -0.755457
-1.240710 -0.173850
-1.169008 -1.382092
-1.207841 0.549768
-0.865291 1.049685
-1.491936 -0.535652
-0.475730 -2.306042
-1.291536 0.580418
4.484610 -1.818164
0.174091 0.589093
1.268482 -1.041325
-1.005013 2.543417
-1.073792 0.248666
-4.544629 0.083239
0.515162 0.104789
-1.770930 2.277999
0.776185 1.198020
-1.205560 0.521044
-1.976070 2.083475
0.030649 0.210539
-0.472248 1.487767
-1.571699 0.444919
-1.735599 0.823236
-1.227051 0.808325
1.215989 1.756636
-0.097528 2.247287
1.716329 0.218490
1.097063 -1.036974
-0.709106 2.011858
0.666475 1.225749
0.215185 -0.641110
2.048325 -0.737640
0.107305 -0.312802
2.306080 -0.530753
2.047997 0.164766
1.261390 -0.514855
0.732360 -3.984073
-1.769062 -1.085954
-0.218136 -0.646208
0.674268 0.191778
1.908466 -0.483464
0.280369 -2.132965
2.803604 -0.455842
0.631883 -0.620183
-1.514022 -2.799598
-1.787589 -2.603825
0.919359 0.335209
0.946631 -1.282576
-1.844023 0.542926
-2.621996 0.579573
0.121695 -0.733021
0.568711 -0.308157
0.996517 -0.121686
1.254652 0.642357
0.344472 0.233677
-0.712226 -0.106916
1.267985 -0.055934
-0.859724 -1.561229
0.668777 -0.025677
0.264575 -0.042058
-0.395444 2.667732
-3.486345 0.323433
-1.160120 -0.221076
-0.907114 0.757899
-0.438031 1.002864
-1.609310 -2.089876
-2.107827 1.205560
-2.513689 -1.805160
0.250919 0.889135
-3.390700 -0.510895
3.544031 -1.150376
-2.201071 -0.170681
-1.413197 -0.592400
-2.269650 -0.258163
-1.240692 0.200267
1.850809 -0.929328
-2.348361 0.525935
3.192308 0.910681
-1.237266 0.819648
0.339319 1.944468
-0.709845 1.217433
0.159406 -1.753853
-1.239816 0.516390
2.433891 -0.914017
2.482772 0.389031
-1.754868 -3.401755
4.331233 -2.020478
1.645845 -1.074830
1.033611 0.948524
1.365568 1.638228
0.345307 2.341048
1.396382 0.253225
-2.464768 -0.050167
-1.802999 0.104090
-0.056789 -0.923327
-1.966756 2.090394
-1.810346 0.693292
-0.230517 -4.934723
-1.511040 0.385762
0.500270 1.265549
-0.063468 2.116786
0.872421 -0.717864
0.499491 2.369928
3.035443 -0.395323
0.169415 2.302883
2.053215 -1.628121
-3.535413 -0.532665
1.026331 2.595799
-1.172386 -1.083628
-1.897157 1.767269
-2.563794 0.288130
-2.030252 0.824791
-2.540332 0.882433
-0.234062 3.076775
-1.170214 -1.213560
2.104845 -0.387913
-0.310773 -2.488361
-0.040990 2.280264
0.330910 1.129237
-0.217760 0.721263
0.341768 0.994995
0.569488 0.540626
1.029215 0.186450
3.034171 2.139667
0.808799 2.256822
4.281054 2.036724
-0.508530 -2.209997
1.828661 -1.136940
0.620987 1.679240
-1.590124 -3.226827
-0.558723 -0.716890
-1.135717 -0.851359
1.731389 2.472776
-1.228868 -0.421000
-0.643298 -0.694331
-0.353766 -1.017718
0.056187 0.183788
4.222112 -1.197115
0.221607 3.312491
0.246680 1.258973
-0.044814 1.049099
0.671343 0.417728
1.001540 3.272412
1.451337 -1.120403
1.512634 1.211368
0.351137 1.451622
0.420907 1.043848
-1.000843 -1.673373
1.038152 -1.073541
-0.123338 1.059324
1.379661 0.413681
-2.373606 -0.643776
-0.620053 1.478259
-0.568612 0.802070
-2.446582 -0.550294
-0.189651 -1.484274
-0.747297 -2.809576
-1.707664 1.269948
-0.316887 0.711660
-0.289677 0.651166
-0.518845 -0.095973
0.835062 -1.612441
0.390104 -0.695776
-1.129229 0.900676
0.398613 1.167663
0.256152 -1.228151
-0.575616 -2.389760
1.350996 -0.886042
-2.412423 -0.272323
1.687514 -1.922049
-0.868350 2.947000
-0.809490 3.282905
0.691282 -2.648011
0.143207 -0.667786
-2.079297 1.304128
-2.122063 1.793401
-0.639299 -0.660021
-0.651571 -1.413663
-1.777368 -0.810540
0.008784 2.414008
0.622922 -1.404404
0.199213 -1.198939
-0.551202 -1.017164
-0.073904 -1.343314
1.062893 1.108451
0.239939 1.175751
-2.027437 1.200100
0.619895 0.752568
-0.717319 0.678653
1.894640 0.554020
-1.065377 -1.624374
0.365169 1.791757
0.682117 -3.142277
-2.902091 -1.736749
-0.426129 -3.882269
-2.113494 -0.103726
0.527274 -0.547207
0.439127 -1.367679
-1.117226 2.001920
1.398305 1.101696
0.254056 -0.105341
-0.660091 0.037626
-1.310632 -0.901990
-1.301171 -2.440073
-1.659193 -1.148107
4.065205 -1.094225
1.062766 2.619595
0.896133 2.033014
-0.618482 -0.837295
-1.238528 -0.391431
-1.274983 -0.539375
-1.394155 -0.432234
3.557531 -1.680709
-0.098740 1.680275
0.860784 0.643099
1.291430 -2.014944
0.609175 0.344719
1.315061 -1.598119
-0.109542 -1.405726
0.151483 -3.097626
-0.094118 -1.233850
0.844258 0.307364
-1.326733 0.170407
0.641852 0.248105
2.635519 -0.831012
0.805144 -1.622544
0.178346 1.589409
-0.615043 2.401577
2.855801 0.397736
1.048997 -0.356041
-0.091949 0.282785
-0.388173 -0.843541
-0.319764 0.802688
1.682048 1.397213
0.919434 -0.194841
-0.759400 0.493008
-0.182784 1.359932
-2.099120 0.255039
0.382911 -0.075421
-1.129594 1.431339
-0.152300 -1.699147
-0.133665 -1.179347
-0.875166 -2.013340
1.655856 0.657427
0.883245 -0.055958
-0.086756 1.134274
1.980539 1.176160
-0.817243 -0.653418
-0.701594 -1.112639
0.053314 0.296853
0.672637 2.105822
-0.797248 -2.506470
1.587000 0.917766
-0.473599 -1.085398
0.945238 -0.420217
-1.942195 -1.797309
0.462739 0.463065
4.371716 2.335937
-1.133487 -1.345106
0.653183 1.130295
1.412929 0.318573
-2.154165 -0.012464
-1.137594 0.887716
-0.768467 1.588879
-1.753110 1.150781
-1.618471 -2.345563
0.135592 -0.555992
-1.066363 3.004829
-0.194407 -0.122641
0.881428 1.928049
0.689556 1.541581
-0.008848 0.111141
1.552553 0.040041
-1.423245 -2.898424
-0.032303 -0.987917
-1.512751 2.475728
-0.088540 -1.543290
-1.248258 1.217341
-0.282327 1.620155
0.220596 -0.319786
0.015661 0.731629
-0.775998 1.937018
0.238543 1.164172
-1.213906 0.269507
0.155339 1.007407
-0.907443 0.031375
2.061718 -1.140448
-0.373216 -0.515351
0.130961 -2.158324
1.263662 2.537446
0.172422 0.415550
2.242319 -2.493502
-0.764073 1.615123
-0.191722 0.812101
-1.089072 -0.653555
-0.418526 1.311840
-0.690755 1.365098
-0.949407 1.436023
2.904845 0.224046
-2.353035 -0.372650
-0.811949 0.607358
-1.232900 0.733402
-0.740071 0.540829
-0.298090 -1.129586
-0.232435 1.324661
-0.615050 -1.354910
0.374550 -0.639953
0.518930 0.838617
0.641625 -0.787918
0.237654 -1.713779
0.645005 1.375196
-1.145769 -0.824305
0.055743 -1.648179
0.235221 -0.036085
0.300028 0.589015
0.038036 0.292840
0.027943 0.282997
0.862296 1.112463
0.517937 0.021650
-0.729221 0.034109
-0.532966 -0.237942
-0.791878 -0.633406
-3.025052 0.266565
-0.113611 -0.007623
0.089886 2.093277
0.582047 -2.763229
-0.413160 -1.663468
0.600867 -0.080362
-0.723353 -0.029387
0.699408 0.478675
1.004219 0.513870
1.799794 -0.044477
0.767858 0.648086
-0.512148 -0.575447
-1.726108 -1.456566
-2.141240 -1.554373
0.248966 0.717278
-0.863076 0.009361
0.639220 0.247590
-2.826991 -1.662599
0.186765 0.601213
0.383591 -1.461148
0.158391 0.544120
1.944493 -1.894545
-2.446910 0.474262
-2.432065 -0.573602
-1.960843 -0.011051
-2.367609 -1.493513
-0.736887 0.968895
-0.967134 1.506003
-0.098329 -0.036600
3.685507 -1.283940
-0.217895 -1.286802
-1.059155 -1.028776
-0.649189 3.608908
0.782633 0.422881
0.236682 -0.369556
-1.764233 0.753085
0.294358 -0.441579
0.803326 0.408447
0.625418 0.713719
-1.158750 -0.354840
-0.046391 1.500165
-0.415661 2.438765
-2.416791 -0.717273
-2.315355 -0.685328
0.606520 -2.271482
-1.017269 -0.710855
0.522610 -3.074111
0.867399 0.250484
3.652359 -0.599877
1.792827 0.035878
1.765985 -0.732940
1.305471 -1.622458
-0.624245 1.174224
1.574116 0.590926
-1.193623 0.114747
0.677519 0.611108
1.274680 0.942489
0.878139 -0.864853
-0.079564 -0.694445
2.630410 0.140910
2.111437 1.894382
1.511432 1.650076
0.548651 -0.938247
1.155168 0.683832
1.841921 -0.817424
-0.722497 -0.168228
0.638774 0.292924
-0.258448 1.473756
-2.161244 -1.283938
2.434447 -0.415004
1.745103 0.002980
-0.678940 0.748959
-0.923879 0.328810
2.153106 2.563730
1.878353 -1.019657
0.804112 -0.603705
0.088989 1.873291
-0.630705 3.620166
-1.162266 1.515710
-2.816434 3.540166
-1.203661 1.294951
0.594234 2.738770
0.534068 -1.988658
1.695809 -1.079716
3.205336 -2.889724
-1.116681 -0.354548
-1.195988 2.325806
1.893956 3.063960
0.856775 -1.905894
0.305885 0.404570
2.730265 -1.646713
2.679605 -0.449839
0.611826 -2.000585
-0.876981 -0.378080
2.302464 -0.915848
1.670433 -1.349638
0.462403 0.667920
-2.853240 0.556663
0.740652 2.218942
-0.429232 2.175868
2.264155 -3.214184
-1.171365 -0.021123
-1.442086 1.274813
-3.275989 -0.497734
-0.071687 -0.308742
-1.294019 -0.617682
-1.829620 1.514537
-0.345102 0.302655
-1.032673 -0.457293
1.057148 -0.758572
0.258005 0.253496
1.583248 0.245827
-1.164244 0.440078
0.162111 -3.094693
0.105564 -0.020398
1.501339 -2.449907
0.330609 1.948205
0.229858 1.157329
-1.020657 -0.538243
-1.728569 0.281565
1.446006 0.604176
-0.218679 2.121388
-2.066687 -3.378382
1.078912 1.128575
-1.197058 -2.748339
0.566877 0.991582
-0.598382 0.746141
-1.169635 0.355808
-0.976490 -0.097281
0.028198 0.391516
-1.335381 1.612701
0.123001 -0.680533
-2.928714 -1.856668
0.037348 2.740848
1.959274 -1.448874
1.703636 -0.242189
0.835286 -1.179681
0.149255 0.896355
-1.164088 1.173749
0.697810 -0.299785
-4.568660 1.094240
0.475563 0.994160
-0.147226 -2.918207
-1.579609 0.922329
-0.495324 -0.004867
-1.134288 2.911809
0.849182 -2.725252
-0.723719 0.689702
0.703425 -2.234884
0.767743 -2.046742
-0.001140 1.244963
1.317716 -1.637368
0.516787 -4.865533
-0.735904 0.515737
1.377511 0.093719
1.670785 -0.226443
1.672313 -1.481735
2.105406 2.201555
-1.774950 1.901389
-1.376950 0.886487
0.679705 -2.939418
-0.103467 2.021877
-0.430360 2.177982
3.551827 -2.368644
0.480743 -4.063966
1.612585 -0.587878
-1.460391 0.125158
-2.597839 0.844902
-0.338211 2.363831
-1.830819 1.509102
-0.616458 -2.736529
0.909207 -2.792060
1.835181 -0.264601
0.793365 0.525159
-0.952886 -2.601347
0.639798 -2.275087
0.035186 -1.051822
-1.117516 -1.833717
-0.301248 -0.364542
1.204213 -1.084763
0.713343 0.666706
-0.733942 2.591596
1.319679 -0.273487
-1.725118 -0.466570
-0.219209 2.113865
0.893675 0.314909
0.449482 -0.222556
-1.110871 -0.877454
0.569177 0.986589
-0.512625 0.746151
-1.272617 0.273324
-1.384276 -0.201905
0.355192 0.516622
2.325978 -1.020301
0.243829 -0.752287
-1.399430 0.889977
0.042456 2.745419
0.895588 0.826647
-0.537980 -1.720693
0.609098 -1.160950
1.157963 -2.233778
3.084342 -1.245908
0.533005 -0.187216
-0.559732 3.954607
0.018931 -0.032082
-2.600137 0.019686
0.831770 0.272873
-1.154204 0.788876
-2.238059 0.777141
-0.245599 0.010100
-1.755353 0.548667
-0.820270 0.052815
-0.109332 0.339088
-0.528679 0.120707
0.483957 0.017988
1.047495 0.024112
-1.225071 0.477961
0.054846 -1.121682
-1.028153 1.327702
-1.163980 1.473841
-1.632839 -1.673528
-0.247827 -1.531430
0.873376 -0.080492
0.919222 0.434453
1.017903 0.590729
2.622704 -2.983385
1.817768 -3.002056
-2.901077 0.849684
-1.381499 1.003377
-0.976634 1.460367
-0.474633 -3.406092
2.025941 -0.595949
-1.661928 -0.047236
0.689035 -1.098063
0.213354 -0.228868
-0.759931 -0.396264
0.637480 -0.129886
0.081015 -1.039027
0.334836 -2.008567
-0.534948 -0.018814
-1.224696 -2.658496
0.018202 0.505912
1.449419 4.312335
1.103975 2.778243
0.066775 -4.213436
-1.112550 -1.607198
-1.323299 -0.401374
2.935839 -0.882296
2.889947 -1.108926
1.547173 0.441244
1.672202 -0.700663
1.236118 -0.517773
-0.383397 2.155608
-0.251936 1.646320
-0.892146 -0.537668
-0.369440 -0.443598
0.596829 -0.069812
0.223979 2.099261
0.490138 1.476513
-0.029217 0.329093
-1.991993 -1.464808
-0.278801 0.080783
-1.129193 -1.817427
1.463635 2.640402
-1.905437 -0.718843
-1.335884 -1.127669
-1.458446 -0.570355
2.117693 0.224759
0.173286 -0.275835
2.024725 -1.011535
1.248223 -2.058765
-0.028793 -0.100980
0.440673 0.534128
-1.316950 -0.394400
-1.674078 -0.155407
-2.633485 0.910783
-1.506934 -0.131399
0.597035 -0.373182
0.325638 0.768125
1.348086 -0.283244
0.881581 -0.025874
-0.723415 0.361408
-1.564624 -2.110404
-0.246639 2.933805
-1.014625 1.011520
1.150919 -0.734067
0.444002 -0.555122
0.005961 -2.605196
-2.075816 -1.278730
2.088330 0.338233
1.866861 -3.522858
0.322171 0.007492
-1.085904 -0.702706
1.675497 0.515286
1.190902 -0.305426
1.390879 3.455047
0.889479 1.894386
0.636351 -2.209477
-2.802597 -0.759696
-2.150988 1.085795
1.105805 -0.025339
0.245806 -0.169467
0.325658 0.055368
-2.468803 -0.427790
-0.216663 -1.171242
-0.099140 0.737597
-0.749929 -1.021193
0.580307 1.970079
1.306243 1.179090
-3.033221 2.559863
2.095625 0.675535
2.090261 0.683523
0.138426 1.376501
-2.083251 -0.688247
1.023921 0.893751
1.261346 1.159551
-0.845423 1.168563
0.061428 -0.513495
-0.097574 -0.747452
-1.058712 -1.478437
0.201514 -1.063751
2.405350 0.452780
0.236580 1.224771
-1.017737 0.599428
-0.948030 0.494156
1.917746 -2.421459
1.705481 3.579879
-0.948131 3.068170
-0.433254 1.676670
-2.410328 -0.638675
0.552976 0.427750
0.705865 0.885322
-0.568414 -1.444296
-0.145743 -0.794681
-0.527841 2.196081
-0.043386 -1.107729
-0.356406 1.044250
-1.134584 0.288941
-1.505267 -0.596127
2.556393 -2.040568
-2.518619 0.430978
0.607606 -1.285266
1.614838 -0.663230
1.557834 -0.765818
-3.123642 0.227835
0.987673 2.545369
0.322987 2.467064
-1.437269 -0.947703
0.180230 1.531288
0.650020 3.294186
-1.103449 -1.884880
-2.600206 0.613917
-1.410028 0.354019
0.935232 3.754441
0.632292 -1.517740
-0.165187 -1.834223
-0.712579 1.425814
0.580361 -2.009868
1.573196 0.554756
-0.212888 -0.202298
0.448552 -0.381640
0.364688 -1.250812
-0.932958 -1.893503
-0.437275 -0.086988
-1.182116 -0.029074
0.921981 -0.995427
2.021957 0.901532
-1.364272 -2.485066
-0.190683 -1.202926
-0.644989 -0.662783
0.285344 1.718881
0.959813 1.164325
0.925196 0.057927
0.204867 -0.762220
0.189816 1.027939
-0.405422 -0.411738
1.053391 1.240822
1.430425 0.409268
2.645714 -0.358852
0.353009 0.297930
0.443961 -0.210813
-2.017301 -0.865691
1.939801 0.925395
-0.687065 3.267428
-2.692820 -0.754889
1.650338 -1.718696
-2.282274 -3.325502
-1.098297 -2.960118
0.864735 1.811816
-2.766068 -3.978424
-1.559251 2.486437
0.934370 -0.402899
-0.445780 0.957195
-1.070113 2.253298
-0.057637 0.469809
1.876157 3.832635
-2.105361 1.371166
0.561619 -0.381026
-2.556964 -1.075871
0.815816 1.195682
-0.132193 -3.485623
0.028181 -1.771420
-1.838122 -0.254133
-1.624315 -1.697020
1.349232 -1.675130
-1.285282 1.741249
1.397035 2.106623
1.911139 -0.173716
0.002430 0.570994
-0.678363 2.065023
-2.598545 2.790764
-0.948989 0.567037
-0.159761 1.554235
2.037449 -2.139509
-0.194732 0.877774
0.043179 -0.362513
3.573116 -1.750136
-1.493622 1.217666
-0.415782 1.396144
-1.294413 -1.064660
1.948354 -0.603851
-2.406041 0.070256
0.198208 -0.214335
1.984346 0.694208
1.391682 -0.020148
-1.162488 2.900645
1.783130 -1.397206
-0.140691 0.184731
-1.228534 -2.311219
1.308424 -0.922497
1.576663 0.146375
3.697248 -0.749956
4.789310 -0.856366
0.329835 -1.556471
-1.863016 -1.127208
-0.711460 -0.670611
2.535587 0.588146
0.477008 -1.822342
-0.588004 2.097642
-1.741980 0.325214
0.538057 -0.996730
-0.462901 -1.066088
1.189455 0.001532
-0.174054 2.497527
-0.556421 1.590500
1.974416 3.187282
0.347816 -0.238456
-0.625531 2.160771
-0.492769 1.138461
-0.429857 -0.296692
1.369438 -0.568067
-0.586980 -3.127190
-0.624955 -3.153653
-0.123048 0.507406
1.432882 0.476979
2.236209 0.064059
1.156488 0.635800
0.385765 -0.850314
-2.144820 0.082930
0.578906 -0.133840
0.866592 -1.230985
-1.291167 -1.602447
-2.095969 1.067199
-0.673253 -0.585933
-0.404681 -0.625035
1.275920 -0.962501
-0.320455 1.015169
-1.946151 -1.995105
-2.729941 -0.038262
-1.791408 0.356038
0.446004 -1.360456
0.194366 1.588791
-2.232099 -4.893106
-0.622145 0.540169
0.175163 -2.269712
-0.012811 -4.362170
-0.109051 0.159234
-0.644398 -2.075398
0.707660 0.295070
-1.884996 -1.502982
0.254141 2.550875
-0.417257 1.715419
0.912709 0.107839
-0.579935 -1.914025
0.146232 -1.563314
1.821876 0.243994
0.179295 -1.659275
-1.539832 -1.491272
0.481111 -1.484117
-0.100444 1.403981
0.912020 0.092846
0.659939 0.841415
-0.399517 -1.708674
0.038772 0.217654
0.970511 -1.236386
2.832073 -0.543730
0.100416 -0.023668
0.907245 0.013384
0.069023 1.491032
0.312637 -0.318114
0.310624 -1.757020
-0.141915 0.907640
-1.689033 0.839644
-0.044844 -1.150670
1.608944 1.119826
-0.573916 -2.711789
1.636234 -0.123499
0.584969 -1.127587
-1.138285 2.049958
1.569447 -0.756203
-1.152242 -1.315889
2.333654 -0.942331
-0.114387 -2.499861
-0.218165 -0.049093
-4.292652 1.932135
-0.624313 -3.156924
-2.969657 -2.043851
-2.093086 1.505789
0.525484 1.329854
0.846312 -2.072929
1.700822 -4.671874
-0.897788 0.462145
1.882782 -0.024150
0.416160 -0.362057
1.815238 2.758721
0.122983 0.090525
-3.208336 2.700455
-1.527613 -2.421679
-0.494914 1.522358
-2.164044 -0.749878
0.982951 -0.861666
-0.532738 -1.610929
1.660649 -2.930815
0.480268 -1.001459
0.215155 -1.717794
1.368309 2.584768
-2.909668 -0.611363
0.037513 0.294907
-1.097451 -1.082912
1.447226 -2.482866
-0.259368 -1.941376
-1.435434 0.512956
-1.212423 0.401107
0.855081 -2.399862
-1.133335 1.215889
-1.360030 1.055007
-2.212917 -0.355546
-0.685069 0.991988
-0.022030 2.161015
-1.106713 2.209018
0.010986 -1.807163
-0.937295 -0.697783
0.471238 0.874005
-1.179074 -0.462540
-1.680846 0.436177
0.358807 2.079388
-1.420725 0.078791
1.810762 -1.670610
1.532472 -1.019465
-0.974598 -0.946427
-1.041295 -1.549578
-1.707400 -0.738688
-3.712241 1.184991
1.502432 1.322414
-0.065098 1.022380
0.459605 -0.281348
-0.705832 0.951589
0.151104 -0.526370
-0.287977 -0.312008
0.367445 -2.061592
-0.205833 0.103933
-0.170847 0.293298
-1.154603 -0.802520
-1.144203 -1.850398
1.214981 -0.073348
0.454500 1.777416
-0.448063 -0.463123
0.554696 1.209462
-3.666213 -3.919876
-2.267111 3.630165
-1.281574 -1.501502
-1.713455 0.070756
-3.049429 -1.557014
-0.127571 -2.106019
1.029077 -0.594258
1.575295 -1.857933
0.257533 0.524005
-1.009092 0.267716
-0.670625 1.001811
0.571266 -2.345951
-0.047610 -0.283410
0.062188 -0.765793
-1.629477 0.390623
-2.905816 0.627032
0.970667 -1.493439
1.440016 -1.838848
0.447147 0.133721
0.059974 2.685471
-0.866466 0.490013
-0.679876 -0.187448
0.060642 -1.283377
-0.301578 0.911099
-1.782435 1.526393
1.458544 -0.044193
0.205329 0.998611
-2.229016 -0.793190
-2.593659 0.600343
-2.228203 -0.934897
0.247592 2.246908
-1.069586 1.497991
-0.836135 0.803450
0.268381 -0.257524
-0.681473 0.576493
0.412588 -1.021790
1.215839 1.411467
-0.405629 -0.160856
0.817490 -0.795386
-0.673463 2.304944
0.472114 -1.945150
0.684486 0.816197
0.280911 -0.143217
1.498778 -0.038890
-0.436135 0.226244
0.689682 0.735491
-0.801846 -0.418589
0.307517 0.220248
0.991699 0.517564
-0.319181 0.097650
0.129643 -0.596824
-0.647963 -0.146235
-0.691203 0.916712
-0.189958 1.166671
-1.834839 -0.038286
1.103112 0.808113
1.066743 -0.666826
1.255824 -0.540152
0.539414 2.036858
0.091088 0.100848
0.549484 -2.859670
-1.137406 2.279197
1.236981 0.176963
1.213251 0.312366
1.126402 -0.603436
-0.914327 -0.436829
-0.523949 -0.267740
0.170118 0.669002
-0.078472 -3.054177
0.694691 2.520443
0.143904 -0.552605
0.127697 -1.380302
-0.209761 0.825076
1.593813 -1.091668
0.540790 -1.370254
0.545694 -1.389295
0.287458 1.578193
-0.423852 -0.756661
-1.249201 -0.220457
2.325378 -0.958709
0.865326 -0.894460
-0.074229 1.042176
-0.266215 -1.643002
-1.764725 1.655362
1.846434 -3.396860
0.158230 -0.693047
0.486580 -0.521467
-2.037401 -0.151393
3.355317 -1.723003
0.602626 1.713449
3.019773 -0.180427
0.069436 -0.691532
-1.104184 -0.106071
0.058374 -0.602403
0.770331 -0.564133
0.723756 0.106696
0.490320 1.095676
0.483918 0.704321
0.589073 0.935373
0.565977 -0.927967
-0.076867 -0.247336
-0.372323 -0.617069
1.240071 2.589446
-0.782801 -0.551373
-0.664299 -0.527647
-1.122535 0.386304
0.504653 -0.484180
0.677183 -1.417656
-0.341898 0.721485
0.377414 -1.715672
-2.154232 0.811590
-2.048781 -0.179657
1.858181 0.321988
-0.886629 -1.972388
0.897445 0.391519
-0.235905 -1.259618
0.431961 -0.748509
-0.642285 -0.615765
0.894920 0.043740
-1.260498 -0.162677
-0.908509 -0.841149
-0.930200 -3.147838
-0.818181 0.607826
-1.766758 -2.904917
-0.911902 -0.315111
-0.990156 -1.382198
1.858810 1.193118
-0.549166 1.448862
-0.643198 0.013870
-0.249065 -1.043268
-1.719114 -2.540672
0.527995 0.328294
0.606565 -1.681093
-2.486803 -2.255358
0.149687 2.853289
-0.967750 1.141393
-2.553720 -0.468471
0.084694 -1.200328
0.762424 -2.682902
0.601206 0.021058
-1.766728 1.957965
-0.064040 -3.556298
2.316178 1.037461
0.620608 0.064162
0.317194 0.140878
-1.379274 -2.903160
0.501872 1.825038
-1.228241 3.051264
-0.136637 -1.447072
-2.881268 0.189327
-1.864254 0.272108
-0.137444 -1.668888
0.439943 -1.289578
0.503540 -1.255005
-0.182641 -2.332033
1.793634 -0.499884
0.277409 0.598094
-1.108934 0.399813
1.628530 0.209111
0.254765 0.417327
-0.202542 0.438969
0.930898 -1.259795
0.362162 0.202598
-0.151895 -2.524243
-1.431784 -0.484192
-0.025963 1.623154
-1.767909 -1.785905
0.114523 0.004889
-0.026217 0.140198
-2.223417 -2.646988
1.408965 0.558481
0.504889 0.579482
-0.657340 -1.448790
2.430809 0.358398
-1.205907 -2.522051
0.061779 0.408515
1.763337 0.143803
-0.289373 -0.222353
0.021690 -3.544805
2.706523 0.983935
0.937025 -0.783792
0.069277 0.375683
-0.654087 -0.605786
-1.171881 -1.653108
1.676734 -3.426724
-1.222491 0.589564
-3.075523 -0.330254
-3.183793 -0.224782
0.368136 -2.027510
0.020553 -1.747359
0.979172 -0.056153
0.927215 1.049524
2.083816 1.261401
-1.214151 -0.521650
-1.220806 -2.156100
-1.612532 1.203058
0.017182 0.409630
0.304203 -3.263186
0.870367 -0.731406
0.523796 -2.055620
-0.990878 -0.579229
-0.974892 -1.171439
0.338289 1.744999
0.107456 -2.107894
-0.119209 -0.130196
3.692935 0.788105
0.248779 0.650272
1.742081 2.135938
0.710886 0.276749
-0.369434 1.609845
-3.156945 -1.955268
1.276268 -0.968604
0.549659 2.282461
0.669307 1.847255
-2.493135 -0.116056
3.739886 -1.869047
0.648331 -1.895375
-0.720269 0.966100
1.734523 -0.368696
0.774634 -1.654408
-1.061051 0.448155
1.729532 -2.039087
0.542531 -0.191339
1.555918 2.184988
0.814272 2.570790
0.234031 -0.820033
-1.665717 3.228792
-0.441206 -0.737800
0.034711 -0.451116
0.365583 0.440476
-0.954040 -2.647423
-0.063778 -1.699764
0.728445 -0.223205
0.440205 -0.816578
-1.091244 0.770507
-0.941653 -1.156078
0.104536 0.958698
-1.756459 0.661310
0.686730 -0.144018
-1.005790 -0.064800
-1.351963 -0.971099
0.941928 3.042105
-0.648628 -2.250310
2.688972 -0.189645
-0.224596 0.455197
-0.914604 -3.333695
1.994842 0.525942
-4.068576 0.272002
0.321844 1.481167
-2.426536 -2.320148
-0.899811 -1.214655
3.685235 0.757568
2.367024 -0.094524
-1.280646 0.196909
-1.848845 -1.437333
-0.108075 -0.908845
0.370687 0.986654
-1.507637 -1.873581
0.827420 -1.052764
0.080723 1.038768
-1.695778 -0.450257
-0.159667 -0.376926
1.335193 -0.892925
-0.167823 0.843645
-0.099538 0.512939
-1.370786 0.378329
0.156232 1.281581
2.673232 -0.754110
1.946560 -2.292115
-0.636976 1.861995
-0.998446 -1.852094
0.134740 1.113486
-0.697829 1.073479
-2.728277 -0.295949
-0.031975 2.198219
0.261025 0.088315
-1.130364 0.106068
0.605580 -2.227227
0.681211 0.527703
-1.726647 -1.682767
0.223648 1.703555
0.604881 1.285515
-1.652896 0.468249
-0.254864 0.554935
-0.556953 -2.312623
-1.271533 0.091765
-2.022180 2.634019
0.183518 -0.323565
1.252556 -1.439411
-0.310231 1.516890
-0.022290 -1.247887
-0.671468 0.393438
1.930433 -3.135236
0.442634 -0.054175
0.088361 0.910912
-1.544495 -1.648289
0.770517 -1.284955
1.837168 0.298602
0.400530 0.330367
0.220283 0.005669
0.348115 -0.421637
1.278618 -0.196044
-1.488627 0.220675
0.945264 0.284357
1.211246 2.934654
-1.303315 -1.497971
-0.536788 1.745732
-1.273624 1.166118
-0.752465 0.133694
-0.016349 0.208816
3.163963 0.146360
0.043121 -0.951964
-0.544716 -1.065405
0.667854 2.010843
1.105865 -2.764204
1.763197 1.607846
0.389552 -0.165528
-1.211927 1.911223
-2.550837 -0.997137
-0.697294 1.347332
-1.930831 2.333716
-0.610456 -0.905492
-0.332942 0.270329
0.683707 0.262169
1.461975 -1.031588
-0.681258 2.915947
0.745323 -2.823975
0.783597 -2.603031
0.433550 1.057127
-0.029388 1.423076
-2.246764 0.348381
1.819191 -1.253712
1.936331 -1.183077
2.235131 -1.331605
-1.350140 0.734972
1.276249 -0.712526
2.485519 -0.071944
-1.207400 1.100231
-2.741516 -1.043360
2.290250 -2.911303
-1.813313 -2.456823
1.293499 1.984610
0.775529 2.051691
0.393799 0.780310
-1.563311 -0.086299
-0.430084 0.851490
-2.845326 -1.044626
-1.323756 -0.673665
-0.792152 0.429541
0.771422 -1.808225
-0.743508 -0.943624
-0.135450 -1.877101
-1.521563 -0.693475
-0.695306 0.545100
1.258165 -0.243496
-0.109262 1.092718
-0.714923 -1.095840
0.271060 -0.083269
0.588081 1.533075
0.756172 5.335903
2.245826 0.154857
1.750998 0.576983
-1.624380 -1.245296
-2.116584 -0.044934
1.461044 0.522233
0.017481 -0.919725
1.257098 -0.912739
0.265912 -2.265560
-0.384889 0.274843
-0.901979 -2.041039
-1.497312 -0.826803
-1.344577 -1.952549
0.385175 1.414203
-2.280295 -2.534843
-0.461921 -0.587704
-1.207772 -0.392021
-0.231956 0.857747
0.632009 -0.801907
0.970142 -0.596320
0.290390 0.997856
-0.068699 1.204347
2.041497 -1.755699
-0.897681 2.323084
0.804922 -2.006799
0.495320 -0.472080
2.038570 2.545029
-1.191421 1.886481
-0.052198 -0.431236
0.310586 -0.650073
-0.062703 -1.422296
-4.223600 -0.802546
-0.637062 0.515675
-0.666906 1.417527
-0.904566 -0.013088
2.963446 -1.536357
-3.286083 0.166094
-0.424972 -0.991839
1.106625 -0.674482
1.871592 -2.057221
0.660512 0.391788
-0.330586 -0.151133
2.417003 1.154980
-1.815633 -0.434042
1.974589 -2.405809
-1.266284 -0.575933
-1.218897 -0.468077
2.596606 -2.919161
-0.128477 -1.117898
0.969688 1.259598
0.066569 -0.711561
-1.254489 0.040055
-0.946845 -0.399072
-1.377810 0.133609
-0.334126 -1.044557
-0.776697 1.224798
2.460925 -1.437179
0.408567 -0.836857
0.771157 1.667889
0.010428 -0.095112
-0.557321 0.436905
1.400486 -0.025550
1.172982 0.454920
-2.680684 -1.302623
-0.631045 -0.502291
0.493833 -2.113723
-1.115872 -2.155474
2.782344 -1.715815
1.965111 -0.447826
-2.173540 -0.866609
-1.126198 -0.991021
-1.446859 -0.652710
-0.921064 2.506260
0.835758 1.381463
-0.151222 -0.588327
1.689845 0.844834
0.374281 0.878909
3.011386 -2.069591
1.580426 -0.391056
0.580359 -0.545574
1.804473 1.399315
1.389961 1.389574
-1.010268 -1.209458
1.004988 0.815680
2.249356 -0.822988
-2.247753 -1.521132
2.355218 0.243927
-1.751830 -0.195702
0.276516 1.093757
-0.383662 2.204659
1.388957 -2.920542
-0.665001 1.078221
-2.564886 0.707813
-1.888834 1.292276
0.001797 -1.243126
3.120347 -0.498635
-3.313277 -1.221553
-0.656280 1.051551
-2.222755 -1.371025
-1.927618 -0.645453
0.445913 2.229057
0.614962 -1.213028
1.273350 1.424640
-3.728524 0.739483
0.010743 0.336593
-0.844402 0.331120
-3.220639 1.454734
2.261042 -1.247208
-0.405749 2.428720
-4.363670 -4.514780
1.600274 0.201406
-1.658672 0.402352
-0.765755 0.856983
2.240430 -1.817678
-2.307150 0.133076
-0.210484 -0.762884
-3.654111 -0.667699
-0.485191 -0.808070
1.050937 0.201173
-1.198856 -1.226619
-0.145682 -1.141737
-0.924978 0.225315
3.015859 -2.361036
-0.044509 -0.010783
1.522325 0.130946
-0.434017 0.176217
1.470714 1.514927
2.766112 -1.588216
-2.365059 0.110117
0.230625 1.453562
0.910763 0.725731
-3.936753 1.020490
-0.368949 2.012848
-0.970480 -0.763824
-1.620476 2.454736
1.407291 2.927455
-2.543665 0.423810
-0.410717 -0.864527
-1.314732 -1.634555
0.012072 1.099255
0.328565 1.035781
-1.223443 -0.802014
-0.386511 0.312114
0.594033 3.113671
-2.300306 -0.991260
2.350485 0.451317
0.794080 1.323221
0.589511 -0.003928
1.087554 1.957089
-2.135547 -0.506565
1.412316 1.826488
0.297125 1.534964
0.378789 -0.861479
2.157542 3.695391
-1.973267 1.556525
-2.636399 -0.130100
-1.206893 1.537698
0.048611 -1.099504
2.030510 2.374336
1.865312 -0.509927
-0.507378 0.761173
-3.242935 -1.177881
-1.747514 2.256122
0.747725 2.178971
0.624021 -1.547311
-0.194375 0.555954
2.816699 -0.685359
0.124763 0.430784
-2.109140 0.227679
2.633155 -2.317940
2.370503 -1.843197
-4.360408 -4.512188
-4.360408 -4.512188
0.793046 -0.044492
0.522946 -0.816211
-0.573353 0.946618
-0.335173 1.964475
-2.307928 0.140510
1.873984 1.608268
-0.517627 -0.662799
-0.021237 -1.129243
-1.595157 -0.083602
-1.190101 -1.208981
0.366739 1.953864
2.379177 -1.144014
0.078334 3.776934
-2.746692 -1.388751
0.805082 0.893117
-0.354117 0.334571
-1.806981 -4.011133
2.785260 -1.590975
0.937565 1.949578
1.490620 1.095929
2.574352 0.159731
2.286376 0.987816
0.371489 -0.916595
0.109865 0.231402
-0.497156 -0.490453
2.343771 -0.670511
-2.634926 0.432851
-1.329866 -0.624325
-1.314732 -1.634555
1.841862 -0.168539
0.025061 1.172698
0.962451 1.381711
-0.446968 -1.094911
-2.768700 0.691752
2.155283 2.151935
-3.505980 -0.389598
-0.551223 2.025651
0.664962 -0.006628
1.148503 1.990452
-1.077280 2.445195
-1.368958 0.894963
1.989152 -1.089985
1.298152 1.777805
2.023093 -1.770999
0.205045 0.256910
-2.404305 -0.720349
-0.883196 1.551066
-1.670809 0.348482
1.715536 0.074612
-0.189015 3.343019
1.442164 -0.097060
0.280296 0.897636
0.781345 -1.211867
0.992168 0.646065
-1.102929 0.057536
-0.344909 -0.521546
1.305015 -2.612667
-0.928945 -1.454992
-3.515425 -0.234751
-1.406452 -0.372473
0.662700 0.929821
-0.669870 1.512929
-0.815362 1.943251
0.612372 0.703404
0.076849 1.416948
-3.267132 0.276063
-1.122058 -0.567359
-1.881605 1.235958
-1.492007 -1.815067
1.787860 -1.148188
0.967874 -1.533069
0.668690 -1.163008
1.088953 2.080680
-1.398990 1.178017
-1.747274 -0.999567
1.815569 -0.324986
-0.005674 1.818679
-0.611348 0.274261
1.489181 0.130734
0.251569 -0.318067
-0.025785 -1.145536
-2.127210 0.324359
3.380997 -0.188651
3.378545 -0.189069
-0.362580 -0.285059
1.279070 -0.677469
-0.936263 -2.399962
-2.685323 1.071442
-1.137464 -1.130324
2.037370 -1.086311
-0.041200 -1.078880
0.073071 -0.629424
0.150120 1.050133
1.326915 1.353454
-1.318717 2.071722
0.439858 1.848943
-0.272596 1.674624
0.029072 1.844568
-1.265375 -1.609007
-0.230820 0.385469
-2.469404 -0.457263
0.768097 0.842108
0.328143 -0.549048
-0.064996 -2.006386
1.607768 -1.550010
0.530283 -1.193939
-0.326667 -0.904785
1.107796 -1.821386
-0.175245 -0.343830
0.606305 -1.373222
-0.698056 -1.265771
-0.443243 2.604829
0.024056 0.759621
-1.824588 -0.180183
-1.622645 -0.197057
1.683903 -0.077576
-1.024093 -0.260414
2.294487 -2.308441
-1.214677 -0.150738
-2.675794 1.322223
-0.815637 0.286156
-1.635195 -0.318914
1.054806 -0.586120
-0.256596 -0.139698
1.367673 -1.036375
1.350538 -0.294523
-0.960238 0.859085
1.963778 1.340213
-0.376723 0.398640
0.500638 0.211981
-0.076990 1.601297
-0.089683 1.130757
0.571813 0.221953
1.112581 -0.895598
0.284022 -1.564913
1.753583 -0.324066
1.017135 -1.179095
-0.687951 1.272320
1.314398 -1.088761
0.102533 -1.914094
1.256966 0.200674
1.868051 0.436330
0.752925 0.295497
-0.989740 0.050803
0.578588 0.435169
1.076678 0.647408
-2.157155 -1.223014
0.660354 -1.766865
0.358872 1.537385
-0.863476 -0.100882
-2.338658 0.033840
-1.501435 -1.484493
0.688227 0.557755
-1.420714 -2.381353
1.887268 -0.551892
-0.207835 -0.326338
1.073682 0.113916
0.056161 0.427590
0.516247 -0.049780
-1.594032 -2.462358
0.481202 1.365671
0.122315 -0.951544
-1.336099 -1.748990
-0.885445 0.513392
0.788254 0.422176
-1.824841 -1.537934
0.936767 -0.006537
-0.254965 -1.077751
0.867250 0.294763
0.554596 -1.097975
0.518680 1.032313
1.352291 -1.534680
0.249572 2.888387
-1.147201 -0.399609
0.282736 -0.078366
1.078617 -1.408628
0.076658 -1.857235
0.156882 1.403417
0.597716 -0.290689
-2.390732 -0.791119
-0.278158 -1.478275
0.162443 1.879652
1.783513 -0.969818
-0.589979 0.457778
-0.811900 -0.223408
-0.435055 1.352819
-0.930075 1.149695
-0.500260 -0.515452
0.576315 3.563003
0.804393 -2.412537
-0.402793 1.252522
0.466493 0.936642
-0.641646 2.263639
-1.337555 0.354618
-3.733813 -2.917622
1.091664 -0.291409
0.252365 -0.290187
0.773454 -0.553379
2.552431 -3.754594
-0.223795 0.567419
0.464376 0.615694
-1.123450 -0.459185
-0.110293 -1.950828
2.361706 1.158801
2.657402 0.166830
2.038253 0.341908
1.150035 0.046525
-1.164578 2.313765
-1.337243 -3.523474
-0.191795 0.986061
-1.143121 -1.428654
1.011748 -0.458165
-0.924481 -0.924305
-3.442100 -3.310220
-1.902004 -0.474993
-2.420058 0.915491
0.843805 0.536164
-0.083040 2.296123
0.487467 -0.914151
-1.144523 0.485559
-0.574021 -0.062004
2.207356 -2.108767
-1.843599 1.947210
1.655982 4.685058
2.214933 -0.643218
-0.556300 1.221397
0.937242 1.954383
-0.828787 -1.308982
-0.042492 -0.148246
-1.069688 -0.531444
-1.307983 0.797860
0.628330 2.171445
1.439674 0.998861
-1.247988 -0.153254
-2.321670 0.966511
-2.654700 -0.281996
0.794866 -2.380747
0.679921 0.954715
-0.533811 1.279160
-0.539288 -0.428104
0.827824 -1.047376
0.691455 -2.388204
1.274139 0.927240
0.792384 0.070630
3.706111 -2.654113
0.393477 0.186685
1.810010 -2.149424
-0.475207 1.246030
0.910658 -0.918136
1.055140 2.067179
-0.351894 1.052939
0.119034 -0.430006
1.267629 0.422016
-1.294824 2.618895
0.284450 -0.247017
0.212550 -0.102096
-0.267002 1.265785
1.225358 0.245097
-0.692532 0.359799
-0.175862 0.547991
0.841134 -0.136084
-4.934954 -1.319705
-1.073115 0.247363
1.974486 -3.384650
0.098320 -2.618281
2.426571 0.543516
0.294402 4.467860
-1.764266 -1.612211
0.841746 1.020104
-0.111803 -0.019055
-0.738595 0.706797
1.071249 -0.584299
-2.745183 -3.228620
-2.826826 -2.109215
-0.940016 -1.050512
-1.916322 -1.023778
0.722746 0.943465
1.244620 -2.751581
-0.362760 0.279957
-0.465876 -0.567061
-0.915612 1.119394
-3.107663 -0.458747
-1.159396 1.547742
0.815299 1.217724
1.379876 1.311028
3.186704 -1.299568
0.714360 1.586564
0.587799 0.206330
1.167566 0.657153
0.417368 1.679989
1.043589 -0.468952
0.890782 -1.649609
-1.413860 -0.150829
-2.275910 -2.351612
0.246873 -1.328772
0.397750 -0.404356
1.238984 -1.183267
1.035736 4.089258
-0.217254 -2.052233
-0.220129 -2.044383
-0.593273 1.504411
-3.490200 0.425610
-1.435766 -1.432043
-0.304533 -1.829959
0.684034 0.293447
0.214524 -0.860791
-0.687857 -0.459252
0.924303 -1.021662
-1.130395 1.553507
-0.256816 -2.008161
-0.670700 0.217744
0.896662 -1.334472
-3.256885 1.828845
1.388982 -0.244627
-1.462465 -0.676357
0.882297 -1.174237
-1.268918 -0.080300
-1.264013 -0.090015
-3.222279 0.353635
-0.816559 0.112625
2.389928 2.366115
-0.639210 -3.036433
-0.626421 -0.297954
0.660557 0.131682
0.546354 0.631707
-0.230679 -1.189104
0.140794 -1.232759
4.011654 -1.588600
-2.212017 -0.341081
-0.175358 -2.289533
-1.173550 2.678208
-1.335932 -3.189683
0.999609 -0.028701
3.097989 1.583115
-1.250718 0.393385
0.099823 0.300265
1.347217 -0.098741
0.338436 2.334488
-0.598586 -1.352660
-1.427823 -2.213993
1.521870 0.539489
-2.531543 -1.890969
1.057701 -0.519959
-4.264127 -0.836051
-1.340812 -0.939567
-1.634680 -1.546808
0.654042 2.022114
1.573905 -0.245255
-0.467036 -0.288318
0.340757 -1.716571
0.380117 -1.691490
-0.064252 2.244550
0.815243 -0.153755
-1.322848 1.643609
1.626755 0.042623
-0.113731 0.274685
