-1.715315 -0.140979
-0.065789 0.280673
0.532612 -2.844992
-1.707175 1.183671
0.002369 -0.027588
-0.778881 1.169916
0.884661 3.726331
0.161072 -1.225618
-2.355959 0.737149
1.096857 -2.256823
-0.243128 2.156781
1.171614 -2.096959
-1.124993 1.810565
1.947307 -1.312382
-0.940082 -1.968103
-1.085411 -1.861436
-1.975772 -1.469751
1.311764 2.622729
0.202875 -0.316543
-0.401026 -0.999131
-0.333626 -3.335400
2.957742 -0.928024
0.759860 0.677307
0.271363 -1.195449
0.417601 2.716046
1.326601 -2.190593
-3.587639 0.189068
3.475357 -1.304240
2.210932 0.170766
2.577070 -1.794315
2.281666 -1.957164
-1.745656 2.826215
1.553389 -0.631418
1.503817 -2.279522
-0.079530 -3.362461
1.702300 -1.868818
1.942823 3.700753
-0.811618 2.186767
-0.837125 -0.534685
1.733501 -0.026493
2.518701 1.539601
0.862447 -2.903855
1.333002 0.681485
-0.077953 1.093651
-0.513947 1.475754
0.255796 -0.936978
2.450228 1.281359
-0.437531 -3.268950
0.490998 0.178595
-3.490053 -2.962755
2.508959 2.197361
3.304305 -0.678753
-2.305159 -2.139739
-3.800585 0.148634
0.833234 -2.618506
0.567964 -1.258661
-1.402673 0.877856
-1.231511 -1.948069
-0.910167 3.859076
2.146257 -0.241892
3.219785 2.557437
-2.083958 -3.276945
0.275825 -1.612305
-1.142128 -2.362470
3.147689 -2.321244
-0.809365 -0.163106
1.664893 3.096847
0.951544 2.933982
-1.396922 -0.675845
0.748628 2.175540
0.078193 0.987805
-1.805706 1.244136
-1.450635 1.263434
0.002711 -3.910579
2.641478 1.429223
1.980150 1.137523
2.318915 -2.238603
1.818812 0.059311
-1.821290 -1.550848
0.000088 -2.273510
-0.399878 -3.129627
0.181025 2.281969
-0.920741 -0.003363
1.580067 0.567201
3.646293 -3.115904
-1.698735 -3.807752
-2.832162 0.983833
-1.351167 -3.082254
-0.244615 -1.559711
-3.777314 -0.417419
0.133712 -0.190994
-1.518393 -0.258149
-0.021182 -1.168056
-0.772881 1.927923
-0.841219 -1.340167
1.532587 -1.414764
-1.014338 0.573740
2.351794 -3.267647
-2.112413 -3.514864
0.405771 -1.104900
-0.595235 2.227986
-0.453809 0.908714
0.459665 -3.058250
1.422916 -3.805946
1.007461 0.709204
1.500400 -4.344106
1.099703 0.361690
1.252074 1.932128
2.487795 0.718540
-0.898746 -5.669621
2.265193 -4.873041
3.202611 -0.909668
-0.614302 0.049769
3.107746 2.142943
2.943247 -0.704107
1.457100 -2.628582
-0.367153 -1.775462
-1.552479 -2.742418
-1.088517 -2.377024
-3.824835 3.558779
1.921360 1.605084
0.223044 -1.717492
-0.026889 -1.812228
-2.100895 -3.854113
0.200598 2.683069
-1.470443 -3.970178
1.484773 -2.841248
-0.787604 -0.845544
-1.155372 1.655387
-1.037996 0.843886
-1.908497 -0.112357
3.185553 -2.409049
0.453264 -1.427545
-1.245962 -2.989608
-1.042964 2.496743
-1.978640 -1.136821
-2.364418 -1.627616
-2.723271 -3.847516
-2.133531 -1.236841
-2.218239 1.730190
-1.817120 1.537006
-1.929266 -2.783559
-3.660899 0.743050
-1.067659 3.781993
-0.019598 -0.940573
0.204638 2.096443
-0.959156 1.445933
-0.305577 -1.068584
1.662191 -1.384064
-0.464129 -1.509466
-1.050616 -0.122567
2.996388 -0.643642
-0.389943 2.769481
-0.055213 -0.614915
1.393178 3.745038
3.168031 -2.376121
2.490344 -2.828661
0.133593 2.926140
-1.471430 2.374007
-2.015947 -0.925045
-3.367711 -2.375712
-2.121894 1.413105
-0.855496 5.162286
-3.277790 -0.109137
-2.607017 -0.988435
0.172414 -2.385481
-0.696118 2.518490
-1.075248 2.249745
1.394196 -2.599752
3.273987 2.469676
2.482453 0.390150
0.011323 -0.296913
2.107351 1.679048
-1.117015 1.899502
-0.219196 2.041670
-2.235126 0.084085
1.563428 0.377842
-0.591354 -0.261605
-1.595901 0.521993
-1.806021 -1.515148
0.988123 -2.593553
-3.013765 1.584426
1.710558 0.541121
-4.195074 1.329580
-0.028330 -0.605049
-1.812457 -2.216621
-2.150572 1.423823
0.108325 3.900328
0.565774 -1.705359
-0.472144 1.934244
-2.943565 0.274572
-0.458384 -0.730180
-1.837363 0.196964
1.298260 -1.772856
0.532285 -0.974588
0.827913 2.879818
-3.808232 0.616132
-2.916758 -2.925200
-0.069702 -2.414550
2.519698 -1.826901
-4.551518 -3.446810
-1.448335 2.341698
0.263475 0.815186
0.188332 1.762504
0.660959 2.363051
1.406226 0.576723
1.947811 3.009858
1.415938 0.023513
-3.930126 3.365389
1.515241 0.959222
1.309015 0.992969
-2.675141 -0.478631
-1.522590 2.305609
-2.592660 -2.646666
3.177489 -0.581314
2.260851 3.365916
0.821762 -0.845495
-0.552616 2.577650
-0.170681 -1.700144
-2.196789 -0.798420
-0.584092 -1.810371
2.646665 -1.270372
2.518757 1.170958
-3.371635 -3.004172
2.774087 -0.003052
-3.327220 2.293140
-2.586837 0.096439
0.675585 3.003902
3.009939 -0.201392
0.947441 1.165234
0.970716 1.222970
-2.594684 -0.843863
-1.690300 1.176538
-3.427373 -3.490818
1.318660 0.204467
1.348314 1.878128
2.859091 -1.328082
-0.694163 1.309915
2.002690 -0.666577
-1.033097 3.321176
0.317383 0.565626
0.953017 0.540542
-2.609179 0.599670
-1.895366 -1.043975
2.779695 -1.342616
-0.474845 -2.278929
-0.836828 -2.639766
1.828771 2.440625
2.649294 -0.043649
0.253584 -2.946705
0.349127 3.305334
-2.482067 1.001756
0.968136 -1.080620
0.210634 2.661898
-1.376358 -1.342195
2.259530 1.857943
-1.393667 0.376133
-0.134373 2.124069
0.593571 -0.127112
-2.521869 3.180318
-0.164694 1.150329
-0.294085 -0.521640
0.882689 -2.842963
-3.345946 1.826687
-2.890242 4.134550
-0.107658 1.900232
-3.574783 0.424203
-0.000907 -3.392691
-0.564310 -2.218766
0.723518 0.793904
-1.594612 -0.673523
-1.907112 2.269751
0.011653 -2.759645
-2.145113 -2.723678
-0.739437 -3.557024
3.479329 -1.189442
0.423283 1.983265
0.199644 -0.501977
-0.226351 -0.712412
-2.185446 1.486241
1.090773 1.654187
0.304267 1.748680
-0.588434 0.968445
-1.761883 0.288224
0.330245 1.651094
0.760684 1.097250
1.824445 -3.635338
1.701615 -2.693957
-2.926882 -1.107083
3.230989 -1.211315
-1.396997 2.539060
-2.413105 2.104289
-3.397033 1.336693
-0.996963 3.012710
-1.614539 -1.648513
1.577734 -0.161075
-1.910809 -0.595298
2.019114 -1.337882
-0.986858 2.976413
-0.743143 0.710560
0.649029 -0.767380
-1.904679 0.633328
0.133142 2.767120
2.544490 0.746890
0.579272 4.418144
-0.738774 -1.485017
3.151599 0.716345
1.909591 -0.324952
-1.851407 -1.110890
-1.729761 2.100040
-1.150496 2.338491
-2.211479 -0.356478
-2.498923 -0.328186
-0.200164 -0.432937
-0.246267 0.499391
0.408553 -0.365363
1.424881 -1.048813
0.546020 -2.015623
0.709311 -0.844115
0.121779 1.599899
-0.057199 1.587352
-2.077481 0.445876
2.074236 2.382158
-0.492213 -2.614640
-0.988035 0.010664
-2.347557 1.758749
-2.943087 -0.803712
-2.275765 -1.263418
2.471958 -4.015262
-2.174769 -2.919938
-1.610323 -2.673808
1.757592 2.179659
-0.922692 -1.618389
-2.696039 1.934970
-2.497099 -1.024358
2.317393 2.659979
0.368662 0.806048
1.415090 1.225132
0.402763 0.793514
2.086888 2.707467
-0.974705 0.128975
-0.207282 0.579058
3.569910 2.148900
2.605276 -3.129670
1.378380 0.055874
-1.850457 -0.935944
-0.315707 1.936361
0.340469 0.638219
2.690590 -2.637261
-0.357206 -1.428672
-1.433017 -3.876876
-0.000618 -2.251872
-2.203607 -2.253324
2.130339 -0.582284
2.895000 3.135865
-1.475690 2.095721
0.442916 -0.027941
0.217122 0.487033
-2.703227 -1.595325
3.989548 -1.778890
-0.669002 1.495114
2.592772 1.058644
1.839131 1.666306
-1.895562 -0.522161
-1.657688 1.224349
2.599918 -2.199216
-0.113292 -6.402840
2.831726 -2.709934
-2.082390 3.799269
-1.594605 3.297510
-2.188826 2.650790
-2.821929 1.276421
-4.288796 -1.565651
1.505500 2.448295
0.698024 -0.523726
-1.021239 -1.447293
1.443845 0.205917
-0.640921 1.817183
0.452975 -1.755718
4.364141 2.480738
0.291050 0.971915
-0.474277 0.406776
-2.015531 0.238786
0.735397 -2.896173
-0.577944 -0.243961
1.170310 2.956066
-0.108084 0.926765
0.576512 0.387879
-1.480498 3.148402
-4.346819 0.953676
-0.705454 -2.095543
3.303467 -2.550003
0.184043 0.939573
2.836312 0.534189
-2.556361 0.781362
-2.314223 -2.018747
-0.418715 -1.739932
2.486622 -0.277965
-2.663986 2.280504
0.789656 1.452091
0.953883 1.826415
-2.531522 3.064562
-0.283703 -0.367023
-1.356482 1.043001
-1.732644 2.269034
-1.812141 1.505697
2.543889 -1.036302
1.298806 -1.363071
-0.651923 1.892481
1.326694 -2.108645
-1.365084 -1.517772
0.307803 -2.580528
0.778206 -1.331946
-0.614327 -0.278838
-0.377965 -2.312231
-0.426873 -1.759307
-1.895462 -1.289085
2.169464 2.561848
0.669514 -0.775873
0.718545 -1.086953
1.859858 -1.539683
3.084234 1.007922
-0.684497 0.687771
-2.532000 -4.142724
-0.783408 1.452098
-1.020006 1.420335
1.223641 -3.439582
-0.271941 1.784580
-1.723810 1.173046
-1.781409 -4.722844
0.369123 -1.583240
0.088124 -0.813904
-0.467124 3.443401
0.038462 -1.204870
-2.796554 3.486052
0.041899 2.073961
-2.014374 -2.011159
2.237948 -1.890189
2.165400 1.460684
-3.029004 2.197970
0.525901 -2.667963
1.624534 -2.163051
-3.454224 0.570340
-1.342820 -0.647915
1.452766 0.954359
2.850791 2.708558
-0.916348 0.138287
0.325509 -1.157192
-1.093461 3.615339
-0.110719 1.473843
1.988145 0.916958
0.743090 -0.570628
3.604988 -2.534875
0.693417 -4.127098
2.920361 -1.130427
-2.472489 -2.452201
3.315402 2.403737
0.748225 0.768871
-1.593431 2.105721
1.138658 0.917068
-1.691688 -1.674273
-0.992033 -0.045334
-3.021374 3.577883
0.986827 2.127158
-3.177322 0.938148
2.903694 2.683189
-2.924495 1.590084
5.171121 -2.316054
0.072402 2.532302
-1.229188 -3.139487
1.184162 1.422642
1.965572 -1.270716
-0.113551 2.209863
-2.505586 -1.874698
2.396961 0.874548
-1.065973 1.593232
0.035190 1.227980
2.475846 2.766972
-1.721267 -2.689118
-2.452384 -0.592028
1.735343 2.599217
-0.441329 4.336101
0.092832 3.582013
-0.964407 -0.918943
-0.180175 1.002797
0.388171 2.379007
0.735458 -5.091638
-1.963863 -1.306595
-0.146881 -3.418116
-3.882394 2.969759
-0.676805 0.823780
-2.209611 0.421440
-0.241667 -4.279904
1.866056 -3.402730
1.976883 -0.730305
-2.195978 -0.222842
-2.973011 3.543625
-4.388426 -2.483930
-0.068798 0.768827
-0.599137 2.283763
1.782336 3.296654
0.469761 1.173005
0.126938 -1.674803
1.844446 2.596912
1.199822 -1.744403
0.080307 0.039354
-2.294773 2.766917
0.356280 -1.407050
-1.758617 2.501140
-2.385562 -3.181825
2.439077 -0.880383
2.770828 1.709195
0.552343 0.210112
-2.641514 2.308731
-0.762826 -2.564061
-1.819567 -3.217780
-0.696136 -3.410186
2.551689 1.219627
0.946079 1.809588
-1.579530 0.385849
0.035556 1.216160
0.737240 -5.282180
1.111305 -3.781258
-3.051322 1.599328
-4.133048 0.892350
1.704807 -0.773110
-2.696954 2.567009
-0.144370 -0.672485
-1.472267 -0.466039
2.931457 -2.852690
-1.138376 -1.303812
1.001036 1.652856
1.724443 4.137150
2.633327 3.104826
-0.354537 -1.327622
-1.365943 -3.220069
-1.300501 1.970679
1.960849 2.912826
1.087334 4.368671
-0.870974 1.887330
-0.576085 -4.392018
-2.998717 -2.344815
-0.914472 -1.882460
1.776906 0.905599
1.191676 2.921935
-0.528935 0.812637
1.815936 3.320365
0.679887 2.676084
3.067565 -0.558303
-1.532046 1.780715
1.598715 -0.632204
-1.544787 1.277162
1.548438 -0.071928
-1.192035 1.306988
3.243702 -2.826214
1.820939 0.030980
0.432897 3.868585
1.176208 3.648347
1.246519 3.076617
-1.869738 -1.269731
-0.426276 -2.894723
-0.866242 2.722484
-0.388202 -0.624762
2.074002 1.440008
0.946067 2.053414
-0.755401 -1.171554
1.210743 2.795135
-0.368903 1.627165
1.271886 0.369032
-0.476561 -0.142246
-0.319804 -4.961620
0.913498 -0.154455
0.235254 1.392485
0.941888 3.669774
-0.308476 -0.083299
4.273360 3.973063
-3.252413 2.795005
3.108486 -1.555489
-2.594497 -0.797624
-1.823901 3.903308
-2.749029 -1.426291
1.853281 0.180882
-0.493811 2.376978
1.368730 2.675436
-0.422795 -3.663677
-0.513597 -4.995603
-0.138872 -2.603501
1.014663 1.630040
-0.022449 1.834528
0.918023 -0.061061
1.237423 -2.099328
1.282172 -0.805182
0.204154 0.862565
2.117066 -1.530727
-0.149699 3.617178
-0.937446 -1.815285
-1.222936 -1.402184
2.476252 1.093381
-3.677801 -2.942468
-0.644673 -1.183093
-2.174904 -0.479351
-4.704083 2.575125
-1.806251 3.504052
-3.590182 -2.318428
2.027045 1.956041
-0.608537 -2.212118
-0.612143 -0.681375
0.829017 -0.080125
-2.570281 0.745420
0.355523 -3.316087
-1.043047 -3.701821
0.609784 1.544117
0.086623 -2.586490
1.113494 3.243269
1.020848 -0.265784
0.149550 1.872719
3.608988 3.579332
0.605160 0.603653
-0.668837 -0.808138
-1.129909 2.410299
-3.715996 2.520018
-1.169084 -0.366585
-0.118886 3.901781
0.808249 -4.445561
2.392135 -4.978997
-2.473122 -0.353041
1.266329 1.115613
1.834537 -1.882551
4.649962 -1.282478
-0.306103 0.405063
-1.762478 0.135324
-0.052706 3.277585
0.099711 2.617237
4.117154 -1.532232
-3.188399 1.470503
-3.446759 1.234813
1.706980 0.209706
-0.145711 1.456015
-1.736308 1.606064
-0.808954 -2.581229
0.728261 -2.068600
2.473958 -1.643116
-2.258366 -1.588441
-0.659150 -2.216504
-0.224579 2.373941
-1.157637 -1.353939
-3.575325 -1.578200
2.412668 0.811404
0.258947 -2.995078
3.327455 -0.156252
0.240335 -3.520476
-1.371127 -1.360661
0.369267 -1.588796
2.030515 -2.450347
0.696980 -0.184301
1.723553 0.509753
0.965821 -2.605201
0.527967 2.676803
-2.934669 0.345750
1.013913 2.117922
1.613562 -2.071372
0.219900 -3.172287
0.812318 -1.220884
-0.973591 3.395296
0.146640 -2.513119
-1.303863 2.393886
-1.399196 -2.299885
-0.674620 1.262948
-0.693092 -2.779769
0.206462 -0.315054
-1.892040 4.520982
-0.015614 3.206707
3.863352 -1.720573
2.684485 0.374419
-2.377058 -0.139361
-2.870687 0.626508
0.804515 0.105019
-3.622262 -0.786421
-0.637668 2.052914
-1.887343 1.548905
0.576646 -1.130395
0.970607 -0.334979
-2.392747 -2.510608
0.440059 0.669805
0.327020 -1.537091
-1.453172 0.488149
1.310240 1.376670
1.141188 -1.604212
0.396374 -2.080560
-2.947776 -0.651142
-0.495894 3.972013
0.160826 1.572028
-1.258352 -1.157439
-1.693973 -1.347670
-1.868636 -2.162628
0.433758 4.625869
2.506321 -2.040011
-4.693507 -1.947810
0.056494 -0.481917
2.313489 -2.207181
2.393678 2.030217
0.978520 0.974697
4.524747 -1.704569
-1.813596 -0.227465
-0.211261 -0.610115
-2.982109 -0.358981
-2.688583 -2.102887
0.500629 1.399011
-2.306871 -0.683147
-0.951821 3.090240
-2.533369 1.468258
-1.264589 -1.542295
-1.585031 0.348006
2.924925 0.186935
3.374026 -1.812621
-2.532403 1.511871
-0.125257 -0.266528
1.082297 -1.995686
-0.394854 -0.118041
-1.804726 -1.489634
2.875844 -1.575961
-0.533840 -1.205921
0.755994 2.878616
3.585229 -1.647743
2.795910 -0.509630
-2.015475 -1.921786
0.218800 -0.493371
2.572993 0.267856
-0.751634 3.231553
-0.601226 -1.189510
-1.849413 -0.559283
0.981406 -1.897560
0.011249 2.054602
0.348961 3.965355
1.372256 1.697384
-0.924292 -0.233863
0.590129 -3.088752
-0.995893 -2.509872
-0.513176 -3.473055
1.861311 2.737092
-1.565165 -0.253221
-3.820417 -0.142450
-1.840818 0.010341
0.393013 -1.271884
1.942907 1.480799
3.210773 0.267069
1.609715 -0.899333
3.427559 -1.380851
0.807583 1.359759
1.490678 -3.216432
0.226611 1.023147
1.699128 1.135563
1.396646 2.144811
3.774576 -0.060991
-3.066494 1.546152
1.954949 -3.052213
-2.428170 -1.065873
0.355760 -3.355828
-0.992270 -0.756091
0.650920 3.753121
-2.808003 1.621959
0.489471 0.819211
-0.670601 -1.470239
-0.536654 -0.224548
-3.420508 1.190599
-1.284369 0.364806
-1.338056 -3.250315
0.350968 -1.323363
1.010371 2.927233
-2.234570 1.064806
-0.094528 -1.769766
3.634410 -2.852388
1.377589 -1.888949
-2.758516 -2.622327
1.689889 4.214625
-0.279517 0.178224
0.638410 1.963499
-0.308297 -0.943208
-1.282893 1.153430
1.717373 2.675601
-0.897630 -0.484226
1.927376 0.941981
-0.654144 -1.195824
1.402163 5.185041
-1.416828 -1.171763
2.332706 3.862608
0.362936 -0.714798
-1.102035 0.715815
-0.328783 -0.900088
1.927253 1.037980
5.654433 0.562535
3.723131 2.340912
3.310147 1.778915
-1.485504 0.521019
0.148479 -0.633971
1.053023 -4.216133
-2.458460 2.413450
0.872041 3.381374
2.899674 1.304701
-1.093320 -3.166636
-0.737955 0.648457
0.471285 0.451457
-1.530404 2.980131
-1.746708 2.799144
-1.369061 1.792898
0.885545 -0.924944
-0.212875 0.198128
-1.230642 2.143229
-0.464005 1.979973
-2.166488 -1.224282
1.466806 1.574085
-0.428593 -1.265046
3.626395 -0.023306
2.786338 4.619682
-0.584484 -0.638743
1.691158 -2.989288
-2.422256 4.040266
-1.610245 1.192339
-0.252231 3.563039
0.517639 0.437954
-2.206215 -1.860112
-0.632811 2.011869
-0.598597 -0.850158
3.708152 -3.057366
-1.246832 -0.698044
-1.266378 -0.581758
2.597447 0.696386
-2.311475 -1.226651
3.380843 -1.201259
-1.600851 3.207360
-1.030070 1.284613
2.201448 3.392764
1.682038 -1.944125
0.374747 -1.534510
0.239348 1.791138
0.577596 2.424533
0.627560 -3.029580
0.849050 0.827475
-1.052884 -1.792773
-3.052070 -1.825589
-1.174353 -0.026619
-2.374759 -0.348392
2.522927 2.606345
-0.336248 0.237022
-0.853393 -2.200868
0.345061 2.689929
-4.104757 -1.290325
0.008555 3.383520
-0.236081 -0.762001
1.765792 -0.538675
-0.393675 0.056182
-0.262873 -0.687559
-2.829296 -1.705882
-1.173924 1.170373
-1.892399 3.708872
2.808471 1.406807
0.790702 0.817261
-0.775239 -1.047662
-2.387744 -1.227719
0.541716 1.786806
-0.606328 3.043873
2.857817 2.333476
2.589148 1.314841
-0.582759 -0.829650
3.483145 0.367010
0.894852 -0.190905
0.499232 1.776288
0.751413 1.016530
3.310361 -1.469506
-1.415624 1.180911
-1.381809 1.978910
-2.654118 -2.541427
0.961531 2.419817
-1.180603 0.676328
-2.924808 -1.172438
1.445615 -1.214285
-1.449034 1.275610
0.236245 -0.090574
-0.552996 -0.709466
-2.570461 -0.071254
1.613653 -1.131545
-1.156944 -1.239630
-1.988176 -0.810457
1.929823 -1.424257
-2.207747 -2.862992
2.482614 1.953276
3.098741 -0.115235
-0.494993 -3.263042
1.095165 -2.412791
-1.925478 1.845519
4.528954 -0.442043
-2.428349 4.782021
-2.466397 0.539439
0.011095 0.329634
-1.910226 -0.693521
0.045499 1.988948
1.374890 2.211692
2.350341 2.937600
0.186267 0.191921
-0.172027 3.529693
2.222800 1.680092
-1.936194 0.266808
2.732522 -1.899053
-1.230553 3.544535
-2.521617 -3.736277
3.549998 -0.491496
0.327328 2.096104
3.763478 -2.137908
-1.913787 -1.588331
-1.404587 2.601750
0.909649 -1.893883
-1.428740 -0.150824
1.601618 -2.226408
0.782070 -3.804169
1.963679 -1.302673
-2.017190 3.604678
-1.170674 -0.133373
-0.625014 -1.540012
-0.836582 -1.370714
0.588619 3.223922
2.810062 0.006171
-0.371652 -2.190085
0.072121 -0.950450
-0.424157 2.206820
4.991293 1.587181
0.526659 1.952657
3.532578 -2.833041
2.320442 -2.520495
0.121881 -0.576993
4.021404 -2.945027
1.210756 4.484746
2.962238 -3.123475
1.271086 -1.863388
-2.206053 -2.003941
-1.733231 1.747336
-0.676786 0.122078
1.292756 2.277299
-1.141553 -3.249920
-2.218373 3.026919
-2.305471 1.813238
-1.196852 1.852500
-2.162703 -0.795210
-1.810419 -1.268340
0.040504 -1.397242
0.155196 3.668720
-1.819391 -0.215570
-0.382497 1.398606
-3.376809 1.272597
-0.179761 -1.915720
-0.643070 0.721181
-3.091779 -0.558422
0.860942 0.304793
0.932174 0.863556
1.582894 -3.308884
-0.614067 -0.428775
0.610766 -1.560822
3.513054 2.698611
3.722232 -0.629173
1.683442 1.960991
2.745636 0.431086
0.992022 -1.007697
-2.413810 1.827354
4.651233 0.785615
2.882327 0.435267
2.052622 -0.718433
-2.452335 -0.850159
-0.143858 0.433813
-0.042111 2.132029
1.675542 0.106015
1.081377 1.104794
2.337250 -0.397124
-3.706748 -2.288659
2.305749 -1.270682
0.709965 0.971659
0.471056 -2.171962
0.486418 3.835340
-0.358422 -2.306119
0.630963 0.137907
-0.429050 -1.119838
0.232802 1.141011
2.194936 2.579415
2.971146 -0.395946
3.355116 0.798446
1.759737 -0.637863
-3.441236 -1.596397
0.372283 -1.381552
2.098541 -0.831174
0.086886 -1.548237
1.866347 1.961615
-0.961628 2.276769
1.895796 -1.614519
-2.458576 2.224985
-1.556670 -0.734009
0.352958 -1.699794
0.126294 -1.493319
-0.092233 -0.383601
-2.199676 1.771712
0.354448 0.007897
-1.482243 -3.525949
2.180006 2.252136
1.055119 3.386940
1.039744 -1.445135
2.430777 2.400451
-0.431299 -2.030573
1.530555 0.049755
-3.016505 1.454711
1.353887 -3.383724
2.034268 0.238051
0.299143 1.962131
-3.990476 1.022291
-2.572729 -1.155951
1.895963 0.996527
-2.849763 -0.206136
-1.415960 -0.937087
-3.976853 0.994428
-1.030049 0.067913
-0.892879 -1.734521
2.049894 -1.351086
2.615774 -0.715158
-2.278712 4.103839
2.796648 2.737342
1.990740 0.635737
-2.095038 2.480845
1.903308 -1.222778
3.661401 2.743487
-1.170321 -1.018239
-0.759306 1.575675
2.843256 -0.096070
1.236307 2.193946
0.003418 3.380925
-0.068792 -4.038789
0.842657 -1.924176
-2.723201 1.605708
3.227035 -1.369495
0.987971 1.992850
0.081924 0.718186
1.197616 -3.232344
2.382839 -0.335415
-0.174807 1.007333
-1.672865 3.190125
-1.689419 1.536540
0.775220 2.355328
2.483864 -0.851685
-1.420676 0.976927
-0.286273 -0.115507
-0.901389 0.720809
4.153853 0.695413
-2.293862 3.515044
-1.953152 -2.627912
4.045702 -2.040878
3.043954 -3.010149
0.833713 1.357279
2.862687 0.273060
-2.670319 1.012723
1.117299 -1.839744
-0.579370 -1.758966
1.456202 -2.462173
3.331553 -0.097758
-0.471815 0.872814
-1.354263 0.306971
-0.681036 0.381838
-2.256261 0.902396
2.940994 -1.832490
-0.518602 -1.672205
1.028925 -0.315279
0.190333 -0.779462
4.055379 -1.058362
-2.675182 2.399361
-2.936892 0.456538
1.951480 -1.206000
-0.165257 -0.282362
-1.139541 2.261094
-0.572972 -0.556904
-2.360466 -0.039505
1.282379 -3.171376
0.354002 2.354588
3.071020 -0.117801
3.036616 0.529534
-1.632644 0.311168
0.312055 1.520208
-3.262790 -2.327113
-0.113832 0.491724
0.723280 -1.730205
0.416144 -0.269626
-3.923309 -0.344551
-1.751097 -2.318844
2.497010 -4.213818
3.489212 0.383446
2.676134 0.344120
0.884438 -2.558645
2.316925 -0.793464
-0.735784 2.608465
1.930566 0.589742
-2.278616 -0.337908
-1.142112 -0.854682
0.450808 1.667877
3.921580 -0.596429
2.351539 2.670088
-1.698317 0.808713
-1.324226 -3.645873
-0.519496 -2.911797
1.143531 2.777679
-0.681924 -1.612369
-1.749793 3.653455
-1.718676 -1.358639
-2.035994 -0.806179
0.178684 -6.355972
0.792713 2.090259
2.430762 -0.265099
1.778912 -2.357864
-0.111519 1.668184
1.371190 0.364464
-3.750206 -2.457266
0.875269 1.470871
0.256149 2.219035
-1.406545 -0.486346
-3.261022 4.477187
-2.226462 -1.866557
1.834941 0.548889
0.263408 -0.493034
2.781124 -1.744656
1.685579 0.507535
1.921692 2.162405
1.372571 1.045846
-1.410716 2.919774
3.092135 -4.843971
-1.298314 -1.675094
2.689840 -1.995246
2.810897 -0.050948
0.894375 1.280188
-1.173838 2.233236
-0.244142 -2.753423
0.746517 -1.289430
0.259756 0.560868
-2.394133 0.375097
1.548279 0.771472
1.470081 -3.943370
0.323221 -2.063253
-2.165932 4.620537
1.214774 3.604368
2.036069 1.479676
-0.320212 -2.022189
-1.254427 1.692071
-2.301913 -0.363688
3.143148 0.939043
2.535760 2.922142
-1.282008 -0.558840
-0.309570 -2.815901
0.902666 -0.612853
2.930774 0.132451
1.463491 -3.208199
-0.474604 -2.796608
4.217471 1.921995
0.700325 5.689548
-3.595328 3.532734
0.330366 0.236396
0.443254 -0.816935
2.664199 1.376843
3.446144 3.438586
-3.277652 2.121185
-0.176487 -2.436627
-2.857506 -0.896783
-0.219677 -2.148161
0.628602 3.599850
-0.765813 -1.330315
-2.002589 -1.286890
1.851440 1.505725
1.068398 -3.333561
2.341895 -1.403233
1.755308 -2.826998
-0.613877 1.280686
-3.864039 1.542702
2.744199 3.030507
-1.781670 2.422398
1.421901 0.621106
-1.768529 0.443639
-2.525792 -1.339553
-0.035392 1.672811
-2.833150 2.684974
-2.238951 1.175786
-0.431904 0.974382
-0.908181 0.858151
1.093240 1.546066
0.414543 0.027855
-0.649175 -3.083531
-0.669108 -1.672782
-0.925614 5.033585
0.571324 -2.778116
-1.051814 -0.030692
1.530373 -3.015762
-0.932248 2.016915
1.387853 1.534436
3.569021 2.988164
2.646133 3.972069
-0.985646 0.591516
-1.062428 -2.515264
-1.390030 2.675410
2.222104 -0.014528
3.005612 2.261395
0.264746 1.660123
2.677044 0.901280
-0.435259 2.253680
-1.022189 1.101745
1.124317 -2.388016
2.026603 -0.785077
1.245323 0.788192
-4.329514 0.546873
1.264090 0.391679
0.273800 0.090987
-2.431297 0.147288
2.493497 -3.817072
0.014010 2.070995
1.987723 1.073363
1.542931 2.318451
1.357956 2.481199
-1.554725 2.665275
-1.604848 -0.951974
1.841096 -2.582832
-0.079881 0.916173
1.264076 -1.609632
2.644565 3.771835
2.563450 -0.015146
0.973935 -1.796935
1.743777 -0.114152
1.908257 -1.270563
-2.548858 -0.099158
2.642481 1.039499
-2.399506 2.530880
-1.505896 1.082058
-1.608265 -1.513200
1.477529 -1.027234
2.213356 3.121965
3.797688 0.269820
-1.524416 0.848031
0.267417 0.733096
-2.481727 -0.861536
0.350513 0.888633
-1.678507 -0.845877
-2.131408 -2.300833
-0.520960 2.943857
-2.204774 1.041075
0.759023 -1.714225
1.981683 3.046720
-3.047489 -3.274673
0.115025 -1.644001
-0.729201 2.475033
2.977344 2.096146
0.144663 -1.650900
0.941530 3.270023
-1.838606 1.119904
0.515958 -1.210316
3.345324 3.081082
-0.152991 -1.900911
3.423068 -1.391299
2.696137 -2.425898
-2.144309 -1.605221
0.549396 -1.992001
2.039808 -2.644780
1.986288 1.123005
-2.940145 1.215176
-3.965921 1.355583
1.940888 -3.176438
-2.035597 -2.908916
-1.951288 0.830149
1.804776 4.326776
-0.671796 0.855250
-2.093304 1.088815
-1.281168 3.424087
1.383048 -0.680700
0.834597 -1.103501
-4.132728 -0.610207
-0.047447 2.093994
-1.996774 -1.059170
3.921393 -1.603570
-0.616734 1.936715
1.152461 -0.952568
1.104697 -1.746415
1.123853 3.014687
0.556171 -2.098426
-2.165813 -0.169943
0.694587 -2.341679
0.160357 -0.149747
-0.410442 -4.162882
-1.694106 1.667014
-0.095910 3.535882
-1.685322 -1.068797
-2.106598 1.301953
1.408545 0.715759
2.794825 0.725857
2.455203 -0.611481
-2.742460 0.864380
2.858962 -0.447544
0.537006 1.916144
1.390814 -0.577500
0.244326 2.412862
2.602242 -0.470322
1.931751 -0.307219
-1.760761 -2.808554
-1.741576 -2.108289
1.107401 -1.643598
-0.321603 -2.132656
0.367347 2.447258
0.074802 2.012753
2.661975 3.352853
-0.225865 -2.096575
-2.537562 1.128514
2.237573 -0.006014
-1.529517 2.159597
-1.939246 -3.698165
-3.456854 -2.680252
-1.376639 0.531146
0.338522 -0.620998
-0.303978 -2.164076
2.003570 -0.124219
-1.410108 -2.442229
-2.106527 -0.847216
-1.709578 0.036356
-0.405913 1.950646
-0.913940 -1.250146
1.822049 0.383642
-1.013791 -0.300525
3.171441 1.546714
1.475951 -0.715962
-0.583039 -0.733035
1.294940 -0.095333
-2.613848 1.070847
0.250444 -0.980922
0.330066 -1.198850
-0.714455 1.560213
1.930047 -1.226230
1.575530 -1.934842
-0.421005 -1.085333
1.999969 1.432604
-0.720658 -3.220399
-1.178503 -3.335305
0.164299 3.534852
1.279373 -0.992534
-1.087363 1.041720
1.928827 1.047219
-1.615381 -2.427507
0.290566 1.200253
-3.867299 -0.635741
2.588679 0.959641
1.312565 0.094125
-0.167525 0.668298
-0.034707 -2.914308
0.879595 -1.867292
0.842624 -0.455104
-0.145976 2.449427
-1.469429 1.328813
-0.831427 0.217476
-2.754317 -1.523444
2.007032 1.208676
2.504958 -3.100190
-1.985679 -0.140853
-0.144452 -1.342739
-1.387359 -0.633410
-1.819651 -1.371547
-2.037812 0.497036
0.919956 -0.052614
0.567010 0.712380
-3.066059 -1.031792
1.024836 1.905367
1.909979 1.340040
-0.250465 2.197470
0.270005 -3.808557
-0.605566 -3.067480
1.102068 1.007905
0.631322 -0.313452
-1.168355 -1.179992
-2.324166 0.115068
1.561771 0.252945
1.763233 -0.026657
-0.097662 1.882888
-1.688403 1.735831
0.255331 -1.151926
-1.154813 -1.265160
-1.506155 0.956488
2.232852 -1.529700
-2.301704 -1.122373
1.237351 3.326646
-2.620370 -0.566471
-0.699965 -0.868778
-1.759004 -1.178826
0.418623 3.127344
2.521461 -1.278402
-0.053799 -2.201726
-1.739375 0.775178
-1.481088 -1.209956
-1.948667 -0.608120
1.843114 0.586335
2.654510 0.366397
-0.450165 1.787324
3.333108 -2.364602
3.139872 -0.775614
1.797307 0.990189
1.724140 -0.108379
-1.376434 1.119669
1.088265 1.928247
-1.793549 4.827223
-0.508330 -1.386654
-0.551382 -1.667461
-3.186553 -1.697973
-0.313709 -0.276602
-1.094274 3.093295
-2.412945 -1.563791
0.785860 -0.505980
-1.579306 0.166493
-1.461888 -2.240394
0.111615 4.211266
2.431922 4.909430
3.176556 1.162312
3.393342 0.757841
-0.239629 0.129372
3.847597 1.560424
1.071145 -1.090165
0.681034 -1.857012
-2.941673 0.880399
0.012561 0.351547
0.893648 -0.171233
-0.242126 1.049865
-1.542673 1.639996
-2.717153 -3.874018
1.140225 -1.762374
1.856084 0.607345
1.274710 -1.169496
-0.222768 -1.335455
-1.641048 -0.779984
0.318752 1.037992
1.354827 2.900602
4.594330 -0.123700
-2.783972 1.473998
2.479180 2.609886
0.192299 3.905566
-3.367557 2.954811
2.201464 -2.237005
2.346477 0.415468
-0.587923 2.248845
1.633666 3.249812
-2.961594 1.157332
-0.987002 1.193980
2.909752 -2.519167
-0.524754 0.100455
-0.426982 3.706480
-2.406974 0.308372
2.866541 1.525387
-1.613769 -1.636626
1.119252 3.658949
2.278640 3.304423
-0.861944 1.998806
1.847420 1.767625
0.936894 1.643514
2.585383 2.247805
2.277189 3.164201
3.423096 -2.709697
4.397412 -1.998138
-2.110528 0.916378
-1.517744 -2.136922
-4.302560 1.200075
2.669117 -1.773846
1.207139 0.631054
-0.206374 -0.154250
1.473186 1.955962
-0.611957 -2.380475
-0.456152 -2.050180
0.362455 1.842973
-2.840213 -1.710047
-0.764108 0.242316
1.531878 1.218337
-0.343730 1.180227
-0.582209 0.860640
-2.372404 2.722148
-0.078088 -2.382942
-1.941264 -1.987575
-1.021916 1.138666
4.047623 -1.086541
-1.726704 0.971537
-0.582713 2.380519
0.050448 -0.231665
-1.969145 0.400184
-2.165818 -1.061976
-0.037883 2.201015
0.898900 -1.873220
-2.713755 2.694426
1.396053 1.368461
-2.350261 2.164719
0.951812 1.024742
1.465976 2.353980
-0.413065 1.902736
-0.965285 -2.328951
1.211127 -3.323018
-0.475522 -0.893734
-0.231984 2.721815
-2.334284 -0.166987
-2.153493 -3.138656
0.003570 -0.270043
2.585181 -0.664538
2.330132 2.412398
0.644007 0.699643
-0.934834 -1.104088
1.369430 -3.671755
1.719855 0.545612
1.653943 2.322545
-2.064259 3.053089
2.810759 -2.087952
-1.319198 0.732501
1.496432 -1.388085
-1.510080 1.140281
0.575484 -0.996521
-0.185898 -2.011718
1.722594 -2.865087
-1.171179 0.954144
-1.764351 0.139954
0.480872 -3.009060
-2.083506 -0.525850
-0.015562 -0.491688
-0.704950 2.444984
-3.038862 -0.968506
0.083605 3.071601
-0.555676 -0.046120
0.919567 0.836949
0.090445 3.661832
1.386135 -0.493697
0.262054 -2.671414
-0.845860 -1.606793
0.980946 1.646657
-3.461511 1.851802
1.449313 -0.459553
-1.729776 -2.115561
0.188630 -2.358207
0.000057 1.184477
0.773211 -4.345386
-0.531512 1.884729
-0.122701 1.503144
-1.021828 -3.807624
0.242050 0.693114
2.298441 -0.813789
1.308477 -1.341784
2.002121 2.593604
1.336413 -1.408567
-3.106782 0.976901
-1.924270 -0.168774
-3.594703 0.164164
1.437001 -3.343432
2.324119 3.315102
1.808851 1.554019
1.835367 -1.678652
2.452798 -3.048262
-2.048282 -0.046366
2.549876 -0.083684
-1.011067 -2.381465
1.003452 -1.450345
-1.401978 -0.823192
0.426137 -0.056757
0.555996 1.138508
-3.010604 1.598086
-2.641850 -1.179268
-4.624627 -0.563599
-3.060184 -0.907520
-3.556079 -1.459161
0.877117 2.969472
-3.361543 -3.151217
0.659137 -0.191863
-0.699014 2.341249
4.296598 -0.410311
3.879683 2.472192
-2.470340 0.763193
-1.404263 0.774592
2.267893 3.672039
-2.689604 -1.533482
-1.616472 2.181006
4.177530 -1.572236
-3.400038 -0.123532
-3.063467 0.751207
-2.273804 2.921727
-2.620287 2.590541
3.344939 3.619780
2.890544 0.225278
-3.630793 1.079322
2.190446 2.207158
-1.925157 2.520334
-4.466006 -0.797853
-0.385384 2.880689
-1.373540 -2.103307
-0.886705 3.351953
1.034945 -2.696974
-2.728970 3.789582
0.814557 -1.208333
-1.705339 -2.043994
1.540226 1.760565
-2.394075 -1.600972
-2.043427 1.957962
-0.220566 0.783112
1.142119 -0.821172
2.536039 2.527650
-0.110996 -1.637470
-0.893518 0.513049
4.600826 -0.657568
-2.634762 -0.245789
0.363645 -1.133902
2.982601 1.660123
1.954972 0.740633
2.372993 3.386440
1.927704 3.015011
-0.611297 0.773482
0.975894 -2.374119
-2.306130 2.514531
-0.621168 -1.788561
-0.806803 -1.716054
-2.246933 -0.723361
-0.663322 1.605234
-3.677854 -1.030200
0.933356 -1.077438
2.738816 2.179162
-1.097177 0.245535
2.060101 -0.295238
-1.216866 0.201682
1.644020 1.526976
-3.825580 0.569338
0.969007 -0.181040
1.564601 -0.651570
-3.168946 0.320953
-1.454764 -0.460626
-0.322339 -0.395794
-1.110155 0.712925
-1.533540 0.605416
0.979791 -0.699009
2.231576 0.623480
-2.688958 -1.233936
-0.916610 3.656107
0.935851 -1.426887
2.361862 -1.855211
-3.222126 3.445885
-2.051234 2.707910
-1.916695 2.159735
3.312681 1.521665
-1.579098 0.491381
1.109578 3.194365
1.851368 -1.517837
-2.461005 1.897251
-3.353210 -1.605199
-1.769538 -2.978876
-2.196424 2.455911
-0.802064 1.069937
-2.014928 0.291779
-3.591403 -0.984725
-2.859132 -1.050877
0.863657 2.485492
-0.654729 0.015263
-0.364042 -3.417491
-1.068562 -3.889911
1.351650 -0.654312
-3.783505 0.702058
0.491986 2.392204
-1.634761 2.625145
0.395797 -0.854570
-2.734758 0.872971
0.811074 1.732009
2.468099 -2.652985
1.954236 1.463907
-1.496459 -0.009002
4.280251 -1.265053
0.317274 -0.158404
2.303683 -2.179359
-2.513995 -1.680455
-3.295774 -2.415670
1.495216 3.351012
0.834640 -1.376629
-1.601709 2.705076
1.368422 0.031815
-0.132141 -0.070858
-2.603501 -0.042525
0.963712 4.404366
-2.361802 2.638834
1.226858 -0.100545
2.005846 0.907063
-2.187380 2.358027
0.169391 2.121054
-2.015351 2.508268
-4.534754 3.113842
1.284134 2.306626
-1.038517 -0.000710
3.382217 -2.503599
-0.802801 -2.672859
-1.624906 1.596606
-1.101703 1.912052
1.679635 -1.306689
2.297158 -2.796593
2.058719 0.106131
-2.676787 -2.784521
-0.889998 1.074715
2.416526 0.036993
2.197905 2.183827
-0.004700 -0.664894
-1.207797 2.378852
1.471731 1.478905
-2.620611 -0.571100
1.692363 2.491850
0.149730 -0.346464
0.755876 2.967287
1.214698 -1.356718
1.867356 3.479147
-3.637566 0.675186
-3.068064 -1.345768
-1.319737 2.830787
2.578625 1.555484
-0.621413 -1.612616
0.008187 -1.726926
-0.739072 -1.143265
-2.214411 -0.471289
-0.705830 -2.236396
2.538493 -2.511797
0.320971 2.023527
-0.171200 2.342874
2.620048 -1.554905
0.988412 -1.067916
1.133063 3.011993
0.573289 5.374277
2.874760 1.949284
-1.068278 -1.753644
-1.267447 -2.546247
2.104653 1.961649
-2.007152 2.547962
-0.012441 1.710493
0.036291 2.592279
1.484027 0.114021
0.328383 -2.167431
-1.793510 -3.687662
-1.540562 0.158776
2.928514 -1.058632
-0.588105 -0.713471
2.776508 -0.538648
-2.131460 -2.573471
2.345940 -4.870793
-3.385562 0.284025
-3.760024 -2.637187
0.344214 4.703654
-0.022195 -1.520426
-2.901159 -2.316547
1.017652 0.810893
-0.140248 1.586061
-0.177501 3.540523
2.489402 2.278307
1.384909 0.047737
1.518060 1.609767
-1.951314 -1.374334
1.315761 -3.561875
-0.031964 0.575037
4.036738 -2.832805
-0.853537 -0.222306
-0.821740 -0.502110
0.051819 -5.266373
-0.948359 -3.088343
-1.423017 -5.603408
-1.540187 3.048049
1.338133 2.246259
-1.083518 -3.735568
0.154376 -0.873347
3.175685 -3.314857
-1.846445 1.817868
1.027247 -2.207822
-0.411453 2.023198
-0.317386 1.741719
-2.697473 -0.621276
1.753017 2.997878
-0.783777 0.503725
-0.366586 -0.322965
3.439899 -0.906595
-0.632483 -2.528287
1.872103 -0.982150
1.713515 -1.339440
-1.946202 0.953525
1.621328 -0.645955
-0.401344 3.844258
-0.996388 -2.479350
-2.717016 -2.857249
0.888429 -1.730122
2.538309 1.414075
0.986182 1.413114
0.791655 2.287802
1.685445 -3.454795
-2.754328 -3.105765
-3.637100 -4.156290
1.086717 -1.385084
0.762569 4.126749
-2.089603 2.352726
-1.949749 0.388682
3.151852 -0.693469
-3.465147 0.679198
3.521960 -0.712146
4.097444 0.947303
-1.726392 2.540426
2.345580 3.088364
-2.345426 0.702690
0.883603 -3.103807
2.142819 0.800491
-1.649875 -3.324437
0.984814 3.546664
-0.528742 4.414313
1.614559 0.382214
-2.316760 -0.808994
3.555671 -4.012125
-0.486249 -2.061021
2.619985 2.233661
1.161389 1.622666
2.148005 1.259221
-1.311000 -1.647527
1.814813 -2.437700
4.066008 1.081240
0.595733 -1.166082
2.375417 -1.287067
-3.566728 0.778808
0.687322 4.675938
-2.403519 1.103139
3.005954 -2.472115
-0.357980 -3.480342
1.729339 2.366250
0.420544 -1.528711
-4.165919 0.364686
0.591162 -0.034633
0.713430 -1.367831
-1.002116 -0.228687
2.264052 0.022193
-1.613935 -1.280908
-3.167155 -1.345378
3.297873 -0.906266
-3.600527 -1.472630
-1.845374 2.739523
1.767485 0.912631
-0.338369 4.567290
-0.487921 -0.972083
-1.220100 2.236059
-0.064728 -0.217470
1.023862 2.389246
1.543929 1.838929
-0.519818 1.575379
-0.469508 2.514113
0.104170 0.373471
-0.470356 0.190299
-1.052072 -1.602030
2.327365 1.194908
0.182489 -1.404342
3.334482 -0.410854
3.863786 -0.947142
-1.238556 -0.715942
-0.436611 -4.241302
-0.645912 3.915197
1.231547 4.765649
2.409825 3.483101
-1.266564 2.100393
0.366166 -1.895907
-1.266699 1.070045
-0.276988 2.039878
2.139771 -1.425582
3.353013 3.588569
0.713665 1.429349
0.318943 3.081116
-0.814822 -0.020071
-1.316453 0.625373
-1.277244 -2.332389
-0.351391 0.240446
-2.738060 -0.739027
1.950908 -1.919115
-0.243803 -0.106729
1.059381 -2.201712
0.940554 -0.189875
-0.950137 4.628076
-1.557398 -1.267012
2.918907 -3.623092
0.247183 -1.421194
2.459985 -1.545856
0.386239 0.557202
2.953725 1.440219
-0.398795 2.074126
-0.733672 -0.003367
0.723867 0.910074
-1.317944 -1.253446
-1.066456 -0.887023
-0.882443 1.443139
-2.401682 -1.175476
-0.474770 1.819119
-1.444426 2.215722
1.398982 0.117242
-1.609346 -0.508392
1.088460 -2.878916
1.236935 0.523848
-2.598528 -1.752961
1.663619 2.210381
4.516026 -0.593835
0.771406 -0.531485
-3.634433 1.317208
1.686002 0.458672
0.670526 0.965199
1.946544 -2.221970
-0.949390 0.140087
-0.748577 -0.112932
-2.732277 -1.322253
0.872671 1.136889
-2.621293 0.808781
-1.718267 2.792429
0.584131 -0.835547
0.532751 -1.993295
-1.405550 -1.682496
-1.521027 1.843142
-0.758509 1.822528
0.275882 -0.610684
-0.976707 -0.581878
-4.234460 -0.798140
-1.404246 -1.088137
4.230017 0.164887
0.488489 1.339003
-2.262247 -4.633796
-0.197086 1.937247
2.071929 -0.427243
-1.415115 2.001212
1.130056 2.502034
-0.090360 -2.284399
2.187590 -1.694421
-0.621803 -4.025495
0.184498 1.099492
-0.016258 -0.832324
1.937730 -1.610216
-0.197370 0.061740
-2.464512 0.565192
-2.039741 -0.019973
0.475127 3.541162
-2.835038 -0.981846
0.067884 1.516576
0.379456 -2.294828
3.446306 -3.480932
0.839888 2.268987
-2.641269 -3.618329
2.674418 0.952799
-3.891059 -2.634782
0.029990 2.465347
-2.460796 0.729307
0.226325 -0.265013
-2.722147 -0.346140
-0.004333 -1.778172
0.615520 -1.480109
-2.062584 -0.701070
1.059223 3.556306
0.874035 -1.936616
3.779433 1.191885
-1.826617 -0.328228
-2.837644 2.675949
1.925031 -0.118685
-1.255939 0.872870
-0.523437 -1.789230
0.338687 0.175463
0.880404 -0.503958
-2.564101 -2.085191
2.337323 2.320989
0.668825 0.390185
2.201865 2.008947
-1.958415 0.957609
1.152689 -3.171764
-3.784177 -0.077065
-2.128694 0.401210
2.458712 1.082792
0.057163 -2.716869
-2.035080 -1.282415
3.867294 3.134545
-1.432332 1.750953
-0.042575 4.091268
-0.143734 -2.343260
-2.763309 -2.190541
-0.177016 2.235716
2.779709 -1.548777
-0.030932 2.728042
1.353376 1.852245
1.916879 -1.182912
0.701887 -2.215907
-2.841967 -2.469865
1.620686 -1.240088
-1.791869 -0.323773
-2.877680 4.316419
-2.971310 1.672443
-1.710128 -1.763071
-1.291943 0.729656
1.071499 0.684871
-2.233362 -0.049421
1.313370 0.248518
-0.354988 2.573450
0.725076 -0.312067
-1.064990 -3.805208
-4.207844 -1.963336
-0.330151 -1.804164
-1.859978 1.118326
2.643715 2.208183
-1.456785 2.573712
1.054902 -2.739544
-0.934718 1.385613
-0.470494 3.208223
1.115549 -0.941298
0.447067 1.659010
-1.411915 2.268942
-0.656635 1.512658
-0.475593 0.833271
0.292632 -1.613874
-3.281531 0.029265
-0.234976 2.597771
1.561915 0.244294
0.639240 1.558380
2.977531 -1.635597
-1.256890 0.724211
-3.406927 -2.533506
0.981811 -3.025636
-1.967730 3.773872
3.606793 0.426401
-0.346943 2.069364
-0.293943 -0.717100
-0.814844 -1.967680
0.235455 3.306961
1.185625 -2.208881
1.650359 -0.874923
0.481166 1.285473
-1.938639 -2.950357
-1.623094 -2.038417
-0.127935 -0.995936
0.265280 -2.055391
-3.515338 0.299677
0.414513 0.109630
0.765003 1.698541
1.865208 -0.124151
-1.661486 -0.709722
-1.966445 0.330628
0.726821 1.898672
0.760097 -1.085805
-2.356941 0.200683
1.875846 -0.018566
3.882338 -2.299612
2.097088 1.609809
-1.310870 0.335486
-2.268791 1.159138
-1.884036 1.665328
-3.290027 0.415391
-3.907412 2.248098
-2.304743 -1.966426
1.663877 2.462275
-2.928863 1.300645
1.686749 -0.702425
3.091103 -0.256167
-2.121356 -0.109723
2.149177 2.576464
-1.422699 -0.198665
2.774906 4.439542
1.081586 -2.553258
-3.195898 -0.327308
0.703398 1.407822
-2.924215 0.537292
3.399586 -3.297242
1.948152 2.893987
1.794199 1.738205
1.572556 -0.684703
-1.819902 2.258077
0.546792 0.697632
1.391079 -0.808857
-1.232945 3.942614
2.072537 0.434831
1.068959 -1.188671
3.176446 -0.336626
-1.932124 1.665096
-1.387902 -3.074185
-1.229103 -3.211804
2.198453 1.328885
1.059262 -0.066465
0.283351 -0.439815
-2.101855 2.121363
-0.257029 -2.873372
-2.022712 -0.114861
-1.121655 -1.350299
-0.402957 0.528830
0.955390 -0.754337
-3.044821 -2.096217
-1.804737 1.904057
-3.152086 0.763962
2.674138 -1.329118
0.301962 -0.020413
0.779835 1.355350
1.762641 -2.766819
1.475387 -1.697468
-0.126293 1.864645
0.027403 0.907997
1.428595 0.149607
1.235850 -0.677150
-1.403963 -1.094371
-2.100767 -0.211609
-0.178807 -1.197308
-1.909571 -1.918018
1.708366 -1.520666
-4.787749 0.596965
-2.278400 -0.475767
-1.944140 2.758013
1.125738 -2.913572
-2.778697 -2.777211
2.439013 -2.044762
-1.684648 3.089033
-1.260816 3.636773
-0.209368 -0.449161
-2.143105 -0.820114
1.005862 -3.369782
2.140770 2.211793
-0.903560 3.797541
2.130649 1.379596
0.612916 1.925978
0.489776 -3.596586
-0.213289 1.141846
0.692178 -0.989092
-1.472165 -3.266903
2.073860 0.424794
1.970154 -0.897951
4.101756 0.463271
-2.449975 -4.138435
-2.643292 -2.598433
2.998751 0.866993
-1.375957 2.704991
-1.213510 3.254031
-0.927891 1.796093
-2.129162 0.813895
1.483382 4.372533
1.901539 -3.003358
0.713961 3.466385
0.637239 -0.380639
1.627422 3.181584
2.213956 -0.682558
-0.025222 -1.573134
0.276138 -4.131700
-0.321982 0.931512
1.762384 0.853492
-1.720663 3.644040
3.468605 3.010021
-1.251346 0.453450
-2.221529 -0.534852
-2.240636 -2.423860
0.549371 2.770923
-2.079451 0.311160
-0.428720 3.824585
-2.507753 -0.475674
0.297376 -3.030424
-1.208994 -0.367225
0.712256 -0.801049
-0.399801 -0.321105
-2.485691 2.222380
0.933298 -0.320101
-0.029304 -0.907864
0.548140 0.417659
-0.582662 0.642176
0.159022 1.379999
-0.865407 2.364980
1.827553 -1.433617
0.287250 -3.742966
0.114071 -2.338875
0.051673 4.011001
2.632063 1.965313
-1.061986 -1.454769
2.403580 -3.293676
-1.522999 1.422138
-0.656686 -0.457497
0.713376 0.815202
0.856984 0.794379
-3.015064 2.339056
-1.492646 0.575885
-1.233100 -0.402336
-1.997053 -2.174509
1.108352 -0.480417
-0.872177 1.264331
0.252054 1.024169
-3.704815 3.520417
2.726926 3.240825
1.921224 0.582358
0.547149 -1.862329
0.616125 3.675418
-1.266232 2.756165
1.469422 2.933015
1.321336 0.287921
-0.755960 2.967229
-1.120538 2.316549
1.634763 -1.036609
-1.641507 -2.635709
-0.493937 -1.702553
2.983702 1.487085
-0.058599 -0.021103
0.971148 -0.119522
2.510148 -2.664444
0.570626 -0.114508
1.597704 2.757156
-2.402540 2.140744
-1.172512 -1.610930
0.602001 -0.399070
-1.435103 -1.821791
0.175477 1.389708
1.345033 0.168497
-1.326140 -0.068824
1.075405 -2.251547
-2.905837 -0.942199
-2.771380 -2.813709
-2.772307 -2.093290
-3.090826 -1.554421
2.713995 -2.475149
0.626350 2.968265
-3.099436 1.846854
-2.425448 1.601012
-3.012596 -2.883780
3.724505 -3.106050
-0.760492 -3.778044
1.073233 -1.552090
1.765765 -3.587390
-0.767762 -2.853738
-3.521741 0.477210
0.011868 2.400919
1.628120 0.094250
0.988367 2.153408
-0.938386 -1.557085
2.403128 -0.210382
-0.432777 0.431707
-1.035060 -1.530595
-2.207153 -0.261183
-0.138710 1.547264
1.418946 0.485949
-0.394079 -0.661969
-0.334437 1.598575
-0.146665 0.950781
0.845854 1.364008
2.677505 3.036424
1.145015 2.034199
-0.225056 -3.621327
1.983723 -1.144363
-2.440615 2.209508
1.362393 -0.295135
1.721669 -3.772335
-0.741594 -0.117725
1.323686 -1.034262
0.614571 2.522283
0.954885 -0.251607
1.393470 2.824693
0.458801 0.920749
0.695457 3.040169
1.474561 3.312145
0.979102 1.212050
-2.970116 -0.344728
-0.731517 1.335423
1.653702 3.475961
0.357864 -1.404230
-0.313777 -0.468197
0.197609 -2.123101
-4.397798 -1.402487
2.488590 1.170312
0.108402 3.036288
1.768483 -1.694595
-2.559474 0.504075
-0.736319 2.362680
2.263924 1.368878
-1.027505 2.968903
-0.274648 -3.350117
2.302446 -0.883562
0.943437 2.318252
-2.882217 1.407894
-0.206323 -3.649365
0.992462 0.795614
-0.612196 -3.771832
-1.642041 1.500208
2.069583 0.005692
1.129054 -0.713615
-2.953346 0.331021
-1.615906 1.739369
0.397766 -0.969481
1.574112 -0.833647
0.674535 0.279505
-0.821653 -1.684709
3.744786 -0.288730
-0.054434 1.656385
1.315017 3.040049
-2.460211 0.653422
4.631736 0.011207
1.175667 -2.794965
2.140951 -0.954319
1.758971 0.132987
-0.928376 -0.853435
-4.302429 -0.575697
-3.116401 -1.316638
-1.150763 1.242560
-0.007898 -2.743941
2.924165 0.847977
-0.789609 -0.441399
-0.258810 -2.082519
0.911222 3.803558
-1.438735 -1.343179
0.049353 1.600693
0.938324 -3.814048
-1.721316 1.131580
-0.349526 -1.514139
2.970974 0.514590
3.208933 0.229954
-2.341834 -2.167255
-2.440048 -4.434350
-1.922263 -3.438496
-1.641124 -1.827454
-2.135989 2.209024
0.359256 -1.088263
1.317925 4.844715
-2.526299 -0.510424
-0.528899 -2.012619
0.901121 -0.632090
-2.106737 2.718456
-0.196509 0.368088
-0.455644 -0.672078
3.584561 2.395348
-1.562928 -1.022045
-2.903844 0.236591
0.605409 -0.276254
-0.593095 3.518517
-1.093307 -0.466021
2.240022 -2.840282
-1.182434 -2.279216
0.073322 0.330619
2.746216 -2.041101
-1.841192 0.675489
-2.371577 3.763378
1.702267 2.743980
-0.575453 1.235431
1.865315 -0.622288
-1.888279 1.652461
3.410819 -1.884769
0.231245 -0.738641
-1.585475 2.127423
2.134727 1.730422
1.429157 3.069881
1.947034 -1.877873
-1.528011 -1.287260
1.226979 -4.047188
-2.437473 -0.418171
-3.520831 -3.614625
4.032991 -1.672193
0.314666 2.067078
-1.527839 1.714826
2.302775 1.005317
-1.233553 -1.768445
-4.119510 -0.606077
0.401650 -1.042613
0.556403 -2.406918
1.957139 0.380103
0.349748 3.533053
1.593752 1.081848
2.018124 -2.869173
-0.041314 0.618885
0.359150 1.260389
2.692198 -2.167834
-2.778501 0.597873
4.503767 2.709381
-0.506000 0.763376
0.533774 -4.567697
-1.396492 -4.612090
0.256493 -0.667338
0.790756 1.381682
2.185732 -2.827807
-0.407861 2.093971
1.520849 -3.981516
-1.620934 -0.080098
-0.053363 -2.436248
-2.774473 1.977706
0.135335 4.131826
-3.452923 -1.194003
1.893330 -0.848609
0.751414 -2.743245
2.716505 -0.171109
-1.588495 0.637229
-1.631902 -2.944581
-0.845519 1.875329
0.365121 -0.465123
2.898817 -4.826994
-0.748747 0.429315
1.676839 -1.021710
-3.993421 -2.250888
3.062696 -0.313485
0.070985 3.890106
1.359021 0.212287
-0.256134 0.588519
1.451067 -2.208616
1.583296 1.333872
-1.357599 0.003814
1.313887 -0.584581
1.563670 1.120262
-1.503006 1.979507
0.355689 -0.268551
0.614280 -3.801797
1.824028 -1.449915
-0.185060 -2.769379
-2.719000 3.746259
-0.337676 0.475970
-1.916137 1.109188
-0.846409 -0.527691
1.869872 -1.265249
-2.780796 -3.355213
-1.920018 -1.921207
-0.439542 3.555881
3.805456 -2.854943
3.621410 -0.009063
2.204696 3.811387
-0.771594 -0.410264
0.814135 -1.034406
-0.352378 -1.067176
0.272628 -2.306236
-0.291210 -2.216801
1.515042 5.376299
-1.156724 0.766624
-3.305935 -0.236172
1.271983 -2.058651
-0.495480 -0.463009
-0.610635 1.235298
-1.309584 -0.829354
0.278573 -0.124692
3.880387 2.969245
-1.855813 -3.469712
-2.535720 1.832229
1.498694 1.504454
-3.688923 2.409527
1.351046 -2.363332
2.185139 0.984538
0.949257 -1.060561
2.643072 2.201537
0.035173 -3.121829
-1.962647 0.469453
-0.063130 2.956833
-2.851654 1.981657
2.115049 0.883163
0.300752 -1.682694
-1.385085 0.987316
0.831924 -0.045632
0.389860 -1.079847
-3.075809 -2.268482
-2.878903 -2.451516
0.752114 -2.951130
-3.150821 1.223491
-1.931772 -0.086501
-3.499477 -1.135341
0.338223 -4.286863
0.982234 -0.015990
-0.909440 0.933240
3.726348 1.059991
-0.445406 -4.047598
-1.878067 -1.045743
0.118878 0.965227
-0.902145 3.503056
1.598800 1.236221
5.410766 -0.501062
0.016402 0.214646
2.866818 -2.663777
-1.541881 1.126334
-0.147652 -1.307883
-0.148443 -1.098010
1.621461 -2.959667
0.517022 -1.154728
-2.287501 2.894253
0.142576 -3.178851
1.517173 -0.953723
-4.058310 2.513409
-2.050997 -1.060056
0.073761 -0.365573
-0.631712 -0.825113
-1.397091 -0.493288
-1.942878 -0.204323
3.091868 1.158468
1.780962 2.283642
-2.375865 1.893985
-0.855695 -1.418644
3.393523 -2.055127
-0.766758 1.954763
-3.995662 -1.296786
2.331092 3.321009
1.909800 -2.394611
1.377841 -2.313975
-2.591614 -0.380526
-2.477433 -0.177934
0.850077 0.525632
-3.014300 -0.435465
-4.390485 -1.652878
-1.059582 -2.216992
2.458472 1.987997
0.254819 -1.866195
0.474400 -2.456631
-3.350775 -1.280724
-1.164120 2.999755
-1.655845 0.114429
-1.681746 2.085143
0.381825 1.464290
4.061767 -0.054341
1.305880 -0.522616
0.242694 -1.397586
4.760831 0.629619
-2.256902 0.950188
-1.208957 0.678547
-2.452831 -1.585838
1.083783 -0.660559
-1.511092 -3.062160
-0.912073 -0.639131
-1.130015 1.044317
-2.716567 2.099702
2.224983 2.184243
-1.470231 1.154209
-0.401932 2.776915
-0.195337 1.965519
2.488242 1.044640
-0.900764 1.802036
0.321426 0.027740
4.213581 1.386290
-2.444639 2.997475
3.412950 3.648958
-0.102723 -0.574258
-0.138350 -0.654878
-1.700920 -0.658065
-0.988922 2.788753
-1.159671 -2.491283
-0.280177 -1.726582
-1.949263 -3.256686
-1.558663 1.899533
3.061645 0.583092
-1.062843 0.495255
0.944401 -1.002955
0.362467 -0.217352
-2.889316 -0.848518
-1.650736 0.456433
-2.400898 -0.865916
-1.845477 -2.756230
-0.581492 0.681997
-0.285012 1.388050
3.284761 0.418093
3.491395 1.856919
3.433057 -1.981417
1.243556 -3.638909
-1.241016 -0.686652
-1.886925 -2.400898
-0.121604 2.022292
0.210056 0.264137
-1.945031 1.755929
-3.114230 0.649388
1.674016 -0.485913
-2.292684 -0.447530
-0.589166 1.021690
0.754418 0.656414
-2.873855 1.674839
1.040434 2.484140
1.987363 0.912356
-2.391356 -2.778745
1.746228 -1.310164
2.196808 0.831956
-0.483301 2.911374
4.711354 -1.784234
3.617911 1.220544
-1.984807 0.623777
-0.303577 -0.762938
1.084464 3.356246
-1.387939 -0.489721
0.184675 0.134807
2.248634 0.749049
2.222646 1.181584
-0.317656 -3.126134
1.287727 0.063120
-0.472630 -4.738886
-0.765923 -0.973817
-0.855996 -0.759584
-0.609001 -4.549558
-1.432780 0.373203
-1.307182 2.351492
2.340099 0.817698
-0.686021 3.402146
-0.539369 -1.095433
-1.217765 0.799686
-1.834261 2.456746
1.549582 -0.928858
2.217095 0.413831
-0.418921 -1.602542
-1.559899 1.130498
0.788104 2.198137
0.630663 0.346218
-1.687648 -1.078339
-0.124699 -2.846976
0.996666 -2.867919
-1.969855 -1.205290
0.275765 -1.486236
-1.611360 2.313663
3.197366 -0.649745
-0.322537 0.279458
3.366040 -0.213801
2.565272 -0.757587
-2.265488 -2.139750
0.486287 1.413815
-0.361266 -1.919182
1.399419 1.986202
-0.864769 -0.916437
-1.137160 1.891347
-0.349926 0.290702
-2.812875 -2.316959
1.971496 -1.643532
-0.622116 -0.871859
1.886123 1.382695
3.060002 2.319210
-0.865960 -2.289356
0.458421 -2.382170
0.888826 1.219032
-4.507064 2.610886
3.697620 3.230583
2.515364 -1.145826
2.870054 2.658736
-1.165400 -2.270362
-1.502584 0.516247
1.046427 -2.943770
1.834291 0.221739
2.909737 -3.716434
3.601351 -2.024486
-2.983314 0.489020
-1.417668 2.566594
2.244737 -1.506021
-2.130942 0.490126
0.340288 -4.391644
-0.661304 -2.245768
0.750365 1.898664
2.337399 0.469072
-1.916232 -0.731540
-1.087999 -2.810566
0.341780 0.766616
0.651308 -1.658824
1.560619 -3.138944
1.959395 -0.447673
-2.613704 -2.044057
-0.484506 1.802805
1.572930 -1.237676
-3.344006 0.973941
-0.051481 -2.452377
1.705481 -1.372085
-0.514195 1.799189
-0.145361 0.310732
1.968593 0.451586
2.390629 -2.253725
-0.549769 1.000359
-2.557061 1.633171
3.561731 3.260791
0.159902 -2.057047
-1.564474 -0.523622
1.445607 3.002374
1.585514 -1.169662
-0.526255 0.517328
1.856974 -1.771502
0.599911 -1.593070
0.701469 1.602392
1.888707 -1.257090
-0.988323 -1.867060
2.624883 -0.316782
2.166472 -1.965286
2.040171 0.642839
2.783102 -3.043469
0.350843 -0.754639
1.167951 -0.107481
-1.799983 -0.159475
1.191879 0.688965
1.478634 0.252455
-1.821109 -3.237697
1.963979 -0.187201
-4.085438 0.307926
-1.455389 -0.650013
-0.800301 -1.689356
-1.924702 1.553787
2.275540 -0.914508
-3.638388 1.913605
1.304848 -3.314664
3.391481 -2.208966
-1.081197 -2.738582
0.353896 -3.413260
-2.474238 -2.507418
1.286708 3.336061
-0.566096 2.440455
0.876689 -3.647030
-1.848802 -2.449375
-2.059211 -1.437891
2.846396 2.823981
-2.536526 2.079040
-1.003423 2.151123
-2.602239 1.812810
-0.504046 1.823145
2.812446 -0.273208
-2.960312 0.004764
-2.407373 -1.663160
0.061459 1.005863
1.553538 -2.828935
3.254615 -2.775717
-0.195985 -1.305574
-2.460584 1.198372
1.034559 2.134130
-2.780341 1.522658
0.395919 -2.958856
0.050265 -4.627118
-0.781908 -3.432228
4.282700 -1.009546
-1.603844 1.284513
-0.910109 3.701060
-0.344457 -1.086031
0.574533 0.213705
-1.990729 -2.061764
-0.301972 -0.260526
1.082196 -0.535457
-1.728549 -1.892350
-1.353644 -1.210182
-2.477063 3.900714
1.787854 0.711204
2.031376 0.717542
-2.212965 -4.526846
-0.592820 -2.707169
-0.535127 -1.870639
-3.131600 1.406191
0.747494 1.407169
0.522928 2.044291
-1.741802 -0.911318
-0.430038 -0.443124
1.365802 -2.644640
0.139947 -0.371883
1.221146 0.572953
-0.435791 0.455945
-1.044212 2.562523
-1.646889 -0.878843
-3.226002 -3.760603
0.178385 1.660346
0.702724 1.103204
1.247697 -1.834853
0.479400 -0.596774
0.720666 -0.210241
-1.507773 -0.906230
2.805587 -3.057555
1.475811 2.989506
2.815115 -4.582582
1.119390 0.723383
2.364394 -0.469908
-0.551767 0.063512
0.641543 2.688379
1.226544 3.409916
-0.779720 -1.267461
0.048612 -2.132300
1.174655 2.963372
-0.854084 -1.055345
1.239180 3.145531
-2.921810 -1.822008
1.016001 -1.677675
-1.308994 0.600244
1.890874 1.181204
-2.010022 -0.811392
0.768070 2.531401
-1.448845 1.407765
-0.282028 -1.914059
-2.818634 -2.007809
0.283560 -0.822651
-0.005401 1.684130
0.634171 3.550993
2.328318 2.296358
-0.723345 -3.730031
0.485394 -3.057521
-0.225531 -3.252154
-1.237416 3.006309
-2.393036 3.656144
1.208061 1.221327
-3.368785 2.067517
-0.545962 -2.332438
-1.273197 -2.402842
3.093168 -1.351832
3.770813 4.689102
-2.202848 -2.513060
-3.508617 -2.921317
0.563330 0.159540
-0.423020 -0.415975
-1.229712 2.455898
-3.079251 0.630286
2.953258 -1.249615
-1.454625 1.574037
0.491106 0.003010
-2.274598 1.210923
2.249903 4.997918
-0.119524 4.099021
1.499636 1.733844
0.394543 -1.991799
-1.464027 2.054559
-3.220021 -3.793745
3.911882 -1.104301
-0.818459 3.498609
-1.611684 -0.838922
-2.443015 -0.350921
-1.129183 -1.657573
-0.565161 -0.848843
-1.891656 -1.266254
-3.067357 3.501765
-1.782732 -1.919639
-2.363185 3.138969
1.121386 1.194807
-1.577311 -1.152447
0.959613 0.951815
-0.124653 -2.337305
2.053882 1.158073
1.608608 1.795714
1.970392 1.247920
-0.889745 -1.098845
-1.747392 -3.659110
-2.169330 0.737623
3.516938 0.572558
0.914528 -0.218947
-4.200673 2.796177
-0.236473 -2.216299
2.199224 0.478867
-3.223860 -2.761522
-0.817848 1.329569
3.067724 -1.304173
-1.025843 2.550341
-3.069077 -1.115867
1.579094 -1.214719
-0.425763 0.651119
2.262642 2.150810
-0.180764 2.307482
1.457769 2.524668
-2.825902 2.176491
-1.909187 -2.971757
-0.363156 -0.101721
-2.944277 0.968837
-0.686144 -2.336917
0.183135 -0.902929
-0.165891 4.375854
-1.893314 0.372526
-2.343867 0.271841
-0.895887 1.127458
1.575650 -3.299796
-1.427975 3.062415
0.228964 -0.856853
1.740367 3.260305
-0.945756 -0.019431
1.758573 -0.040401
-2.118289 -3.128794
-1.707722 2.877884
3.976599 2.107481
-2.157704 0.471793
0.492815 -0.705283
-0.900250 -0.332568
-0.564863 -0.518388
0.573319 -0.476047
-1.309624 -1.649902
-2.954077 -1.314928
1.441904 -0.465537
-0.322021 2.292691
-2.407120 -0.292003
-1.984028 2.816518
0.061294 3.022375
-3.432375 -2.040927
0.414869 -4.047658
2.460663 -1.216072
1.187299 0.657952
-1.497805 -2.242258
0.990870 1.601218
-2.776487 -2.528897
2.649360 1.075382
1.644356 2.164617
-1.010810 1.381194
1.654958 -1.545069
3.004698 1.542281
-2.349426 -2.821129
-2.853981 -3.538997
1.660770 1.221181
0.903972 -1.576126
-2.629636 0.095513
-2.295543 3.196348
-1.677280 2.180418
-2.247696 -0.662770
-2.970395 -4.339629
-1.037136 -0.019566
3.028711 3.017752
0.932473 1.526722
1.848139 4.430499
-2.802847 -2.395897
-1.203688 -0.242707
-0.409655 -1.130771
-0.908135 1.089499
3.060038 -1.190480
-0.554661 -0.860096
-1.198288 4.196658
-2.684224 -1.433132
-1.512320 -2.179160
1.673920 0.013929
-1.737703 0.980449
-1.408659 0.885462
-2.406186 2.709135
2.583236 1.776315
-0.424763 -1.177892
3.356158 -0.278289
-0.896831 1.277213
-0.166992 -0.469154
2.887719 2.002648
3.488146 -1.296905
-1.789270 -1.943261
-0.488148 -1.485470
4.371930 0.144264
-2.527376 2.736442
2.403531 1.766253
-1.554503 0.758027
0.705466 -2.368553
1.272236 -0.984812
1.585439 2.951940
-0.346282 1.300653
3.458261 -3.035307
2.769465 -2.251649
-1.377214 -0.920853
0.552788 0.153011
-1.149575 -0.928150
2.450187 1.148058
1.580403 2.216593
-0.230336 4.186047
-0.525603 -2.506757
-0.867823 -0.058596
2.850573 -2.208191
3.019809 0.811469
0.080523 4.450176
1.230518 4.666817
-2.185794 -3.454965
0.889512 -2.452398
0.094419 0.003398
-1.327796 -2.957141
-2.008823 4.222024
-2.553988 -1.872512
-0.439383 1.519748
0.960959 -2.007115
-2.210511 -1.710882
2.622483 -0.398038
-2.002142 1.113121
1.912299 0.063550
2.376322 -0.604987
1.501234 2.104763
1.592294 -0.547447
2.538900 -4.267319
2.688652 -3.328487
-2.543391 1.434756
-1.341245 -0.857604
-0.916742 -1.057538
1.030448 -3.752937
1.462368 -0.696817
0.422710 1.232129
-1.557144 -0.857940
-3.068391 2.599687
2.441100 1.189807
0.532144 -1.840319
-0.557423 2.285626
-2.977925 -0.500351
0.189353 1.213481
0.220071 0.880175
1.863259 -1.919061
2.282410 0.640120
4.591266 -3.052212
-2.616155 -3.267977
0.028747 1.888164
-1.050933 -2.040314
-1.833225 2.827273
-2.463541 1.294664
-0.141083 -2.622106
2.334907 0.351121
2.422810 2.489111
2.362405 -1.331615
-0.997277 -0.225399
2.799588 2.999298
-0.780116 -2.770938
-2.751141 -0.269696
0.331038 -1.536851
-2.406504 0.546163
0.544271 3.333345
0.798278 -0.187497
1.548608 -1.284011
0.924701 -0.487389
0.596022 -0.035131
-3.029289 0.690710
-0.152166 -0.022141
0.582133 2.871134
-0.898579 -2.229254
0.238209 -0.391524
-1.881004 2.090481
-3.388700 -1.465522
-0.573420 0.608665
-1.387506 -2.030530
3.373176 -2.982286
-1.064684 -2.421316
1.709064 -2.084399
0.614825 -4.128665
-1.159815 2.625683
-2.361561 -3.484995
-1.189589 0.976296
1.071845 -0.134485
-2.589922 -1.172865
0.135282 1.103638
1.538396 -3.863318
-3.395418 -0.277739
-0.091434 -2.379417
1.340794 1.337060
1.654129 -1.942020
2.540159 2.067341
1.977845 -2.723278
-0.799420 -2.377932
-1.448078 0.304483
2.972897 0.108280
-0.084895 0.998120
3.976116 0.689411
-2.002788 0.408662
-1.435444 2.897810
-2.588720 -1.875503
0.245282 0.973126
0.226176 -0.338532
-2.418385 0.412595
-3.636534 -0.607571
2.370239 -1.672007
1.740055 0.710457
1.433888 -3.120621
3.794135 4.759452
-2.351276 0.529498
0.798534 0.357654
2.302984 -1.636700
-2.494279 -1.137183
0.730959 -0.129665
-2.547583 -0.812109
-4.610823 3.017320
1.350975 -0.309123
0.566546 -0.783258
0.071803 0.183561
0.410764 1.234969
2.497452 -2.331780
0.295348 0.386623
-2.426558 3.132540
-0.202616 3.644646
-2.070116 2.163585
-3.237054 -0.487278
2.010610 -1.683758
1.909408 1.505298
1.221701 0.966092
0.527426 2.983661
-1.586479 2.101928
3.139159 2.048832
-3.163705 0.095785
-0.709679 1.366631
-1.295007 1.731979
-0.658991 -2.789324
2.258937 -3.472842
-1.356533 2.956650
1.942144 3.400691
2.482650 -1.445500
-2.913419 0.072109
0.564796 0.317440
2.108184 3.817476
0.907201 5.044353
-2.888881 0.758889
-0.927264 3.134337
2.941093 0.597721
0.691830 1.643740
-0.066129 -2.487403
1.376028 1.248038
0.627657 0.153221
3.518956 -2.372385
-0.287090 -0.361641
0.291847 3.568000
2.053797 0.672567
-2.139449 1.225761
2.223352 1.215809
0.286942 2.758925
3.481636 -1.421589
1.453224 -2.035567
-0.359548 -1.249645
-1.401015 -0.862841
-3.938486 2.379453
-1.042164 3.374938
0.510944 -1.946935
-1.479425 -0.407167
0.199729 -1.565009
-0.348320 4.950309
-2.400244 -1.223357
0.584560 1.593048
-1.310987 -0.776013
1.696531 -0.400628
0.587764 2.861033
-3.586851 0.580482
-3.587182 -1.719020
-2.733091 -2.394870
2.308189 1.192657
-0.705960 2.954446
2.789568 1.142992
-2.566819 -2.455257
0.788863 -1.044396
3.344322 3.068389
1.658942 1.134247
0.849297 2.614362
3.838427 0.334295
2.887913 -1.285291
-2.173700 0.473930
-1.367484 1.572470
-2.672584 0.015345
0.154671 1.137324
0.343091 0.734769
-0.840839 -0.219193
-3.122506 -0.379735
-2.370647 2.140177
-3.583829 -1.141231
4.210464 0.513016
-1.611546 -0.130157
0.541480 -0.801585
0.647142 -0.691290
0.883448 -1.687759
1.479749 1.887106
-0.668761 -0.840758
0.181128 -2.473467
-0.220289 0.232629
-3.349634 1.485247
0.970878 -3.042621
-0.643724 1.633673
-2.629556 2.426750
-1.425549 -2.370243
0.156212 -2.483920
1.428877 0.310120
-3.345269 -1.769146
0.923133 1.226085
-0.379096 -2.563683
-3.200610 0.932861
-3.221916 -2.527474
2.871968 0.499799
0.627016 -1.911015
2.011521 0.720984
-0.685594 -2.630168
1.713283 3.283848
1.605480 0.962733
0.019415 0.338080
1.490963 0.712269
-2.791667 -0.784687
0.133675 0.094198
-1.287151 -0.194599
1.524636 1.666880
-0.223939 -3.001409
-1.936292 -1.278685
-2.474033 1.257405
-3.920653 -1.737101
-0.777355 -0.373896
1.651077 0.442010
-1.020743 -2.211862
1.028619 -0.928809
-2.464763 0.973244
-3.403015 -1.885283
1.453810 -0.833220
-0.135615 0.708372
1.412021 0.793172
2.827699 -1.474585
1.206647 0.251734
0.467811 -0.065611
-1.987811 0.825083
-0.407497 0.186871
-1.616956 1.921176
1.335133 -0.526302
3.122349 2.560112
-0.383578 -0.564466
-0.935691 -0.646298
-2.767882 4.742008
-0.986118 -2.858527
-1.451559 -1.485251
-1.024275 -0.216426
-1.190184 0.138019
0.768485 -1.366631
-1.251661 2.924012
1.620960 0.680964
1.209938 0.007674
-2.829688 -0.978092
0.287761 2.561010
-3.355884 -1.370389
1.563976 -0.752900
2.082129 3.314706
3.417354 -1.035339
1.652423 -0.091617
0.893068 -0.879373
2.923980 -1.854309
1.727041 2.371604
-1.849499 1.609138
-4.558707 0.271689
1.516209 1.419964
-2.693870 -0.484806
-0.553426 -0.923060
0.549579 3.296555
0.853036 -3.313230
0.616200 2.007781
0.801072 -3.168605
0.032535 3.212621
1.765030 -0.074065
1.268126 -0.826797
3.933749 -3.797918
1.946660 -0.127821
1.688366 2.697139
-0.225129 -1.799024
2.381061 -3.403921
1.998194 -1.635391
2.681460 2.301772
-0.054263 1.235961
-2.452667 -1.167914
-3.161937 2.453900
0.508895 2.473272
-1.924553 -0.655537
-3.239413 0.607475
-2.913088 -0.738369
1.824208 -4.113922
0.607941 -3.371338
2.238750 0.971820
-2.450707 -0.710725
2.330050 -1.498108
0.183877 -3.274822
-2.634279 -1.700123
0.439151 0.569957
-1.076293 -3.788953
-1.025325 -2.611999
1.727837 -2.437114
-1.842053 -3.447805
0.234554 -0.550252
2.019572 -1.136195
1.036567 2.578252
-0.664900 -0.301117
-0.926656 2.097658
1.618136 0.634199
2.214676 1.869320
1.827518 -0.841743
0.050240 -1.961115
-3.061383 -0.427811
1.005478 -1.590605
-4.486417 -1.810876
3.436807 2.480295
1.125095 1.992424
-2.585677 -1.032858
2.610437 1.751017
-3.426913 -1.635536
-2.695117 -1.794721
2.130095 1.293668
-1.295814 -1.620461
1.933507 0.498152
2.911208 -2.084445
-0.819424 1.615352
2.679387 -0.373492
-1.082693 1.150212
-5.084580 3.589200
-2.741606 -1.098796
2.746438 -0.709184
2.937855 0.368702
-2.265127 -0.980277
0.142136 1.665590
-3.096606 -4.930573
1.709913 -2.090419
1.790522 -0.984215
3.267679 -2.727841
1.783626 -1.078452
-1.008791 0.925355
3.136431 0.376290
-0.466619 -1.700348
-2.030051 -0.497411
-0.022405 4.747448
0.735818 3.986725
1.777606 -1.456533
0.558467 3.247668
1.332354 0.247140
2.590414 -0.176458
-3.470792 -1.073853
1.604642 1.669055
1.956685 -0.211345
-0.093216 0.611363
-2.636049 -1.877174
-2.323754 1.660590
-2.185657 2.348124
-0.294113 -4.814284
-1.613811 2.371663
0.308302 0.178749
-0.593002 -0.349829
-0.417872 2.795614
3.608508 -2.586864
0.788188 -3.032055
1.353587 0.773862
1.906232 4.025460
2.252493 0.106068
-1.199238 -0.572296
2.820378 -2.444998
-1.762983 -1.051204
-0.735078 2.983805
-0.491993 -2.398782
-0.219467 0.507592
-4.358054 -1.159256
0.859878 0.877307
1.475543 -1.571332
-0.351753 1.907176
-0.200145 0.884573
3.392396 3.180435
0.072809 -1.731775
0.059411 1.445440
0.062443 -2.707013
-1.966582 -0.006447
2.230026 0.162160
-3.009823 0.749593
-0.178815 0.154444
-0.240013 -0.368297
0.097016 -1.585732
-0.897156 0.706272
2.222252 -0.242951
-0.689828 1.433763
0.733505 -0.234294
3.212302 -2.232710
-2.737873 -0.509779
0.042116 1.538831
2.939334 -0.104918
1.520015 0.369581
-1.297545 0.554631
-1.754251 3.557195
4.616460 -0.665945
1.557581 -1.047158
-0.608646 1.496531
-0.673597 -2.202594
-3.308999 -0.033946
-0.527524 0.944212
-1.760141 -1.761945
3.367191 -2.692876
0.035596 1.202143
3.210250 2.791416
-0.091758 0.987981
0.958234 0.368969
-1.491389 -0.816220
1.192290 0.418079
-0.590856 1.153944
-1.964492 -3.422108
-0.502934 3.073399
1.590009 2.319640
-0.358199 4.821103
-1.845101 2.461218
-3.945089 -2.805177
1.417041 -2.045278
0.867350 1.075296
1.380416 0.772100
-0.883079 -1.148416
1.805750 -1.604188
-0.614344 -0.767070
-0.308867 0.365031
1.714793 2.033565
-2.773892 3.407549
-2.068251 -1.896531
-3.089506 1.981202
2.629125 3.601899
1.040481 1.153257
0.162347 -3.135587
-1.842946 -4.176976
-0.471867 -1.964396
2.581827 -2.028559
-1.302851 1.410727
-1.461702 1.340906
-1.532788 1.977897
2.057828 1.061229
-0.814228 -0.638522
-1.828157 1.370179
1.137044 -5.968000
0.156243 -1.006785
-1.928629 -0.696345
-0.833169 -0.988684
-0.412961 3.916218
0.005071 0.306038
-1.757847 -0.180193
1.357211 0.973676
-3.514105 0.948806
1.363223 1.626637
-0.750870 3.972760
-4.645956 0.233820
-0.960123 -0.774842
2.065525 1.919342
-0.657041 0.973534
-0.866646 -0.709933
-1.025742 0.100883
2.366274 2.715355
-1.877400 3.397237
-2.701822 2.373653
-0.711915 0.566768
1.030586 -1.288293
-1.158945 1.701089
1.378745 0.823099
1.139857 -1.382516
2.305344 -1.201616
-2.274349 0.100679
3.422470 0.514116
1.396617 0.693232
-0.555225 3.093561
-0.525550 0.579332
2.657060 1.481890
0.875675 -2.908508
0.589490 -3.340219
3.993742 -0.598919
-1.898452 -2.939136
0.931730 -0.022287
-1.489088 2.455051
2.340257 -1.446121
-2.455734 0.097630
1.967952 2.151918
-0.314397 2.709158
2.882065 1.927086
1.474409 3.928775
2.061378 -2.895891
-3.001735 -2.788944
-2.388582 -0.678301
-1.030275 2.431652
-0.637258 -1.503686
-0.311286 0.094737
1.176755 -0.066041
2.509897 0.021162
1.282666 -4.100566
0.672106 -5.248103
-1.196768 -1.301123
2.447822 -5.658116
1.178256 -0.026583
-3.358643 -0.956919
-0.907490 0.067548
-1.123253 2.563453
-0.832925 2.632699
1.438812 -2.483550
-1.860377 -2.156429
-1.680989 -4.161335
1.921042 -2.812261
-3.043538 2.935280
2.829535 -1.112872
-0.935996 3.591933
2.511406 -3.824277
-0.680432 -4.493681
-0.287913 1.066729
2.134688 2.588075
-2.069981 2.716005
1.338182 0.802540
-1.827118 -0.694951
-2.107947 -2.693133
1.881561 -2.682000
-2.092091 -0.601236
-0.041178 -2.316083
1.006785 0.593489
-3.793868 1.782717
-1.110083 -2.408600
-0.101498 1.339539
1.167766 -2.497035
-1.924880 -1.951640
0.897485 -0.472888
-0.373567 3.728844
-1.678948 -1.671878
-3.905421 0.305452
-4.171440 -1.789271
2.346426 1.862833
1.321593 2.222060
-1.122059 -1.656688
1.270649 1.886797
-0.400200 0.758268
-2.173458 -2.848635
-0.556126 -1.244779
-0.363289 -2.077420
1.677655 -2.929306
-1.773164 0.744386
-0.501514 -3.466924
0.358429 -1.432118
-1.503574 -0.474300
-1.662211 -3.411195
2.469823 -0.314160
1.218112 1.525367
2.609287 -2.184139
-0.794872 -4.785895
1.455339 -1.399019
0.959217 2.526163
-3.775692 0.438526
2.903555 2.557443
-0.071780 3.432173
-0.333613 2.802533
0.186222 2.384767
0.322474 -0.486797
-0.041145 0.208576
-2.439223 1.758041
-1.113322 -3.924594
-0.147203 2.121694
-0.491862 -1.837041
-3.804058 0.642043
0.510112 -4.514578
-0.479439 -1.812873
1.283756 -4.004181
-0.278259 3.373836
2.930627 -1.014203
-1.525132 0.382848
-0.004435 3.532794
-0.353528 -0.979877
-2.234333 -0.704437
-0.723992 2.896326
1.079334 -1.774223
-4.042752 2.135018
-3.850178 3.920568
-2.445464 2.276136
-0.730379 3.422692
-0.902646 -3.078340
-1.339046 -4.492048
-1.584923 -1.405227
-0.026553 -0.589856
1.145867 1.483789
3.465808 5.338176
0.736128 -2.983384
1.240934 -0.281144
-2.310565 2.924677
-2.721925 3.068999
-0.887716 -2.141590
0.586815 0.125483
-1.069146 -1.441156
-1.910620 -5.184900
1.135772 -3.204098
-0.852956 2.234058
0.394470 2.150891
-0.116455 -0.768497
-1.911248 -0.257812
0.860457 -1.541774
0.467164 1.397104
-0.615820 1.786068
0.697835 -1.225477
3.132893 -0.420888
0.113471 0.144057
-0.320827 1.730117
0.413583 -2.167078
2.938025 3.563236
-0.881010 -2.127268
0.182029 3.022271
0.602609 0.906785
1.950382 2.490462
-1.229208 1.679705
-0.205421 -0.844131
-4.246899 -5.015024
-0.212098 0.841063
1.171413 3.710050
-1.296927 3.019192
1.872620 -0.151744
1.320044 -2.833632
-1.078208 -2.402644
-2.581478 2.253725
0.631225 0.845202
0.726803 -2.785222
2.143422 2.209698
0.472645 1.230375
0.247883 0.576434
1.603960 -0.307334
-1.820895 0.734108
1.790002 -2.206172
-1.184784 -1.658725
-1.392710 -0.965398
0.938764 0.288944
-0.720964 3.126892
-0.300093 -0.898099
0.268356 -1.710558
4.020095 -1.864342
0.881604 -1.504354
1.311343 2.799488
-2.668712 1.113534
1.585934 -0.703197
1.922115 -1.530048
-0.820714 2.731441
2.112610 -1.857070
2.003557 -2.103438
0.032171 -2.615248
0.086315 -1.138537
-1.447897 4.055793
0.585482 -2.039597
0.335557 -0.709818
-4.023016 -3.853814
-0.361165 -1.746835
-2.864030 -1.266861
0.150821 -0.695881
1.480695 0.223898
2.221494 1.110580
1.309488 0.270690
3.362842 2.798443
-0.681733 -0.555466
-0.898247 3.332714
1.935845 -1.758390
-0.771860 3.679025
2.665599 -2.887261
0.660382 -2.557025
-1.656120 1.135923
-2.388245 0.384215
-0.072298 -1.562223
-3.673502 1.141675
0.607188 1.498195
1.082416 -3.475674
2.354707 0.824770
1.958955 -2.163252
1.040072 1.099179
1.642844 1.932446
1.275936 -3.339752
0.150112 -3.857044
-1.713980 1.787057
0.166587 2.150089
-1.137649 0.490407
0.647217 1.428210
1.571599 -1.195645
0.509304 3.216688
-1.655359 -2.295434
0.660939 -0.942312
-1.259305 0.630353
1.942717 1.749877
-3.711394 -3.056466
0.324224 -0.198064
3.566665 -0.040987
-0.659984 -2.991143
0.419927 0.566560
1.325660 -0.570577
2.422252 -0.577716
1.149426 0.442385
-0.476279 0.256273
1.520541 -2.952353
0.117130 -2.822005
-1.530824 2.792482
-2.556877 -1.826842
1.383904 -1.806004
0.029720 -0.669757
1.685967 3.577120
-0.797539 -0.646183
-3.380728 1.328132
1.951350 2.269484
0.164936 2.752077
0.969386 -3.290534
0.344533 0.680055
3.460079 0.992621
-1.408799 0.936187
1.352642 1.861264
-2.439548 2.601058
1.562792 2.917671
0.953920 0.311392
-1.314136 0.442361
-0.907414 -2.220759
-1.673959 0.426219
-1.337574 -0.456923
0.177494 -0.057929
-0.009816 -2.478667
-0.551567 -0.363573
-0.854800 -2.221103
1.728718 0.412323
3.135830 -0.809362
-2.696784 -1.659880
2.368914 -3.325577
-2.882525 2.626349
-2.148531 0.399527
-1.985164 -0.256417
-1.549697 -2.955488
-2.756179 0.620659
0.902541 0.370600
-1.812953 2.370599
3.648027 -0.104796
-0.686271 -1.605870
-2.780077 -2.519983
-0.544616 -0.263462
-2.029297 2.309804
-2.493054 1.357334
-3.826208 -1.999276
-0.833962 -3.134732
3.670001 -2.578022
1.931927 -2.020116
-0.865477 -4.774105
-2.678155 0.962371
3.365967 -1.755225
-3.339565 1.685954
1.041739 1.015484
-0.823893 0.579801
1.636733 0.511757
-2.158946 4.127962
3.750857 0.194354
0.742835 -0.831888
-1.266054 0.444749
-2.509974 2.834475
-1.068422 -0.895908
-1.584699 0.146996
-0.365058 -0.852759
-0.421077 -2.365872
-2.500718 -3.398845
0.015185 2.182901
-2.788393 -0.383451
0.459066 -2.414413
-0.058655 -0.266413
1.170520 -2.198591
-2.410619 -1.512423
-0.248034 -1.320714
2.193427 -0.529282
-0.988355 2.889633
2.901731 -1.854394
2.460420 3.427565
-2.715584 -2.779234
4.216464 -1.149808
3.900031 1.503583
2.535230 2.813020
-0.706723 2.177584
-1.314252 -1.093228
-2.109945 1.692405
0.481758 -1.583828
-3.609199 -0.357688
-0.596681 2.237366
-0.291390 1.794075
1.052430 -1.081858
2.239231 -1.123038
-0.070991 2.871570
1.231374 -3.241975
0.494247 0.877334
-1.884302 -1.440969
3.232791 3.565019
-3.272389 -2.457358
-2.073106 -0.636967
2.452484 -3.922686
0.686888 -2.865672
1.391003 0.598291
-1.494941 -1.355729
-1.310529 0.077466
3.868700 0.583365
1.753086 1.104372
-1.515203 3.564044
0.953701 2.665640
2.885925 0.039608
0.499293 2.337873
-0.658936 -0.494117
3.305270 2.076081
0.841435 2.211893
-1.847557 -2.583015
0.100461 -1.706764
0.737935 0.928824
-0.790736 3.133673
-0.333736 2.159314
-2.288428 1.980688
-3.502439 2.350972
0.370261 0.921146
-0.727767 1.049719
2.742620 1.650046
0.134383 1.152035
0.305427 0.106475
1.441320 -2.758309
-3.406693 1.793300
-2.785163 2.368185
2.017673 0.249233
2.919533 2.728274
-2.481708 -0.949194
-2.085097 0.261514
-0.845589 0.789942
2.225713 -0.564258
0.801093 -1.169186
2.098691 -2.465622
1.342240 0.816903
-0.965137 -3.755857
-3.263765 -1.657557
-2.613707 -3.664550
0.718243 -0.975259
-1.676559 0.673560
-1.727300 2.482279
-2.864171 0.286754
1.493736 1.522438
1.888642 -2.794070
-2.227396 4.735193
-1.748574 -1.318095
0.212438 -2.485249
-2.145426 -0.362268
2.241972 -0.359719
0.864392 -0.523751
2.799397 0.225164
-3.273277 1.925535
-3.216880 -1.856203
-2.696587 -1.624985
0.304461 -0.744224
-1.435401 -2.248455
-1.524820 0.116498
2.544336 -1.425551
-1.575927 -0.359094
-2.858378 -2.236405
-1.745724 2.816775
1.800253 -0.809410
0.859944 -2.985602
-0.730791 -0.771447
-0.034843 -1.342438
-2.494108 2.589203
2.518576 -2.305565
2.409239 1.349902
1.983377 0.445671
-2.370861 1.553449
3.145204 0.389094
-2.017279 -0.776978
1.113274 2.483993
-0.852540 3.708471
-2.298235 1.278260
-4.076185 0.813011
0.873177 0.194845
-0.783748 2.034611
1.909962 -1.543941
-1.542737 -0.036635
-1.316466 2.727960
-1.551729 1.583325
-1.217514 2.112857
0.263966 1.142098
-2.844705 -2.251932
2.509927 -0.163525
0.178224 2.070305
4.790090 -1.552474
-1.104657 -1.690609
3.970124 1.074350
0.297177 0.030101
-0.120019 -1.853895
1.885055 -1.478404
-0.985950 -1.426110
-0.189599 -1.131792
-1.617578 -1.528744
1.718453 2.569093
3.698384 -0.951435
-2.623555 -1.741396
-0.256896 -0.365892
-1.233529 0.403751
-0.143238 -1.189299
-1.985187 -1.805566
-1.111793 2.469437
-0.200855 2.001721
0.590101 -0.207446
4.129148 3.308587
1.310510 -2.237298
0.187035 -0.703624
-2.131105 0.443394
0.557459 2.296914
0.018749 0.345042
-1.620774 2.995389
-2.381004 -2.326075
-1.834697 0.302938
-2.163736 2.022201
0.510718 3.711685
-0.316518 -0.553241
-1.947108 -0.848398
-1.277794 -0.234894
1.288102 -0.747091
-0.323022 -0.364097
0.082230 0.508070
-3.523937 -0.229152
-3.296898 0.975316
-1.364902 -0.536933
-0.652929 -3.355390
1.602138 1.204390
-1.773482 1.008254
-3.842024 -1.160251
-2.355260 1.934714
-0.233350 0.873247
-2.211021 -2.547732
-1.397571 -1.115565
-0.432702 -0.741779
3.281984 2.558813
-0.525105 4.622165
-0.341601 1.977955
-0.648172 -2.433793
-1.282639 -1.688387
1.900777 -1.248280
-2.944673 -0.225893
4.539868 2.455960
0.789568 -1.263113
0.507572 2.803996
1.912556 -0.112508
0.949779 1.543736
1.765486 -0.916655
-0.434984 3.003134
-2.872064 -3.233424
2.054984 0.453577
2.907954 0.371919
-0.154778 -0.573753
-2.945515 0.071591
-1.531255 -1.463838
1.919066 -0.865169
-2.548632 -4.295728
1.803982 -0.961255
1.734002 -0.670699
0.537860 2.755817
2.159575 0.918454
-5.016360 -3.115293
-3.024657 -3.682973
-2.417176 -1.945166
-0.521216 1.396372
0.793877 -0.293425
0.179532 0.899911
2.316471 2.421589
-0.353770 0.614347
1.294311 -3.741416
3.229073 2.032156
-0.061058 -0.268274
0.005261 0.512855
2.172147 0.547335
-1.661369 -0.643341
-1.363487 2.533842
0.724302 -0.945824
4.058496 2.560839
-0.506403 2.531269
-3.394739 4.739704
1.262425 -1.929257
-2.196578 0.055112
2.589498 -2.054741
1.734197 -3.174761
-0.156104 1.601760
-0.798408 -1.858501
1.371877 0.157214
-1.378603 1.402307
-1.193482 -0.645348
1.881631 2.805522
1.208411 -2.154691
1.481582 2.789106
3.658483 0.576875
1.428652 1.519734
2.780890 -2.046291
0.784831 3.291108
0.820097 0.709657
1.292490 -0.661734
-0.351071 0.159825
3.135307 4.224155
0.374090 -2.985390
-0.583711 -0.111221
-0.086074 1.304808
2.604221 -1.278877
-0.392557 -0.056140
0.042192 0.016623
-2.802573 0.984808
-1.645336 -0.904549
1.842225 1.934251
2.459768 -0.159840
-2.030575 -1.242648
-2.735959 1.294825
-1.383464 -0.578479
2.057123 0.613598
0.356335 0.103256
4.764463 0.876742
-3.312546 3.955446
-2.390415 -0.854129
2.219266 1.447396
-1.896247 0.691523
1.067420 0.205027
0.298833 -1.221036
0.106708 -0.402888
2.051133 3.421569
1.639051 2.426031
-0.392775 -2.840945
1.332656 -2.752895
-2.273654 -0.778231
-0.636779 2.143387
3.577369 2.072176
-0.323865 0.428934
-2.284579 -0.521412
-3.703736 0.708064
-1.530608 -1.631454
0.366419 0.433371
0.930468 4.591619
0.646073 -0.971953
-0.404611 -1.450895
-2.464462 2.657692
2.059452 -0.364804
0.079321 1.042822
1.460705 3.751983
2.499445 -0.783068
-2.218631 -0.005592
-2.707039 -1.868262
2.243514 -1.945672
0.836918 -0.145511
-2.119351 -0.745049
2.155246 -1.165474
-2.725794 2.892940
0.014289 1.028134
-1.050825 -2.030684
2.748140 -1.418188
1.886163 2.795027
0.622556 2.307913
-0.837503 -3.319901
1.210690 -1.457359
-0.213137 1.183586
0.858920 -1.805906
-0.167499 0.067103
-3.473709 -3.024704
-2.965488 2.342200
0.271592 0.586084
0.152652 -0.318553
-3.410583 -3.230476
-0.713678 0.755652
1.087828 -2.756914
-1.333139 2.108360
0.262067 1.056690
1.476390 -0.035940
