3.802706 1.608356
3.119964 -0.470644
1.815185 -2.623146
-3.927467 -1.474775
10.734748 3.957503
0.182494 7.011459
2.863328 4.023819
0.159946 4.135962
3.188927 -1.210500
3.432778 -4.620615
5.703850 -1.382825
-4.537836 0.148573
-9.824466 -4.920847
0.697452 -5.919234
0.712749 3.057933
-0.399634 -0.522021
-3.197396 -3.090734
-4.713872 -1.344880
-1.317937 -0.884813
3.151852 4.650330
0.195242 12.113184
-3.655042 2.817660
-6.980639 3.774566
-0.938095 -1.633542
7.496476 4.060053
2.959197 9.295121
-0.021943 -0.021702
-0.025915 4.083437
6.477316 -1.678710
-1.027916 -3.457467
3.919367 -0.693913
-6.808094 -5.012675
-1.349720 0.142886
1.711523 -0.587242
0.486043 -2.782095
0.937307 0.540783
-6.062505 4.805828
2.005399 -3.274830
4.041169 5.148228
-0.705988 4.560198
-2.082386 5.109067
-2.794876 -1.998869
6.328878 -1.574196
-1.361936 -2.192171
-1.201767 -2.808779
2.741395 -1.406180
0.971944 -3.593875
-1.880775 -4.410799
-1.225771 0.050148
-0.839269 -0.549487
-4.464556 -0.095771
-2.114584 -3.297337
0.829092 -0.158146
-0.493952 4.982996
0.057917 -2.291420
-2.415009 -2.150332
-4.834487 2.964595
-3.494022 -0.342588
6.831235 1.898675
2.982022 2.146811
0.649020 5.207851
-0.780842 -1.038925
7.175956 -1.749520
-1.796824 -3.157576
1.404961 0.221427
-7.067490 -5.395554
-0.163745 4.027663
3.169506 2.720029
2.170499 -1.908003
1.914176 2.101733
-5.865961 -0.726929
-3.125227 -1.331928
9.409658 2.245161
-1.025071 -7.341418
-2.297003 -4.711784
-0.333990 3.575830
-1.335006 -2.100061
3.530715 -5.767326
-1.702791 -7.356114
-1.093304 -4.389781
5.982046 -0.472090
-4.458351 3.685515
3.301038 1.934529
0.698804 -4.676144
-4.608100 -3.196493
-2.497234 -4.851411
2.241262 4.285315
2.257611 -0.580547
-0.161688 -6.198078
2.030345 -1.442257
-5.272959 -3.754350
-1.373086 -2.070025
1.529266 -0.444101
1.157283 -4.454858
-5.192945 -0.749422
-0.777056 -0.088275
5.870594 -6.976346
-3.620044 -3.494297
0.626686 -6.730288
-4.403651 5.866643
0.797491 1.621282
6.077903 1.690512
-2.120903 -4.117889
-3.989197 -7.245677
-4.518700 1.211158
4.780395 2.758455
-2.874487 -2.851985
0.120780 -3.763887
-4.793867 0.548629
-0.364823 -5.808146
-0.238537 2.063631
6.481640 -0.902548
-1.995446 -7.975440
-1.419219 -0.685120
-4.206791 3.310568
-1.542067 -0.193575
3.539532 -5.594442
-1.796910 -1.656692
-5.835190 -7.259945
-5.591958 3.153152
1.700467 1.111388
2.214426 6.047455
0.126989 -1.363136
0.457799 -5.860001
-1.502985 0.566256
7.450166 2.468969
-4.521874 1.295265
3.153787 -7.126278
2.181370 -3.195133
0.164995 6.800958
7.144687 4.283302
-1.120601 -4.176409
0.362361 -3.091042
8.655144 0.643004
-1.166505 3.395948
2.888075 5.515359
-2.924240 3.551710
0.845473 -1.683493
0.831905 0.220696
1.970618 2.912744
-7.147117 -1.667250
1.487483 -4.199107
-3.300283 -3.571928
-3.003058 7.166866
-1.827722 7.753778
1.264720 4.619595
-1.510454 0.256111
1.859959 -4.537583
0.168132 -1.462590
1.613997 -0.061116
-0.355260 5.279589
0.901246 -0.847049
4.724957 -0.694238
6.514718 -2.475427
0.572205 3.412649
-3.986815 0.915885
0.262185 1.317141
-5.234837 1.898668
1.889286 4.710032
-3.652358 -1.090010
-0.900182 -4.702648
-3.964098 -2.145737
-4.220637 0.692253
-0.642467 6.102590
0.118419 6.297977
-1.760940 -6.585369
3.061712 0.289500
-0.984642 -1.087031
6.340367 1.141551
-1.021151 -2.040137
-2.702513 1.903614
-3.382133 -1.226378
5.309077 -3.641026
0.283175 2.385930
-0.245588 0.585894
-1.770127 -4.176192
-2.492163 4.826009
-2.849473 8.748939
-5.021105 6.979661
-2.507145 1.687377
-0.573538 -5.039897
0.992524 -1.785220
-0.825811 -0.517710
-1.085143 7.563247
3.424586 4.584080
-3.980327 -3.506380
3.272460 -0.237402
-4.412615 2.863591
-1.492398 4.928517
-0.473683 -0.487713
2.850746 1.191320
2.407428 -1.394161
2.271209 0.914245
-4.475635 1.531751
-0.712609 3.263954
-1.309646 3.885492
5.261393 0.092805
-1.305119 1.426563
-1.407608 -1.854768
-7.581920 1.718757
1.540391 4.423575
6.301109 2.583929
1.055256 -6.705157
-7.185074 -7.574732
-1.268037 2.561311
6.593383 0.489915
-1.184815 2.762678
2.981708 -3.050750
-6.669693 -1.871051
-1.681603 -6.593358
2.410299 1.295447
1.598265 1.096600
-0.722099 -0.062876
0.096095 2.008625
0.341578 0.353756
1.225220 4.338782
4.417550 -1.994884
-2.782977 -3.456551
-2.632582 -4.191988
-5.900027 -1.442097
7.494726 3.159022
1.378105 -1.020414
-4.263820 -5.841756
2.544066 0.996484
0.656396 -2.178079
0.296475 -0.212099
-3.648028 -5.406352
-7.674231 -1.379750
-1.639226 4.264397
-1.434238 1.097027
-1.279258 -0.798145
-1.996147 -0.939089
-0.684262 3.689116
-4.506118 0.082189
5.121642 2.528002
2.259529 -2.573001
-0.612630 -2.941818
-1.274237 -2.978771
-2.227222 1.803456
-3.646670 -0.426588
-2.675442 -2.594094
0.848113 -0.632192
-2.072460 -1.549352
-1.026324 -0.309761
5.278667 -2.133549
2.158662 0.835400
-3.468041 -0.984036
-4.342898 -0.331527
-0.049685 -2.960116
1.464998 -0.059449
-0.221963 -1.125016
-3.822156 -2.465447
5.520248 -0.079874
-1.221171 5.554011
1.254061 7.129610
2.204014 -0.276270
-2.496131 0.926528
8.465329 -0.976878
5.383759 5.088364
-3.002424 -0.543247
-0.439178 -0.410249
-1.027461 1.953156
1.158303 2.566341
-6.932256 0.084965
2.916978 0.362505
2.321513 -1.225336
0.871587 2.912830
2.082994 3.255135
2.868291 0.077854
1.480467 -2.132404
-1.086598 -1.048109
-0.851223 5.900586
6.102575 -0.419596
3.739115 7.867474
-8.329396 2.480060
-0.155250 4.232501
-2.310615 -1.448893
-4.367394 9.535824
-0.616151 0.165701
-3.460685 -0.327195
-2.926581 -0.408125
2.423293 2.438222
-2.081887 1.693599
0.423583 -1.457932
0.065924 -2.334780
4.706329 3.323200
2.593544 1.226817
4.011336 0.352836
-2.965672 -4.574800
-1.198054 -4.862132
-4.395794 5.138359
5.076925 1.470520
-9.196387 1.929986
-2.299486 2.673739
-0.238094 -3.264045
-0.973511 2.427550
-1.202766 8.205460
1.757439 -0.986065
-1.584704 -6.303071
1.018564 -2.421445
7.046022 -3.046681
1.949963 6.290365
-1.333259 -0.589662
2.147079 0.240887
6.492261 -7.046492
8.482893 2.852031
4.638976 3.752431
0.990460 5.722040
-4.919304 3.059824
1.883294 -3.346071
0.665604 5.125532
4.040779 5.549286
-5.855672 0.841653
-0.229621 1.986954
-2.512750 1.143685
3.888907 0.957704
-1.686566 -5.803338
-4.676837 -4.340627
-4.673096 5.722584
8.837079 1.484451
-1.027715 -2.459956
-2.575771 -3.199047
0.029907 -0.215760
-3.241012 0.624627
3.505447 1.916353
3.749454 -3.674773
-0.502102 1.242878
-4.017760 2.869334
0.593906 -3.141555
6.062773 -1.242234
-0.888262 -7.068467
-1.209186 5.151388
-6.995700 -1.080493
1.470817 3.752172
3.179787 3.792016
4.053197 -0.882110
0.047400 -3.637762
0.488839 -5.926668
-3.051143 2.479853
5.863113 -0.163770
-0.728693 -1.515010
0.543729 -2.566444
-1.917866 -1.335429
-1.731633 3.143512
4.509143 -3.247694
-0.914780 -1.587631
-2.391284 4.870586
1.260258 -1.591709
2.440285 1.331035
-0.881156 -9.304904
-2.848942 -1.554593
-6.397350 -5.271655
-1.133218 2.495838
8.096957 3.561109
-0.008730 1.678440
-6.939499 -0.283228
-2.430395 2.557956
1.924427 1.608497
1.484614 3.161402
-2.648641 -0.450002
-0.636011 -0.611599
-2.987042 -1.268504
0.279469 -1.484698
3.224771 -3.312689
3.243284 -3.181613
-3.628651 -5.057630
2.464493 -1.013671
7.085768 -2.890505
2.234222 2.096456
-2.806823 -2.493805
-7.389846 -6.348656
-6.341861 -1.805356
0.176245 0.441919
6.212453 1.407525
3.116218 -3.340734
-4.334039 0.333053
-1.608072 3.537457
5.389924 -0.099032
3.596374 -1.455855
1.705765 -0.281863
-3.765422 -2.414025
-2.431499 4.527512
-3.153414 0.480077
-1.132793 -4.542503
3.693016 -3.681432
0.737321 -0.384281
3.291759 4.858648
5.091119 4.419135
-2.109123 1.037820
-3.405612 -0.483939
-0.023948 -6.350115
3.708933 0.743204
2.004640 -0.908269
-4.345290 -8.403904
-0.443617 2.489239
0.328931 2.214548
-4.647133 4.490699
3.221371 5.065602
1.190017 -2.778250
1.834716 -6.710246
1.075930 -1.407133
1.579561 3.016475
1.172192 0.882751
1.863008 -7.197466
4.394125 -8.770831
-3.810121 -1.466388
-1.576474 6.307803
5.941044 2.098410
-0.244194 -0.086454
0.904381 -4.009465
0.341044 0.380482
2.018010 -2.013279
-5.398552 -1.865865
1.034693 0.928268
-3.298912 2.096398
-0.624878 4.877428
-1.534350 0.282984
0.345257 -5.818629
-7.099914 -0.180625
-4.170262 6.380869
1.234829 0.748325
-4.543080 -3.350057
-0.013830 -7.412143
1.759387 -9.847214
-0.268840 -0.223331
0.098203 4.810406
1.475099 0.319893
-1.627129 -0.631099
4.081826 -2.978892
3.371905 1.036427
5.635046 0.898758
1.243486 -0.601113
-0.872531 -7.057094
-1.388999 -1.983555
-4.957891 3.883466
-2.400728 4.514330
-0.904378 -0.595436
2.488311 -4.094354
-3.439163 1.435664
0.235388 4.900082
2.905248 2.634260
-5.742609 0.396436
-0.819125 3.589328
3.786767 2.315595
1.685296 6.968906
-3.532304 -2.038873
-2.414912 -2.957766
0.785643 -1.424568
0.223127 6.812223
5.694968 6.589259
1.281680 4.263853
0.142888 -0.698292
2.115393 0.495815
-1.481810 -2.482935
1.710484 0.889675
-10.185050 1.722725
-1.701116 3.218716
-1.999422 -2.611290
-2.732013 4.156696
-3.605060 0.018063
-3.665106 3.807617
-1.819009 -0.258740
-1.710712 -0.539748
7.527416 1.825113
1.901347 7.208768
0.827368 -1.334836
0.829437 -3.437478
5.234898 -3.527577
5.962978 7.748330
1.247353 7.201508
-1.329870 1.449013
3.440036 3.678999
-0.609342 -2.498333
1.051870 -1.069350
-6.540056 -0.759911
-5.358182 0.265097
-1.399529 -1.618909
-0.047475 4.654585
-5.181403 5.225735
-3.874687 0.791975
-3.870938 0.018359
12.488899 -0.167934
0.021840 5.940584
4.959906 4.806997
0.179069 -1.797394
-0.195644 -3.588458
4.624548 -3.802317
2.739547 1.953540
0.157031 5.691909
-4.209493 3.857140
1.066106 -2.849791
-3.787300 2.248290
-0.681935 -0.064918
-1.181740 -2.416850
-7.679502 1.606549
-4.258944 2.150071
1.242826 2.463542
0.890436 7.229578
-2.286373 4.056858
-6.889546 -1.713412
2.081455 -0.580009
0.922997 7.376377
4.558161 6.101959
2.110729 3.607282
-4.680187 5.865308
-0.989528 0.610812
3.306036 3.549196
2.055274 0.604192
-0.208475 -7.811340
0.970962 0.464145
8.272545 1.141874
-0.153370 1.808416
1.527173 -2.680631
-7.904851 -0.690292
-3.480274 -1.089359
-0.703715 0.665914
4.617867 -2.822014
2.269266 -4.723879
2.348066 1.994944
-7.140420 1.195288
0.309942 3.162308
5.815575 -4.473700
-0.822893 0.513098
0.856527 -3.434697
-0.394030 5.164901
-1.288125 -0.320625
2.138511 3.057465
-2.767221 -2.020464
-6.596092 -3.228440
4.985759 2.221201
7.286262 2.093272
-1.101045 2.307793
-3.565876 -0.019344
-1.204395 0.512836
-3.062081 4.427486
6.464026 -3.393605
-3.622092 -3.116912
0.296117 -2.125596
-7.468634 0.312296
5.050464 4.104489
1.269027 -2.597190
2.075504 -5.007974
-7.692766 -7.865602
2.351790 3.714990
5.499039 2.041480
-0.154961 -6.850874
2.458916 -0.337615
-5.904781 -6.169686
2.754434 4.726633
5.102968 -1.078957
2.753991 2.150203
-1.797853 -0.037214
-0.956621 -1.010364
-0.203890 -2.582691
7.918187 -2.891860
-0.268862 -5.079178
-1.605533 -0.260362
-6.657466 6.454983
-3.882641 0.533493
0.354755 1.741936
3.070882 -5.699664
-2.990589 -4.416230
-1.963536 -6.881096
2.791038 4.373373
5.702381 4.973229
-2.066307 -1.658578
0.316302 -3.260334
-1.363115 4.183187
1.813400 5.493467
5.099434 3.429562
0.759486 -0.982147
2.635330 -1.938364
6.367490 4.489582
4.683218 5.823824
4.466120 5.386343
-0.104841 -2.427978
-1.542780 -1.007187
6.485584 -3.023210
3.791250 -1.481125
2.753168 -0.140837
-1.031710 -0.404395
-3.802513 -0.164937
2.004849 7.835455
0.785200 7.318419
-4.657755 -4.404401
4.672235 -4.259580
1.358563 -6.825436
-0.922902 0.978414
-3.349662 1.531078
7.595945 1.674151
2.455181 -3.951204
4.984282 -4.713526
-0.163835 5.289252
-0.751884 2.767972
-5.196584 -2.220290
-0.540058 -0.522147
-3.835098 -0.976795
-5.713640 8.060191
1.086184 -1.984734
2.020316 -3.013427
-5.896890 2.784468
-5.350012 6.442452
-1.096063 1.387155
-1.599971 -3.299016
3.873515 -1.091717
-0.231812 -4.151004
0.432806 3.643963
5.925676 4.281404
-3.572212 -4.680098
-1.696847 1.225676
5.700267 -2.945725
4.196394 4.592890
4.626307 4.680425
-0.225364 -1.626069
-0.147591 0.400550
-1.255458 1.254367
-2.333319 6.300462
-6.009693 -3.995730
1.111806 -1.632043
-0.668517 -2.126505
-2.358789 3.225198
-0.311740 6.876260
0.841846 3.434030
0.487010 -5.394762
-2.944456 -1.715740
4.283653 -5.217561
4.033953 3.440853
2.460848 6.629740
-0.085536 -4.491070
1.331085 -3.015970
4.315784 0.521669
-2.068087 -3.365463
-10.721727 -1.695213
-2.722769 -2.296611
-2.003654 4.674007
3.625683 0.783703
-1.411141 -0.041813
-1.246584 -1.601446
-3.748497 0.975913
1.505549 4.755391
3.860321 6.059766
0.196085 -0.408544
0.877529 -0.755216
-2.910186 1.134822
9.446800 1.726791
2.994228 -1.171179
3.549892 1.067674
-0.209974 -2.586745
1.225834 -3.506660
5.134826 -2.893529
5.886785 3.526268
-3.315513 -4.415653
-8.298664 -2.442402
0.675721 -3.655141
3.876181 4.523298
-2.127959 -1.183940
0.177214 -2.189864
-2.646967 2.861655
-1.257616 -2.674099
2.969972 0.468965
-4.401082 2.357399
-3.564136 6.249246
-1.452363 1.215686
-1.705508 0.291863
-2.159207 -3.946449
-1.129689 -3.037671
-0.925320 -1.243945
2.994705 -6.820142
-2.084998 1.471364
-0.792955 3.665645
-6.383248 -3.613272
-4.929095 -2.404049
-1.663103 0.974580
1.099449 -1.201051
-1.197907 1.333156
-0.900556 0.969940
-10.274390 -0.668160
-1.874135 -2.619294
6.330065 2.359479
-1.553029 2.125820
-2.844437 6.960684
-0.147518 0.619245
2.326544 -3.072786
1.097941 1.127627
0.705372 -2.105717
-6.063043 -3.739810
-4.553080 -2.069415
-3.090007 -1.534144
1.646108 1.506121
-1.188099 0.628412
-4.801724 -0.775511
-0.952378 -0.317793
2.476109 -2.071928
-2.774780 -5.412390
1.327075 -3.218649
0.121048 -0.036318
-1.502037 -1.265229
1.660166 -2.634228
-3.692206 -2.885078
1.693035 -6.634534
3.138738 2.216702
-6.578308 4.622461
0.451094 3.736853
-0.590192 -3.535871
-0.608547 0.464199
-3.212608 -3.822274
-1.891319 0.008052
1.603137 0.094228
-2.363044 -6.505915
0.046770 -2.912882
-4.922256 -6.896841
-1.840828 0.301796
2.628518 -6.553758
0.677963 -5.649843
-0.596030 -4.916649
-2.488628 -1.542738
2.499082 -0.765355
3.075391 -5.415042
-2.076776 -7.253798
-1.157323 -8.383876
7.403057 1.599961
-2.307186 4.701142
3.859285 2.251164
1.144599 -0.627687
-1.767950 -4.959410
0.701040 1.062384
-3.860637 -0.588535
-2.277864 -4.210331
-3.710838 0.580781
-0.876673 -6.111985
3.153961 -0.378044
3.540995 0.381642
0.341236 -6.523405
-1.100732 -0.252013
1.994016 -0.358583
2.353166 4.550956
4.740870 -4.067850
-1.455288 -4.153260
-7.062369 -5.054800
-1.611762 8.543933
-2.107245 4.932159
7.373547 3.633726
1.681498 -2.205553
-4.997611 -6.677199
-0.982417 2.236580
6.074911 3.830527
0.343437 -0.497613
2.155891 -3.403936
-3.718686 -0.614087
-4.537050 -2.874221
-1.971719 1.048758
8.529834 0.550553
-1.506436 -5.034257
1.513919 2.609386
-2.284218 4.081459
1.877290 1.597806
-2.488950 3.055521
-2.232439 2.166311
-3.066485 2.708436
5.122604 0.299171
-8.930066 -3.763477
-2.179069 -3.494572
-3.483435 -0.825131
-4.351571 -0.008516
-7.829505 8.521267
-2.519454 7.822375
-2.511132 1.581187
-0.159611 -7.420624
4.550917 -0.266621
1.439609 0.459456
-0.930478 -4.352763
0.744068 -1.302454
3.231684 0.844687
6.463309 -0.931882
-0.001097 4.987614
-1.942476 2.814201
-5.557628 -2.386677
2.782977 1.625424
-2.069180 1.293068
4.949912 3.544777
-4.518723 -4.217258
0.535357 -4.270880
0.657551 0.353963
-2.380145 0.024151
-4.816544 9.399617
4.033275 7.202260
-3.201963 -4.733380
2.921921 1.732119
5.708323 2.622108
-0.852718 -4.579801
-2.632676 -0.838607
2.932932 2.132149
6.291893 -2.417697
3.250714 1.621887
-2.324383 3.502873
-3.587047 -2.483619
-4.396542 5.310173
2.397328 6.646472
7.869915 4.433675
-2.481333 0.602174
-2.094043 -3.391386
-0.937236 -2.631150
-0.749676 1.443708
-1.932488 3.908723
1.994121 4.039843
-4.600040 -1.664701
6.662512 -0.265514
2.176050 0.744999
-1.367308 5.319076
-5.060650 1.991681
-1.881774 1.765268
-3.199301 1.344240
6.754792 -0.050053
0.855703 0.890849
2.044916 2.852794
-2.847219 -3.144784
-5.018555 2.029811
1.431540 7.058679
-3.298727 7.368785
-7.985715 2.213603
1.031402 2.108085
5.645041 1.730896
-0.810531 -4.247854
-3.815960 -5.390817
-3.009052 1.898857
2.027966 -0.538181
-1.110050 1.231474
2.528433 -1.985720
-0.471144 -1.046674
-3.339938 -6.467856
1.725079 0.219510
4.559973 -1.543514
-2.082748 2.035614
-1.073997 1.609984
-2.646617 1.916135
2.265811 0.409355
5.650332 -2.172334
-2.553889 -5.439585
2.129438 -0.245609
-5.212850 3.357480
-3.132228 -0.084764
9.320009 1.041747
1.698515 -1.506230
-4.654045 -6.062694
1.130224 3.375464
5.501977 -0.603556
-1.125809 -0.624681
3.134364 -1.385153
-1.694721 1.056055
-0.894015 -2.063898
2.407601 -2.600450
-3.665421 0.462258
-1.367995 4.917957
-1.624421 -1.180152
1.560985 3.654131
2.978339 -4.629141
-2.145722 -1.938667
-0.452493 -1.842661
-3.069515 1.168527
0.985705 -0.116644
-2.817160 -1.560597
2.052713 1.278869
-0.336830 -2.421333
-3.695721 3.855846
5.300580 -1.551240
3.055059 1.823645
-2.038054 -2.762632
-5.874989 2.046661
-2.531877 -2.399566
-0.231729 1.498112
-2.003935 0.732798
1.323348 -0.650710
4.010989 5.801800
-0.755144 2.575842
4.954852 1.333490
1.735791 -1.469899
1.309794 -3.860064
-1.576508 -4.310849
-0.451828 2.756676
-4.301451 0.243402
-1.884393 -0.931467
3.784783 0.772617
-2.321507 4.516411
-6.400374 -0.671011
3.305165 2.476225
2.009766 -1.645372
1.444277 5.699152
-2.102300 3.196413
2.156628 1.801882
-1.455645 -1.140042
1.883425 -3.771692
3.193806 -3.457654
5.382151 1.379397
0.807739 4.988586
-7.572069 0.846683
2.165145 0.016936
-2.352848 1.678254
4.478887 -1.024797
-3.400049 1.961407
-2.700654 0.300300
-3.479483 -2.122145
-0.222683 -3.093324
2.974723 3.378605
-4.688304 2.715961
0.202180 1.354811
-1.075741 -5.940116
1.502301 5.277170
3.461577 1.345211
3.554185 3.526003
-6.516266 -1.459994
-1.396460 -2.913835
-4.869590 3.493360
4.272942 1.229562
-8.141148 -0.122046
-4.607548 1.912728
-1.147969 0.815353
-1.365817 -2.918329
1.785467 2.807340
-2.252781 -4.387329
-0.786734 -0.745721
4.984026 -2.876772
-0.625031 6.025385
-4.525280 -2.463400
-2.077489 -0.669294
6.040719 -2.760950
6.460480 4.563451
6.661437 1.891360
-0.613358 2.619241
-1.969503 -1.643127
0.889767 -2.938777
-1.149964 6.589268
6.416835 6.219202
-7.171421 2.321138
-2.133477 3.332200
1.017458 -0.187174
0.805253 2.090759
-7.477104 3.780715
-0.455905 1.293331
-3.043418 -0.818131
2.234871 -0.597884
7.277086 0.816457
1.521689 1.788373
-1.710431 -0.439269
0.056500 -6.301534
3.866603 -1.577584
2.361268 -3.153751
2.930159 -3.702293
-5.445707 -7.192378
-1.660889 -1.309292
5.690584 -0.523557
-3.872449 -6.574543
2.532146 -0.857462
-0.573489 -3.339984
4.333832 1.042487
11.481676 -0.195371
5.491881 1.228388
-0.703757 -2.205652
-2.793158 -3.558645
0.819581 2.349038
7.862930 2.065075
-3.474094 1.627968
-0.211731 0.005736
-4.560953 0.466338
-3.784289 4.201175
0.281135 -1.879098
0.227499 -6.968428
0.170864 1.510146
-0.599957 -7.879260
3.583853 -0.712715
8.035706 -0.447793
-4.200899 -7.161126
-3.930561 1.561619
-11.235061 -1.300707
-4.090257 5.824071
5.156648 5.409035
3.306892 -0.185847
0.446515 -4.079768
-1.156677 4.787050
2.270792 -0.623989
1.441597 -0.164294
-0.722120 -5.346225
-4.160313 0.948525
-2.336391 2.057977
1.803011 -0.286048
2.379624 -5.200683
-4.767245 -3.188445
-0.637063 1.159275
6.742504 -0.744227
-0.449065 2.438589
1.657930 -7.289271
0.024196 2.125031
-4.661331 -2.572841
-1.618953 4.469764
4.459277 4.241314
0.921094 -1.818775
-5.106040 2.400102
-3.433224 3.621114
3.498045 3.433980
3.927775 0.236241
0.345712 -4.109007
-7.301062 -5.259466
0.112114 0.623953
-3.401137 -3.230543
5.227013 -1.139465
1.529699 0.237194
-6.406091 -4.536070
1.373138 0.949277
9.584677 -1.311642
-2.845406 0.738147
-0.033564 -0.497589
-0.488406 -7.359711
2.612525 2.598660
3.732534 2.861185
-3.870864 -6.717408
-0.823470 1.333183
2.129702 -2.056684
-1.523993 4.404470
-0.788338 6.260126
-1.437467 0.260439
0.849748 -5.171451
-2.405250 1.549085
-1.636372 5.616839
-0.229311 2.521208
-1.539040 -4.061575
1.454053 -5.599744
-3.332622 1.436545
0.430999 2.272913
3.725749 0.887494
0.762539 1.870508
-4.183743 -5.326854
-2.402287 -3.799667
2.375927 -1.506107
2.571909 0.537574
-1.562930 -7.278729
0.237165 2.830807
1.203343 -1.800553
-3.633724 6.725444
2.731620 2.425145
-2.876450 -2.840817
-9.234304 1.410996
-0.140298 2.958719
-2.467067 -2.618096
0.769608 -4.930304
4.432920 -7.812351
-2.975193 1.251498
-2.166218 0.586029
0.952237 3.040137
-2.362617 -3.918994
2.230041 -1.604056
1.904270 3.590825
4.374296 3.179470
0.759201 0.873826
-4.266958 -4.754809
-0.272967 0.726203
-2.373048 3.346509
-0.010695 5.470106
2.063080 3.905468
1.976069 -3.575205
-5.145249 2.678646
-2.316633 7.301885
0.144723 2.287262
-1.495063 -1.621479
0.487585 -4.362067
3.967884 -9.477234
1.826734 0.054174
1.253944 6.748113
3.850100 3.506907
-2.114342 -0.580627
5.974287 0.009935
5.243596 0.607113
4.990888 4.371754
-3.699084 2.488010
0.015936 2.721428
-4.153848 -1.846044
4.724629 2.102721
-9.292462 -1.601654
-4.918653 -6.698291
-2.908074 -3.099979
4.717642 0.794869
-1.532835 -4.782519
3.113734 -2.119849
-4.625137 -0.127600
-2.608635 2.583445
5.020073 2.749835
3.190752 8.021619
-1.723156 1.120954
0.279155 -1.894014
3.977530 1.620848
1.989145 8.264631
2.845069 8.922737
-7.007968 -1.268644
3.898808 1.550917
3.785512 -2.915500
1.105510 -3.664820
-0.996632 0.768933
-8.579527 2.455026
-3.548932 -2.748713
1.647718 -1.366445
-1.853672 5.959103
-2.594845 4.214754
-1.916581 -4.223358
0.608237 2.418234
10.244674 2.905083
-0.119977 7.994969
3.563091 0.720296
2.738906 -3.576066
8.724526 -0.055415
0.364512 2.875321
-2.095678 7.111012
-4.007384 -4.588364
-2.819836 -1.109878
1.467197 -0.558173
5.345226 0.723188
-1.984673 -1.363401
-4.439810 1.826506
-1.599845 0.611272
1.960812 -0.736455
-1.880560 8.963634
-2.281048 6.813164
-2.992671 1.590283
-0.197747 -1.383818
10.487103 0.561847
1.153731 9.073758
4.034878 -0.044812
1.261149 0.613857
5.571347 -6.689172
7.161780 -0.881353
4.673561 3.691926
1.612269 5.896200
-9.598844 -0.525129
-4.460171 -2.316714
0.891302 -0.509475
2.281674 -2.518639
0.731428 -1.553310
-4.851452 -7.583502
0.505632 -3.424084
3.074102 -5.418333
1.035443 -5.424234
0.311590 1.091553
-3.568489 0.924781
-1.049136 2.869207
4.093835 -7.410877
-0.903962 -4.967940
-1.686367 -3.982853
-2.608960 7.199742
-1.042370 3.097488
3.747599 6.627674
-2.935020 -3.399794
2.572965 -5.125542
3.940304 5.653944
6.454587 -2.637564
-3.372812 5.926210
2.139705 -6.221032
-3.818583 2.034850
-2.989365 -4.817007
2.507642 -2.431909
5.983159 -2.278868
-3.152212 -6.559728
0.209657 -3.478649
-7.404295 2.097170
3.688007 3.830748
-1.918968 0.604305
1.062485 -2.010874
0.153552 -1.602224
-1.223278 2.150436
5.392176 4.830311
-0.233068 -4.268970
-5.685387 -4.312600
1.818824 -2.197716
7.544450 -2.508057
-0.312878 2.429315
-1.630503 -0.593255
-2.366402 -0.351941
-1.835075 -0.460192
4.826486 -3.301522
1.668850 -4.023257
-2.693045 -9.132370
3.019294 -0.795220
-3.840802 1.342639
4.477636 2.133612
0.510808 -3.731665
3.405320 -2.642407
-5.353787 -6.462643
3.234917 2.120764
4.112266 1.465136
-0.889923 -4.271136
5.906447 -4.363471
-2.072089 -3.364412
-3.347017 -1.834457
0.711130 -5.076895
4.706028 2.933973
-2.461723 -2.739829
-2.524633 3.653298
-0.473191 -1.214642
7.356086 -5.255647
1.670732 -2.866079
-4.277703 -6.296156
5.846728 -1.240299
2.812067 0.070243
3.121837 3.030203
-1.146939 -2.316565
-4.883225 1.770848
-1.046814 6.924645
-2.122706 8.734028
-1.629280 -4.080236
2.963977 -0.977375
-2.428328 -5.736916
-1.983351 2.960027
-1.739322 3.659933
4.989747 4.688220
-0.282476 -0.991776
4.303008 -3.987826
-0.568423 -1.332358
6.520603 6.211273
-6.810927 0.254748
-0.223132 -0.446340
-5.437476 -2.000183
7.897473 -1.128512
1.342098 4.220903
1.192106 -1.742376
2.190317 0.030828
-0.222501 0.847180
0.430736 7.615582
0.820216 6.698790
-1.040623 -4.080733
1.033301 -0.533700
0.966647 -5.397973
-1.081434 3.135841
3.829127 1.315742
-5.649050 -1.081032
6.817180 -5.815496
-1.903582 -0.917313
2.850885 6.486670
-3.577008 -0.209192
2.309511 1.416501
-1.948525 1.383652
-5.877901 8.752493
-8.202389 -1.148302
0.001870 -1.112080
-1.273902 -2.751054
-3.239489 6.285025
-3.614287 7.308646
-1.378197 4.665746
-2.419995 -3.351064
-1.772920 -1.118876
2.151699 -2.171669
1.743896 6.092397
1.161516 4.778392
-2.537751 -2.416570
2.039657 -3.896517
2.648085 -0.048011
-0.841169 -1.265188
-1.364750 3.191550
-5.021044 -4.006979
1.019791 -1.867030
-2.431285 3.746073
0.593920 7.638482
-6.131894 -3.807322
-1.280520 -1.186193
-3.008594 -3.501236
7.868102 1.321536
-1.600189 3.471176
1.416917 2.551835
-2.609926 3.400378
6.723565 5.105409
-2.005096 -0.599988
3.583405 -0.991182
-0.712798 -2.516616
-0.658348 -2.124068
2.721968 -4.996736
5.737893 4.765759
-2.130970 1.351909
-9.567504 -3.535016
-0.310119 -1.392685
-1.160111 1.260937
-2.907412 -0.109139
-0.664323 -3.304762
-5.827968 2.793099
-2.252759 0.346974
6.364806 -1.877356
-0.745932 8.741556
-1.870143 1.344713
4.315461 0.652701
-1.474526 -3.242025
-3.942643 3.323917
0.253266 -3.627279
1.811585 -3.755906
-3.390201 -5.305992
3.148940 -2.586267
1.042177 -4.375708
2.417364 -2.716128
-7.952476 -0.662265
-2.411617 -1.745892
2.227591 -0.348710
-1.170357 2.954808
3.267501 -0.673628
-9.975142 -0.234422
1.741450 -1.376351
3.906373 3.900088
-3.276533 4.745248
-5.129752 3.454630
-3.624684 2.047916
5.853082 -3.613317
-0.808953 2.963634
2.038635 -2.334508
0.832183 -1.725811
1.740796 2.007214
6.401122 -2.804368
-0.448602 4.163009
3.940094 -2.606529
-4.626211 -0.236888
-1.954294 1.256611
0.007003 -0.227096
5.006905 2.148138
2.070104 3.511065
-2.039648 1.344674
-9.147094 0.024220
0.206728 -0.169779
10.277001 2.544136
1.027110 4.472774
-4.132435 0.458654
1.467093 2.299609
4.543641 -0.061075
5.015601 -1.441734
1.574982 -5.265798
-5.624528 -0.208579
-2.004849 4.332817
2.710335 5.201133
-3.834338 -1.848155
0.320370 -2.372603
-0.997263 -4.953631
1.292654 2.176418
2.404370 -5.071735
-0.951822 -4.299342
-0.174974 -2.131996
-3.905272 0.906805
-0.015642 2.008931
1.271368 -1.913258
-3.036590 -5.754265
1.691769 -6.639055
4.418322 -0.371114
-3.145368 0.796776
4.457898 5.404740
1.642016 -0.189941
-0.387759 -7.883770
-2.898535 -1.309833
0.770586 1.604889
5.766059 4.777934
-2.704558 -2.093058
3.983647 -1.650647
-2.117562 -4.945761
0.828542 2.516232
5.297839 -5.141251
-1.481041 -5.244393
-4.755991 1.775371
2.046771 0.711042
3.613019 -2.621542
-3.480417 -3.773179
-0.460977 -8.083996
-0.737863 1.731695
0.026355 2.660516
7.541855 5.021596
-0.241173 -6.258941
-0.049329 -2.907112
-3.323585 -3.735038
5.052836 -3.205561
-2.492434 0.747659
1.540011 -0.886102
-1.916055 3.098113
-1.385651 -0.775926
0.100511 2.893728
6.543364 -4.535158
2.366955 -4.918350
-0.695601 4.104916
2.825095 -1.701257
-0.640362 1.593412
5.167251 -0.988786
1.230284 -2.627098
-3.505864 -4.680620
-3.317563 8.068000
-1.024047 6.383187
-0.751411 3.294758
-0.436733 0.614288
-1.810603 -4.282182
-4.326028 1.246423
1.116924 -3.507409
-0.906137 -3.508238
1.225786 -4.205937
2.120808 0.632141
-1.914506 4.251602
-2.700745 -2.683707
-1.855317 -1.511113
1.621403 2.064949
4.072846 -2.356412
-0.308835 6.431829
-2.111212 2.363938
-6.636111 -0.702434
1.061482 -0.229255
-3.310453 3.265974
2.286815 1.624240
-6.543459 -2.487769
-0.578039 -0.729115
2.381952 -0.921587
-0.641747 -0.538296
-7.133632 4.432096
2.411467 4.778779
-5.581457 -5.494736
2.630928 -4.512356
6.657922 0.855321
4.724108 1.818671
-3.633949 -4.718380
1.819046 -0.035625
4.744460 3.471035
8.461314 -0.677465
1.077281 3.911908
-4.434136 4.994820
-5.184152 0.963861
1.062049 3.959875
6.402728 2.863946
-2.760411 -3.146269
1.217247 -2.483736
-2.713274 -2.330844
0.121363 2.351936
-2.832755 8.822710
2.658518 5.581866
0.686453 -2.006449
3.080442 1.682186
-0.047142 2.701753
4.331317 0.719691
-6.305488 1.563594
-2.598595 2.324786
-0.608949 3.327435
6.925457 0.701655
1.170399 2.648748
0.186614 5.263106
-0.626759 0.798096
0.881528 1.790028
7.677289 2.105789
5.162045 5.266608
-0.692431 -5.061215
-0.321622 -2.771865
0.993654 -1.528444
0.486390 4.830516
0.768412 5.415537
3.350472 5.417620
-3.573697 0.879074
2.677580 -1.506769
-0.710056 4.803275
2.962344 6.940250
-0.605699 -2.123372
-0.432355 1.530013
0.786960 1.508342
0.168706 -4.967876
-2.609202 3.354063
0.923013 -3.671556
1.002830 0.545987
2.002136 0.259035
-3.977256 -0.778019
0.361846 2.673798
-6.032436 4.484282
0.270329 0.460625
6.669751 -0.768792
2.262751 -3.049826
-6.786223 -3.349213
-2.087250 1.616670
1.265712 1.465830
-0.499983 1.478084
1.394314 -0.499829
-2.667825 1.687936
-1.679227 -4.823053
0.770251 -1.454526
0.461633 -2.775594
-4.415780 2.098104
0.647429 -2.050620
4.459886 -3.184897
3.819213 5.136064
2.276561 -3.358389
0.019003 -1.821441
-2.920127 -0.501117
-4.214225 3.602683
2.346713 -3.603182
0.005015 -6.166573
-0.899984 -3.430630
-1.137386 2.031586
1.459955 -0.719624
-0.792523 3.492426
-3.841722 -1.173337
-4.192953 -3.267603
-0.175821 -4.015519
3.687672 -3.960433
-1.779503 2.502201
-1.738750 1.593357
2.918315 -0.454878
-0.912794 1.165635
1.217759 3.031517
1.263498 -4.547811
0.346819 -0.953202
-3.681313 -3.839572
-0.187836 3.832157
2.485085 -2.257874
-0.106495 -6.027868
2.393484 -6.475725
-2.573016 -3.634418
-2.533726 1.870469
6.893834 -0.521444
3.805443 -0.926417
1.160512 0.125620
-4.933978 3.860817
0.297074 -3.740663
0.643890 3.037532
1.876447 0.887999
2.467666 0.336306
1.525296 3.560338
-0.974093 5.336092
-4.206508 1.527626
1.499584 2.139670
-3.319164 3.351833
4.495991 3.090585
-4.367441 3.597187
-4.375245 2.053112
-1.198335 2.430645
-1.323521 0.643412
-1.643142 3.342911
-6.316231 4.547821
-6.206738 -3.532792
-2.174497 -3.921417
-1.079983 6.173784
0.354247 3.209541
4.716312 3.415950
-3.941203 -2.181398
-1.381405 -1.516847
7.307054 -4.258235
6.388288 2.524242
-0.756672 5.909321
-6.772102 2.539913
-5.055987 -1.831328
-1.221632 -0.269592
-5.273097 0.273668
0.640382 5.660060
-5.897093 -2.597617
-2.324257 0.072588
1.205459 -0.253064
0.853521 2.247704
-4.379383 -5.246915
2.634338 -4.374340
3.072825 6.632942
3.195917 4.274620
-1.053869 1.336864
-4.552863 0.294341
-1.758068 0.030703
0.589250 -5.329135
4.859397 1.100562
-6.744589 3.160606
-4.933082 5.713351
-1.786132 -2.704719
0.707986 5.057340
-2.757670 0.988778
-2.031954 4.205294
-4.657243 -4.188667
1.253211 0.507587
6.112826 -1.724099
1.801183 3.807739
-0.562839 -5.655413
1.416641 -7.351699
6.532614 -4.196439
3.448762 5.718608
0.117490 4.952968
2.045289 6.443707
-2.150459 3.314807
2.807363 -0.235058
-6.558489 2.843834
2.887956 1.712678
-7.962123 1.038210
-0.193536 4.388764
-3.637015 2.259412
2.293726 1.257774
-1.629748 -5.757599
-0.545205 -2.979897
-1.665274 2.072802
8.529624 2.802853
-4.307814 1.449627
-1.324567 -0.045932
0.352685 5.191195
-5.316017 -2.854248
5.120723 -0.377414
3.627704 -2.393256
-5.169896 -0.223793
-1.629497 -4.013855
1.689938 1.388884
6.432599 3.399109
-4.038609 -6.318186
0.132226 -1.699050
-5.741642 -3.484495
5.672902 4.140496
3.996234 -0.807608
4.206087 -1.714050
-2.449742 -4.186360
-0.109362 -1.782842
-0.006051 6.086013
-0.912549 4.178958
-0.072480 2.373967
-0.093145 -4.075664
-2.119539 3.262506
-4.428901 -3.396305
4.459745 2.107787
-1.530189 -1.214013
-5.074915 -6.411757
4.536304 0.907827
7.312303 2.462854
-1.754037 -5.783831
-8.406739 -2.471747
-7.451353 0.394462
-5.067676 4.758621
7.664520 6.754406
1.760252 0.302489
-1.078069 0.448465
-1.935643 8.570815
-1.801690 -0.895859
3.317168 1.306437
-0.773392 0.214615
-0.468077 -7.517267
-2.851449 1.452997
-1.221026 -0.444488
3.480879 1.548228
4.470026 -1.703555
-3.780076 -1.119542
3.467094 1.529016
7.134420 1.255842
-2.141287 0.026913
0.342960 -4.604124
-4.201918 -3.400080
-4.131670 2.185377
-1.759788 4.635509
5.109760 4.525688
-3.943505 -2.242146
-2.108129 5.400727
-1.358951 6.285750
2.592419 0.368144
-4.270276 -6.114544
-0.047381 -3.422661
-5.061283 2.324582
-3.266511 6.090914
-5.093691 2.293289
-1.324523 -5.839886
-0.345409 -1.341377
-2.859288 1.005922
-2.848511 2.991308
-1.820075 -0.319733
-0.886931 -5.224906
-5.084216 -1.919882
-0.071402 -8.171434
0.010956 -0.155873
1.237886 3.054756
-5.418615 -4.410697
0.628697 -0.408111
4.877661 -4.445694
5.133458 0.183110
4.929252 -0.048297
-4.411517 -1.353949
2.158925 -1.840078
-2.212705 3.640585
-2.488964 4.065145
-0.314871 1.185834
-0.420816 -2.855491
1.284869 -6.333035
-4.349322 2.652507
2.262752 1.821866
4.017190 2.871685
-3.368306 -1.491007
0.981025 -2.065588
1.661236 4.522775
4.543977 3.434852
-6.026565 -2.256683
-4.748192 2.632358
-3.242960 3.986740
-2.645047 6.755808
4.027709 4.289735
1.256133 -1.337820
-5.395867 4.825346
1.568179 2.794252
2.405371 5.259461
-5.086168 0.605162
3.616643 -7.104225
5.561320 -5.166136
1.286654 1.128525
-0.326205 2.640304
5.963446 4.609609
1.702082 -1.417172
5.812771 -3.180634
4.987898 3.989504
4.155421 3.679202
-0.391260 3.163608
-2.462610 -4.173886
-1.033445 2.910755
-5.431041 6.654630
-1.031301 4.604977
0.725335 4.852393
3.102950 -3.107369
-4.227490 4.533885
-0.975779 3.792261
2.660735 5.387675
-5.332487 3.278895
-1.091965 2.881698
6.259211 4.580059
-2.137650 2.103197
-2.715800 2.852296
-3.480321 -1.089790
5.806637 -2.270838
0.962573 -0.666720
1.385203 9.661695
0.142591 -4.508769
0.700315 3.285376
3.018541 -2.971068
-3.153988 -0.304230
1.736616 3.981368
-4.856746 -3.192253
-4.106703 -3.106578
0.057117 -1.381158
1.631208 6.485872
-2.953886 1.653184
-2.766814 -2.672262
-4.043168 0.999198
-4.357991 0.376152
8.072330 5.867799
1.943007 0.869200
-0.193846 3.387833
1.088294 -2.485454
4.648394 2.975555
0.952673 -1.700741
1.099119 7.298202
-7.856994 -4.356369
3.608880 1.825794
3.893467 -1.987423
-1.586263 2.798324
-7.106370 -0.468984
-0.563709 -3.421736
-0.826417 2.455000
1.216980 8.359082
0.346736 -0.015525
-2.769990 -1.204599
-2.579799 2.037126
11.748548 0.275808
1.883941 10.832886
3.137862 2.253529
3.629190 3.099323
2.243072 -3.101142
7.218868 2.651129
3.006610 -1.614795
-3.897831 -1.444792
-10.139906 -5.749103
1.448857 -6.004076
0.957227 2.127136
0.170139 0.360269
-2.202319 -0.591651
-9.590693 3.224753
-0.870950 -1.768278
3.821892 2.968008
2.708308 8.199498
-2.285218 3.967443
-7.435731 3.492764
-1.054554 -2.861456
9.002142 1.701591
4.293789 9.976163
1.978375 -1.250585
-6.143153 6.390901
-0.217697 0.953790
6.253725 3.135032
3.622463 -0.946145
0.720934 -3.648608
1.684826 0.127283
3.168437 0.097291
-3.070333 0.213199
-1.347732 -4.832094
0.015542 -3.297802
-1.384647 -5.418778
0.335713 -0.231083
4.618513 -1.706517
0.161356 -8.988849
-1.717333 -1.615105
-4.861724 1.800863
1.206739 4.630737
2.310878 -7.709835
-0.548483 -0.043610
-7.936364 -8.825800
-4.038343 6.177016
-1.836589 1.884979
2.491456 5.454572
-0.762875 -1.423014
-1.605470 -9.672668
-1.949773 -1.138203
6.186282 0.970373
0.899629 -4.441503
4.069102 -6.711941
-3.334545 -0.662263
-2.294996 -0.170755
9.409708 -1.386333
2.024047 -8.655998
-0.321307 -2.270709
-2.618701 0.807298
3.533199 2.133048
-2.359238 -3.704287
0.404537 -2.879111
-5.836129 -7.624912
0.908980 4.031795
2.081550 -0.896512
1.995919 -2.948740
2.220033 -0.220038
-3.556001 -7.478856
-2.612668 -3.951751
9.800732 -1.239183
-1.541665 -2.630250
-3.951594 -5.056188
-0.584561 3.546043
0.038886 -2.536784
3.102853 -8.279729
0.039986 -1.322671
0.734492 -4.505275
6.513886 -1.121962
-2.663453 1.468233
3.260054 1.780564
2.515206 -4.174503
-2.740198 -0.976404
-2.125804 -5.019588
2.077366 2.357664
5.370969 -0.666821
-3.753164 -7.340449
2.251038 1.711402
-3.915308 4.236547
-3.350534 3.104813
2.988064 7.430182
-1.935020 -3.587821
4.112219 -1.875218
-0.773402 0.643341
5.543402 8.645725
-6.492892 -0.962513
-4.150377 1.956254
-5.076202 1.595559
3.835008 -3.946113
2.821060 2.800095
0.779354 0.407695
2.366968 1.750862
-2.352357 2.190740
2.505454 9.248609
-2.473337 10.413786
-2.737473 -0.762984
-0.289306 -4.741328
-0.536538 -3.017706
0.558496 5.054964
-2.533766 5.651672
3.101411 3.158778
-2.352140 -6.058490
4.802363 -1.429775
3.941666 -2.061585
-2.110449 5.200178
-4.022654 0.780637
0.999921 0.808981
-3.739423 1.099043
-0.090275 -1.128544
-7.719593 -0.043850
1.115774 0.736193
-4.156628 4.239636
-7.783427 5.810733
-1.441628 8.284564
-0.146989 -0.091375
2.861209 -8.470312
3.704005 -4.020098
0.421537 4.098219
7.975601 3.571962
-3.687453 -1.145897
-0.648928 -2.273158
7.977008 -2.194767
-0.556740 1.412411
3.885333 5.076133
-2.872662 1.993285
-0.768318 -0.270904
1.280526 -0.316109
1.623477 4.072488
-4.844149 -0.989671
-2.275528 -3.903452
-3.258929 -4.394022
-0.901393 6.819985
-1.983091 7.912906
1.752396 7.242784
-3.832596 -3.424131
2.255434 -4.913214
0.770381 -1.995771
5.613655 3.057861
-1.689562 3.119995
1.307629 -1.473302
4.833484 -3.430659
2.478985 3.641412
-3.220764 -5.859082
-5.479945 -2.440142
-2.599415 3.071362
4.667584 -0.593155
0.661537 -0.251934
-1.558744 -2.350068
-0.792256 0.081126
-4.507428 0.893685
4.373919 2.726797
0.899419 -3.527909
-1.501560 -6.272055
0.711555 -2.064762
-3.477994 0.949064
6.958528 6.682504
-1.970277 -0.218076
0.758226 -2.690456
-1.622071 -4.611608
-1.598272 -2.165413
2.038060 -2.407479
0.623510 -0.353856
-5.021229 -1.628382
-5.227770 -1.801855
-3.031166 2.037338
1.256591 -1.982942
-2.669040 -0.531888
0.324198 -1.820793
4.723348 2.260449
-2.072791 3.479655
7.430360 4.096486
2.098374 -6.212212
-3.607014 2.236277
0.390854 -0.336298
-4.804252 3.569148
-0.239190 -4.719540
1.236313 -2.257981
0.191241 -1.138915
4.340665 0.290100
4.647638 -2.210815
1.796306 -1.143494
-2.265883 -0.665662
0.243372 0.799723
-1.932221 3.394633
4.438903 -0.810745
-1.382855 -1.603764
1.015577 -3.566617
-7.238518 4.930284
2.178543 2.165463
5.356687 6.380392
-1.636830 -2.846724
-5.886012 0.017482
-1.256149 -0.316777
7.509053 -1.827978
1.051458 4.157772
2.318919 0.470997
-6.507100 0.084034
-5.652460 0.057058
4.263258 0.144498
0.658885 -2.665060
-4.244541 -2.748122
0.610351 0.667716
-5.947325 0.943577
2.193985 2.801845
-4.338191 -4.739717
2.525537 -4.186231
-4.475814 4.108240
6.147915 3.901058
-5.216322 -0.919157
-1.731045 1.919351
-2.945734 0.408038
-1.265832 2.413948
-2.890790 5.690191
-2.301593 0.760238
-3.217353 -2.320018
1.505410 -2.737796
3.179280 3.426506
0.614168 5.734772
-1.812776 -4.874444
0.353046 -3.897280
4.077669 3.796605
7.744467 0.724114
0.296890 4.773795
-1.725130 4.976401
-3.489233 0.281180
0.115766 -4.331789
-0.481749 2.962707
4.654452 5.607986
-4.702898 0.234409
-1.644657 0.441398
-1.250223 0.203570
-3.528715 4.281859
-7.173378 2.439287
2.310603 -0.892882
1.994762 -2.516147
6.310625 3.440024
2.414202 4.951642
-2.726644 -3.321320
-1.575622 1.874082
-0.885218 3.399265
4.511519 -1.679858
0.698572 6.196283
0.799109 6.216784
-2.922227 2.868697
-1.413312 3.774052
2.909693 5.674983
-3.367220 -1.185939
-3.188227 -2.744173
2.110057 0.252215
-0.044275 1.183912
-1.793751 4.533156
-2.683158 8.333957
2.225235 7.081260
2.168309 -2.484201
-0.369514 0.349501
3.144284 3.749749
-0.027489 -0.108309
0.202018 -3.610691
-1.912414 -1.427282
-2.605813 5.522877
6.888787 -2.439484
1.730158 5.215104
-7.700690 1.115631
-0.464345 1.639212
-2.397440 -1.547452
-0.310167 9.573804
-3.015617 8.678317
-7.033895 -3.348358
-3.318033 2.026777
7.314967 1.570077
0.433185 -1.272595
-8.025021 -2.221301
-3.263821 5.690780
0.794721 -0.490648
-2.235780 3.649575
0.990377 1.493530
2.168152 -4.079605
-1.851518 -2.505470
2.055125 4.406761
3.211007 2.281425
-2.134780 -1.579819
-0.467393 0.114446
3.054581 -2.228143
5.579004 0.834241
-0.394822 -2.015680
-2.450726 -2.306905
1.074137 -1.741128
-7.683050 -0.696853
1.603288 0.794935
6.124428 0.086635
0.577013 -5.153478
-5.219817 -1.588987
-0.282547 2.146621
3.734573 1.548458
-2.586020 -1.699851
-3.732660 -1.088931
-6.474460 -1.171622
2.836976 -1.318783
3.552218 -0.448385
1.285161 0.107435
2.271803 -1.618405
-3.631259 3.635008
7.954662 0.375546
4.345381 -1.458321
-3.128923 -6.261242
-3.696796 -5.165299
-3.131737 4.975754
3.495119 -0.857622
1.094027 -3.901367
-0.712700 -3.076516
1.636308 -1.178526
3.429971 1.751192
1.907833 -0.090257
1.616789 -1.196571
-1.034517 0.409860
-4.061808 1.017982
2.292993 -2.875348
1.860518 -1.552380
-2.580206 -7.363411
0.430856 2.386173
3.497915 1.583258
-3.644699 1.871799
4.602724 2.739182
-1.953678 -1.241491
-0.916704 -0.789640
-3.230164 -3.917325
-1.145588 4.869233
5.549119 -1.644088
2.120086 -5.348337
3.540135 -2.134766
-2.123582 4.433580
-4.687151 3.728200
-4.253913 -0.789220
-4.380067 -2.908834
3.853679 5.732960
-0.318236 4.507955
4.120817 3.711066
3.337758 -3.426129
2.578531 -1.587829
3.276543 -2.634200
3.173922 3.266054
1.230040 3.809652
-6.632927 0.765973
-1.421396 -0.148593
-4.628293 2.842316
5.974049 -3.830745
-1.684629 -2.664028
-9.266101 0.041647
-4.698693 2.202954
0.808914 -1.119925
-0.272176 5.218958
-1.723505 3.005450
-7.111687 -3.497178
-0.153728 -0.714896
2.182108 9.431948
2.697137 4.492997
1.931450 1.718972
-2.956676 2.288902
5.629675 -6.244771
2.755000 -3.682195
0.870690 2.101978
-8.590265 -3.609602
-4.267191 0.360067
0.545325 2.355356
-3.340535 2.539560
0.348526 0.861129
-5.755167 -1.910516
-1.814664 0.962335
5.143968 3.251591
3.120524 4.836048
-2.713949 -2.835987
-1.348169 -6.124537
2.469674 -4.465634
3.414325 8.342119
2.274780 4.432535
-0.933805 3.727736
-2.861651 1.947890
1.204179 -0.216607
1.037074 -4.890927
6.390729 1.419983
-8.255346 1.515196
-4.439309 3.978425
1.425101 -0.522361
0.995454 3.764691
-3.591708 1.503264
2.090889 1.783598
-0.870959 -1.923962
3.098916 2.542935
8.285227 0.654647
3.492297 4.141387
-0.206836 -3.426204
2.852519 -6.385855
8.186357 -0.744144
0.139217 -1.417880
1.485032 -5.677278
-5.623733 -4.112913
1.275927 1.373112
4.676677 4.327275
-1.388469 -4.566826
-0.845797 -1.430751
-4.565835 -6.246992
0.490885 2.334999
9.799655 -4.151467
1.822640 -0.737475
0.419798 -3.859887
-2.976245 -0.160010
0.325704 0.797886
6.147518 -4.586278
-3.032197 1.606920
-2.398730 -1.760836
-4.584528 4.115793
-4.690603 -0.747288
-0.113883 1.186196
-0.045962 -2.539233
-3.686633 1.714582
-2.264053 -7.275674
2.016187 3.954467
6.972506 5.956117
-1.689827 -3.304574
0.274667 -0.567317
-5.415876 -0.142682
-4.138176 2.026438
5.526873 -2.964410
0.872195 -0.632767
1.567341 -0.698571
-0.442177 -2.205573
0.469713 -7.450649
-4.067803 0.521657
1.368765 -2.384108
-2.575232 4.111066
-1.647685 -0.880483
1.264374 2.734688
3.186916 -3.175826
0.572167 -7.443223
1.356378 1.748822
3.575727 0.355666
0.488161 -0.736764
1.292789 -2.634773
-6.936308 -0.988489
-5.087059 2.800500
-3.090325 6.308887
3.996911 -5.033657
4.172429 1.330126
-3.389528 -3.959704
-4.869423 2.052679
1.455542 2.654240
-1.451090 -0.844302
-0.092492 -2.683445
-0.283837 -5.850426
-3.880219 4.260451
-1.229668 -0.862419
6.321069 4.560883
1.352644 -2.094356
-2.814175 -1.870508
-0.553447 3.501914
6.099547 -4.468606
-3.210001 -2.314067
4.642618 -3.160028
-1.095001 -6.571647
-1.305319 2.522863
5.224501 0.392930
-4.067536 -2.970297
-2.591452 1.495642
8.499222 -5.539014
3.660315 4.255517
1.643272 3.329853
-1.306775 -4.080303
-1.643510 -0.121290
-1.302289 3.880422
-4.052389 6.077730
-7.254486 -4.697708
0.592235 -2.773460
0.249638 -4.204005
-0.378206 0.970520
-0.812669 5.697465
-0.722602 1.267044
-0.103123 -2.496456
-3.549165 -2.085413
3.365854 -7.062292
2.251415 2.966461
2.948038 5.100500
-2.438483 -4.581572
1.037242 -3.633675
4.697972 -2.894251
-2.462742 6.359144
5.899130 3.554720
0.525177 0.049983
-8.275538 0.520864
0.270097 5.816587
-2.018445 -4.889285
1.774222 -5.077758
4.291923 -3.672683
-1.952209 5.012383
2.288400 3.707920
3.938734 0.455759
2.434700 -3.866285
3.277797 -4.420519
3.565245 0.596434
5.915788 3.463931
-2.063385 2.239180
-2.983366 -1.485525
-1.425697 0.726668
4.689973 -2.624339
0.994845 -0.375146
0.036903 -1.534985
0.728718 -2.688581
-4.499904 2.313160
-3.220308 6.752794
-0.380195 4.280132
-2.214980 1.095666
4.449568 -5.366304
-3.027649 -4.698891
-2.043660 2.722158
1.680998 5.005364
7.063066 -0.459213
-3.697793 -0.936526
7.515856 -4.377703
-0.079617 1.992335
-0.909127 3.097964
-0.756177 -3.822500
6.773017 -2.020332
-2.420014 -1.575018
1.164341 3.404350
-6.862091 -3.059735
-4.908029 -2.555982
1.680350 -4.841700
5.374966 3.928198
-1.223263 -0.826110
3.513840 1.531821
-5.667016 4.500284
2.591520 -3.417743
5.822643 1.257864
0.157307 2.561291
-0.566476 4.807824
-1.520010 -1.592636
7.947196 -1.907337
0.499228 -1.164803
-0.150897 -3.683778
2.161507 -3.303509
-6.733197 -4.871643
-1.447974 -2.444389
0.086172 1.457291
-3.607220 -0.900973
-3.300378 -3.416567
-0.699472 -3.215033
0.709222 -2.361590
2.155043 5.519336
2.832616 -0.372879
-1.398205 -1.261094
-6.250076 -0.897423
10.598573 1.414352
0.514555 0.298452
-0.606203 4.140214
0.396693 -0.016553
5.994193 3.563830
3.758288 -0.071188
3.813975 -2.369403
-10.326008 -3.260599
-1.361130 -4.227466
5.073218 1.300144
5.359324 0.582207
-5.225547 0.596715
-7.385950 1.119479
-3.995882 -2.593773
2.587392 2.115920
1.421937 5.566616
-2.456927 -1.905775
0.139788 2.360310
-2.032331 -0.045119
12.593812 4.803033
0.716018 11.226504
3.769276 -0.023138
3.347618 3.740655
3.965412 -1.586570
-2.746448 -1.027629
7.240988 1.152032
-2.106074 1.900411
-9.238214 -3.973991
-5.418898 -0.990699
0.810349 4.150507
-3.139239 -1.883014
-0.640334 0.771036
-3.697634 -4.004303
0.948728 -0.996386
3.917289 0.318297
-2.839579 -5.563310
-3.059226 1.284121
0.503266 0.441302
0.747705 1.289664
4.113630 -5.028560
-1.089886 -1.436281
2.345238 -7.533452
-4.272361 7.306212
-2.781812 4.248947
6.675171 1.265887
0.812378 -3.597325
-5.153788 -5.455421
-3.758535 1.366789
4.011392 1.449420
-0.676580 -2.231044
1.386200 -5.646958
-3.551954 2.145211
-4.219859 -4.197491
1.097406 0.965303
7.108576 -0.292462
0.355455 -6.157853
0.480782 1.056622
-4.687302 3.568708
0.792613 0.254104
1.913461 -5.153533
2.050696 -4.899180
-6.538181 -5.149433
-1.132349 6.089203
4.605580 4.553017
-0.180235 0.709278
-6.488552 -6.004657
-3.434557 -2.098548
6.118470 0.348519
-0.607987 -3.178844
-3.829122 -6.988390
-1.079805 2.517272
-0.126859 -2.886259
5.432393 -3.409265
2.820639 -1.329280
3.362369 -8.620761
4.218531 0.953039
-6.032868 4.123011
3.067794 0.365656
-0.578450 -0.986257
-1.095815 -1.329530
-4.565438 -3.569731
1.200143 6.003127
3.148244 2.450279
-2.173273 -6.268048
4.501802 -2.209309
-2.289093 -6.698679
-0.559642 -1.688913
2.916295 -5.713696
-0.402693 -7.914233
-4.638058 -9.089710
-6.109671 0.851559
1.058559 -1.496030
4.768670 -5.706810
-3.263926 -0.705639
-1.291376 -6.607986
8.212261 -2.653039
3.128915 0.600084
-2.550262 2.729502
0.976821 -0.691103
0.753775 0.724404
1.070228 8.694858
5.350664 4.035397
-1.242688 0.398456
-2.909201 -5.654857
-2.193555 -0.644027
-1.903575 4.820305
1.522983 6.488920
1.017733 6.229561
-4.210260 -4.242751
5.897908 -1.412288
1.192094 -1.096049
-0.676521 2.876548
-5.924066 -1.143868
-0.914458 1.953609
-3.726825 0.040360
6.874267 -0.421045
1.573261 3.831012
1.640737 1.648876
0.599532 -4.980071
0.429412 4.069426
-0.099304 9.634029
-4.132839 5.303824
-0.508350 2.687499
0.978066 -6.777689
-0.230841 -1.873889
1.259685 1.984596
4.564643 5.215651
-3.126080 -2.115808
6.813648 0.185197
-3.467647 3.324491
1.627441 6.987550
-1.887533 0.932473
2.438024 -1.040957
-0.002671 0.747367
0.870836 -0.001794
-8.333414 -3.662062
-0.109548 -4.411544
0.666632 -3.551941
-1.438666 2.363595
-5.644294 6.557561
0.307393 5.818707
-5.897087 -5.125429
1.318465 -9.254077
3.986062 -2.163101
2.629521 0.438974
5.291405 -2.334278
-1.093139 -0.718368
3.132782 -1.239019
3.423295 -1.760315
0.415657 2.323172
-6.333140 1.785591
-3.968540 0.936409
2.918426 1.153903
-1.236613 0.143638
1.560209 3.159154
-5.279692 -0.709204
-0.694499 -6.214498
-4.702747 -1.084988
6.913505 0.352718
-4.013063 -4.473808
0.177548 -2.502247
-4.170416 0.100232
8.500306 3.002951
-3.904750 -0.156602
-0.377671 -1.393466
-4.265254 -2.280864
3.246732 2.262213
3.994805 -1.688860
0.677263 0.844954
-0.914373 -3.693843
-7.751123 -0.184590
0.865900 2.175585
4.457331 -3.676626
-3.040333 -0.013077
-1.276862 -0.913243
1.830544 1.709482
-3.372705 0.198484
6.708573 3.113543
3.411442 -1.974641
1.835991 -3.095871
2.042945 -3.779760
0.502374 -0.544471
-3.984834 -0.592248
0.292332 -1.033397
0.190581 -0.936445
-0.337922 -1.650973
-1.669383 -2.016010
5.051397 0.947078
0.182874 0.591311
-2.615449 -0.507275
-0.175604 3.018580
4.664440 1.567482
1.350941 0.473073
-2.106396 -1.524413
-8.635464 2.274117
0.129859 -1.492985
7.573886 0.018305
2.694225 -5.867802
-7.740358 -7.830057
-3.892473 1.245356
5.193942 -0.013095
0.374744 -2.214914
3.609562 -2.233331
-3.656687 -0.563278
2.338633 2.382495
3.248666 -2.343200
5.750467 -1.297155
2.941721 0.846288
-1.586491 1.920947
-3.101484 0.718312
1.766340 4.225228
5.452500 0.600221
1.999117 1.752633
2.077253 -1.287950
-4.916426 0.878426
-0.907876 -1.224320
8.013002 2.050552
0.070400 -0.566033
-3.493517 -7.383345
0.089151 3.182304
3.796829 -3.377625
-2.699085 -5.663054
-1.893150 -3.075096
4.434167 2.958348
-0.398912 3.182855
-1.489704 0.003864
-0.107520 0.328317
6.283888 -7.111471
5.432965 3.183713
5.123802 0.811294
-1.157817 5.635798
-5.420352 0.374765
0.873633 -4.559778
-3.212511 7.422826
5.016996 4.867850
-8.345188 -0.806876
-2.720370 1.589384
-2.600237 2.217435
-0.122211 1.142666
-6.237578 0.814012
-1.547452 0.493293
-6.035320 -3.802614
2.522388 -1.140992
6.736311 0.488299
2.872045 1.882154
-2.561713 -4.206694
-0.575725 -3.542903
5.379678 -6.158828
8.776271 2.398396
2.017142 8.724626
-4.651776 4.583395
2.473268 -3.475886
-4.276258 3.330095
5.622571 3.879218
-3.762970 1.423706
-0.599563 2.698044
-2.394754 -0.124565
-0.474631 3.965073
-2.740132 1.456947
-2.507757 -2.334681
1.882703 -3.380722
8.350799 1.345674
-0.399448 2.477421
-0.222709 0.985726
1.152301 -2.145188
3.745876 -6.859285
5.960611 -4.995037
4.020267 -0.748410
3.302056 7.206674
-1.797525 2.662309
-3.398748 5.259820
-1.101892 1.656080
4.068376 7.268770
-2.409608 0.334870
-7.344349 -6.311683
0.336381 1.638503
-0.567893 3.127985
3.299810 4.172499
-4.151099 1.940293
-3.410197 1.176077
-0.063961 -6.828114
1.619608 2.924423
0.353587 2.258934
2.955519 1.452362
-4.382878 -0.840822
0.404260 4.365827
1.329059 -3.007911
0.124890 -4.851738
-6.284940 -4.414145
0.985549 0.149355
7.112680 -3.067120
3.005811 1.426652
-1.151084 -8.054787
0.114546 2.565382
-6.926844 -3.025301
-2.216304 2.418753
8.096612 3.689630
1.284910 -2.544924
-5.190570 0.728882
-1.121106 4.281654
3.998711 2.452636
2.905400 2.498482
-1.624896 -2.313730
-4.875594 -0.159445
-1.362816 -1.197998
0.631855 -1.835077
4.974161 -1.733221
1.610876 0.835579
-2.035529 -3.532695
3.205487 -0.834542
9.866261 -1.822103
2.157979 1.717513
-2.901525 -4.096976
-6.568702 -5.602500
-2.736934 0.633192
8.016073 0.958254
-1.158513 0.201905
-0.963453 1.240836
0.154822 4.824538
5.278859 0.997917
1.504701 -4.482309
-2.980074 3.022079
-3.922823 1.937969
-1.296898 -2.102920
5.509307 0.536413
-1.974483 -5.786976
1.979704 -2.749579
0.241501 -6.525726
0.645016 3.757206
1.589811 5.094696
6.369973 -1.351894
-3.089391 -4.181809
-0.416673 -4.872574
-3.117689 2.386022
6.706945 0.695747
-2.164574 -0.327978
-1.073785 -1.605482
0.417360 0.412615
-3.726334 3.093970
0.889415 -2.635546
6.181264 -5.379979
2.033947 2.744802
-6.275443 4.523593
2.260752 -0.541012
1.501130 1.118947
-0.443629 -6.550806
1.457559 4.703160
-0.194923 -0.174907
-1.709170 5.953737
6.807400 1.817296
2.251394 -0.208332
1.479394 -4.817539
0.873009 1.709755
3.238108 1.669243
2.048723 -1.353869
-4.447757 -5.287848
0.428897 -0.259596
-4.132172 1.386145
-1.613724 3.637113
2.522693 3.509202
0.280772 -1.382520
-5.943411 0.898875
-1.456800 4.154406
3.383325 1.045383
-2.998894 -1.293255
-3.211746 -4.051641
2.756528 -8.506862
1.368302 -1.032607
2.244439 6.143268
5.262388 1.491177
-1.150027 -0.586608
4.985022 -2.281028
5.487443 2.003203
4.658933 0.466521
4.077783 -0.389323
-0.959311 -6.591149
-4.824575 -0.267589
-1.770562 2.744123
-1.751771 1.798579
-0.992696 -3.087818
-1.404083 1.708674
1.582391 6.619547
3.093019 1.254320
-3.122795 -1.918503
1.463744 -2.179975
-3.013109 -4.297106
2.063418 1.760763
2.163568 0.485019
-1.291570 -6.949052
-2.062194 2.420706
3.661601 -3.431673
-4.048955 2.948552
1.230307 4.373794
2.613347 -0.376458
0.574988 -4.223039
-1.292164 0.300273
-0.455470 2.794465
-2.374331 -0.103304
2.526748 -2.939798
3.061534 -7.155530
-0.620140 -2.012074
-3.059805 7.104124
2.035450 1.603542
-1.832626 0.240225
-1.683620 -0.270159
-1.916086 -2.673695
1.915749 -1.670404
4.224320 0.079487
-6.041729 -5.980544
-0.856752 1.206682
1.848365 -0.752479
0.366354 6.888291
-0.575837 3.398859
-3.199440 -2.084660
1.153900 0.089140
2.458848 -0.523581
-1.447974 -0.304515
-6.192544 0.115431
-3.695740 -0.026767
-0.135105 -0.071532
1.829376 6.205832
-0.092694 2.564850
-6.557191 0.827420
-1.597827 0.159779
10.199572 0.553216
1.659889 7.179635
6.752039 4.382495
0.834990 -0.805466
2.741610 -2.288505
-0.412450 0.064776
5.105440 4.461110
0.153237 4.729108
-9.400636 -2.267731
-1.290547 1.298306
-1.214682 3.746237
0.657016 -1.948213
-2.282114 -4.270255
-8.367964 0.085607
-3.694986 -0.127978
1.851067 3.883978
1.311122 6.360392
-5.545892 -0.027504
0.796287 1.014012
1.303761 0.646246
5.944031 7.731071
-0.879258 1.742466
-2.338275 2.409521
0.517702 0.405794
-2.174218 -2.137006
1.100456 1.018582
-9.232801 -1.764065
-3.083481 3.931726
-1.379232 -3.482288
3.079524 4.645197
-6.594119 2.114241
0.545449 -1.473412
-3.378987 0.799214
1.542698 4.412723
6.363400 1.051245
-1.121935 7.761323
-1.467541 -1.149730
-0.318258 -6.175840
5.778282 -0.837584
2.722468 5.730199
6.014479 5.932693
0.228764 3.699077
-2.463106 -0.904819
-0.294466 -2.851243
-0.451767 -1.506336
7.182286 3.247416
-8.940533 -0.521337
-2.443569 -3.960666
2.269692 -2.222370
-0.276911 3.142698
-2.891057 -0.289654
0.201642 1.992309
-3.262204 -3.117459
6.308391 -2.201898
-1.061915 -0.976284
-1.231891 -7.031718
0.403611 0.759401
-5.847068 1.908308
1.724002 2.714821
-0.384861 -2.586287
3.666924 -4.515930
-6.274845 -6.547046
1.754150 -0.843592
7.493332 1.831581
0.706088 -5.135450
3.396514 -2.070870
-3.825594 -6.104053
2.587422 3.949820
6.091088 -0.124173
4.424702 2.022383
-3.022936 -6.439075
-0.619855 2.672604
2.414976 0.392263
7.873713 -4.082871
-0.264755 -4.890893
1.350748 -8.810895
-2.593788 5.417608
-1.895996 1.657540
0.028535 5.306687
0.761245 -2.763116
-0.564661 -7.268112
3.247383 2.162328
4.981490 0.896924
-1.384025 -4.520762
-7.815573 0.036421
-6.321630 2.992356
0.010873 -1.671432
6.839988 -1.352961
1.493944 -4.653768
0.332993 2.313798
-7.239638 0.237440
-1.539327 3.401091
4.882053 -5.044227
-3.371154 1.393024
-1.341162 -1.390004
-1.467725 6.426889
-2.908476 1.773556
3.631222 2.886019
-2.642724 -6.741176
2.868582 -6.694459
3.091166 2.849533
4.310781 -1.975341
-2.077033 3.427777
1.672062 -0.073075
-2.814163 0.517149
-3.732455 4.162604
-3.628503 -1.616213
6.676052 -4.079329
2.795410 -1.433416
0.754498 -1.897843
-2.662002 1.817986
2.551280 4.270681
-5.458828 -1.534488
-1.298168 -0.752773
-3.800270 2.634696
-6.021347 7.642622
-8.483353 -2.905574
-3.981451 -0.112784
-0.984611 -4.035487
-3.774268 3.120923
-3.816522 6.590076
-1.213546 2.955237
-3.606202 -3.660249
-4.212113 0.205008
0.649862 -3.168221
1.978223 3.712328
5.360063 2.361264
-1.809046 -5.074859
-1.101537 -4.381606
1.894931 -3.060334
-1.052923 -1.814072
2.400712 5.103236
-1.851588 -3.593032
2.149401 -0.579005
1.660918 1.099038
0.145451 6.281905
-4.554660 -1.575074
-1.426737 -3.566342
0.289235 -3.885214
0.527715 3.941291
-0.588725 6.445586
2.843823 3.282840
0.789245 -2.677310
4.624032 -5.432964
4.808161 4.033939
-4.173420 -0.239802
0.990740 -2.548158
-1.929406 0.179026
5.702006 -1.677436
2.936276 -0.711905
2.621065 -0.422558
-1.267822 -1.260439
-6.273893 4.382340
2.040427 4.672968
1.635563 9.007025
-2.313243 -4.392986
3.220203 -1.983041
0.254136 -7.009535
-1.002043 3.239734
0.597640 1.545462
6.293896 2.684582
1.166827 -0.330070
4.900212 -4.329193
-1.846070 5.694574
-2.621436 4.557839
-2.742029 2.134154
-1.810753 -0.489160
-5.059615 -2.447400
0.572602 -0.883609
1.488273 2.372693
3.774060 3.667847
0.418345 -2.155137
-4.821909 5.426829
-1.156076 9.103479
-2.107046 3.578106
-9.419648 0.044593
0.650349 0.716298
4.016033 2.468908
-2.957555 3.297933
-1.269916 6.638916
-4.554507 1.273027
5.346512 -2.861623
-1.898370 1.777933
-0.863742 -2.624679
-0.449261 -1.071396
1.555496 -0.730201
5.832076 -5.379826
0.790721 1.174491
1.155073 2.695788
-5.758118 -2.401705
-2.515878 -1.654021
1.330063 -2.744275
2.490276 1.603427
-0.436369 2.753361
-3.922787 0.142019
-9.830581 0.931053
1.534534 -2.618213
8.201723 3.373433
1.555470 4.705513
-5.591463 -3.412783
-0.378043 0.762601
2.014216 -3.040153
1.814647 2.102781
2.263582 -1.781524
-8.910076 -4.850856
-5.195277 -2.605702
3.360528 2.936035
-4.125527 -4.314665
-2.023347 -0.971412
1.936013 0.066946
4.933416 -1.197907
7.058043 3.444994
4.178920 2.444102
1.320649 0.291906
-2.709147 3.308837
9.555093 3.317061
4.346649 2.350558
-0.665767 -3.781258
-2.575875 2.362172
2.929956 1.682550
0.330291 -2.113614
5.595178 3.215291
-2.518929 1.464245
-10.465682 -3.125496
1.558069 -2.075805
-0.355539 1.396283
0.473355 -3.185716
-2.048405 -0.570854
-3.887607 1.889627
-1.666649 -2.580609
6.194632 -2.909748
1.621416 7.123505
0.301027 -1.718831
0.401674 3.401406
-0.072379 1.544822
10.688997 2.640726
2.684238 5.925328
-2.793976 0.132128
1.698670 3.167268
-0.324792 5.267033
7.491236 2.544451
3.175252 -4.763383
-1.033769 -5.307375
-3.773032 -0.743555
3.114548 3.885600
1.765383 1.518941
-0.465203 -2.050943
-4.739112 1.547052
0.537364 -4.804597
4.588541 2.092487
4.776586 1.109917
-0.628399 -4.626300
-2.398729 3.091623
-4.756409 3.661437
0.067384 0.787484
3.929326 -2.751360
-1.290570 -3.089115
-2.960411 -4.673716
-5.003033 5.623154
-0.184022 5.238653
0.609839 3.743356
3.675437 -2.714711
-2.517841 -4.721204
-4.098215 0.336454
6.549518 3.394755
-4.177767 -4.623517
-2.286888 -3.492625
-1.486316 -0.055317
1.692447 0.549045
3.085961 -3.817178
-0.873887 -6.482369
2.214044 2.238403
-8.003632 5.221858
4.355294 0.504432
5.826732 -2.952770
1.327655 -3.960943
-5.501042 -1.025414
-1.870169 3.438828
-0.055043 2.067192
-5.074765 -5.598424
0.219430 0.922615
-4.693396 -3.179446
-0.265430 0.871803
6.009922 -3.381032
-0.639989 -5.366757
-4.001581 -5.036575
0.757686 -0.130908
0.194103 1.192224
2.782994 -2.243788
-1.093602 -2.117931
-2.133802 -7.071758
5.500237 2.196426
-2.780648 5.866057
5.151169 4.340369
1.242617 -3.473837
-3.172919 0.711538
-1.397867 -1.914323
1.521850 -1.021658
6.560551 1.961978
-3.226920 -2.893008
4.369024 0.544341
-1.557824 1.737851
-2.308389 10.426629
-0.292586 4.988897
-0.555469 -5.096222
3.259878 -0.241257
-0.026004 0.437607
-1.910658 5.472102
1.812423 -3.811142
0.831714 -3.833418
0.886964 -0.191577
5.513679 -1.060510
3.350341 2.216617
0.715570 3.172185
-2.313683 -1.117858
-2.526864 4.860014
4.147159 6.851906
-5.785968 7.758333
-2.829552 -6.496521
-2.138063 -5.001865
-0.091761 -1.034364
-2.317793 4.097296
-0.045814 5.717330
0.549240 1.709160
-3.237143 -0.850396
2.312454 -2.780910
3.981759 0.913891
1.014960 7.091292
-3.206924 -2.571106
-0.805645 0.990998
-0.112357 2.095666
2.669416 2.936375
3.874451 4.096057
-1.417390 -2.270022
-2.250810 4.651125
-0.555621 9.376592
-1.448605 6.958479
-3.146816 -3.777094
-0.008011 -5.937656
2.711159 -0.158164
-0.630133 1.924996
3.954046 1.354631
-1.116171 -0.851279
1.689280 1.268140
3.507146 -1.113563
-2.579168 6.381811
-0.293632 1.063803
-4.733391 -1.044663
-0.685689 0.571703
-2.179530 1.026246
2.517928 4.455310
-7.117589 -3.886037
1.619041 -1.769188
-1.202715 1.137151
0.103309 1.421164
-3.064980 9.708874
1.659426 7.154605
-3.552504 -2.686192
4.541477 -6.255283
6.979240 -0.680567
3.568589 3.398916
-4.074877 -0.492794
0.359147 1.377024
3.394730 2.371564
-1.654999 3.800445
-4.816750 -2.353078
-2.555755 -0.989800
3.426382 -4.184098
3.830561 -2.509212
1.148449 1.939709
-2.812443 -1.442241
0.759518 4.647587
-3.599720 0.033131
1.366250 2.853351
5.391194 -4.271033
-0.439837 -0.411585
2.347426 -0.856130
-0.777900 0.720832
6.450347 0.967220
-3.743502 0.318100
1.576187 0.782382
-3.094436 -0.684766
-3.637818 0.493253
5.904601 -0.549881
0.885288 3.834225
-0.811482 -2.949330
-6.226452 2.450826
-0.987245 -3.416795
0.561861 2.262064
0.336452 0.851263
1.108477 -0.108365
-4.532619 2.968750
1.029555 1.309944
5.929780 3.669759
-1.096882 -5.490618
-7.419218 -4.480915
-1.467710 2.429003
-3.124760 0.209716
1.935225 0.947961
3.134850 0.972675
1.255721 -3.274162
0.958979 -0.171870
5.806293 0.797171
3.428090 0.732870
-2.908384 4.255431
0.141218 -5.785364
-0.596944 5.333384
2.247997 -0.909252
-1.053695 -0.469811
0.973096 0.673783
-9.797778 0.795320
0.924110 -1.620916
7.219105 3.064155
1.447360 -4.672310
-4.991088 -5.494799
-0.413372 -0.543153
1.546265 -0.984989
0.901623 1.875309
0.106094 -1.269622
-4.691913 -0.267215
0.718261 -5.154942
-0.140458 -0.272282
7.646524 0.121479
-4.629549 0.655071
-0.779983 5.304300
-2.130609 2.799017
3.186532 5.418180
-0.771559 -3.929836
-1.623502 -2.105897
4.871408 -4.248103
3.647992 1.810866
-7.616581 0.139346
-3.647990 4.609887
-1.807585 0.339258
-0.707501 2.737890
1.943001 -2.233072
-2.303373 2.914649
-3.066207 -5.529144
-0.211476 -1.974416
6.921989 -3.135454
2.300006 1.216121
-1.750132 -6.804982
-2.418556 -2.104594
6.342940 -2.851843
5.684503 3.735921
1.609724 3.617888
0.887621 1.125957
-2.570606 -0.074419
1.887193 -2.465207
-5.347263 1.744718
1.198817 5.809974
-8.157140 0.384584
1.027446 4.132375
1.697949 1.716278
-3.014941 5.316511
-5.847371 0.470691
1.736047 2.490853
-4.062208 -4.528928
7.640991 2.831330
2.795467 2.202008
-0.742307 -1.680418
-0.046145 -5.167780
8.953464 -5.123815
2.466599 0.665778
2.377921 2.118887
-7.607621 1.883221
4.558731 -1.872771
-3.449158 3.370113
5.584591 -0.533951
5.536106 7.332761
-4.857826 -0.527671
-0.060929 0.049776
0.586577 -0.813715
0.393847 2.458264
-6.000843 3.987893
-4.684587 -2.387809
-1.777365 -6.730006
0.011837 5.445566
3.579061 4.795801
1.497741 3.697608
1.403312 -4.414678
1.849918 -1.918438
7.852311 -1.445164
7.209565 0.207486
1.280385 5.594090
-9.690583 0.737862
-2.822478 -0.404138
-2.862311 2.003398
-1.247171 -2.077327
-2.771327 1.660362
-8.632744 0.358317
-5.303632 4.051521
7.288125 6.382230
-0.437439 -2.213437
-5.410192 0.540376
-1.317601 6.360658
2.574465 5.651280
5.565570 0.629308
-1.098444 -1.504047
3.205484 -3.705286
-3.437552 2.221914
-0.516105 1.506838
2.285179 0.529732
3.405974 -2.364525
-5.611229 -3.017163
-0.500004 1.861000
5.294463 -0.198752
-1.232534 1.335466
1.275383 -6.476133
-2.711337 -4.724370
-5.405516 -0.359423
-1.744261 3.081760
5.121722 4.167232
2.573669 0.697988
-3.722040 3.518477
-2.951447 5.782871
4.832165 4.100482
0.564845 -2.337966
-0.446053 1.051697
-4.144711 -4.442881
-3.489049 -0.449359
1.992025 2.742733
2.520003 1.019356
-2.950150 -3.859738
3.916811 1.753789
9.962729 0.473706
3.002285 -1.476647
-0.977049 -1.019117
-3.267522 -1.782288
-1.244455 2.825204
4.936954 0.772148
-0.053229 -2.093650
-0.831134 -4.117407
-3.971546 2.347054
-4.002589 -1.283588
-2.709934 -0.252317
4.277809 -3.333306
-3.966102 0.302266
-0.910723 -7.246160
0.923312 -0.630972
4.337770 0.342715
-3.655242 -7.000291
-1.375116 -0.707472
-4.628558 -5.838538
3.127635 4.789377
5.488984 4.462857
5.837109 -3.559036
-0.968837 -1.427383
-0.584376 -3.289972
-0.740690 6.445203
2.324532 1.267838
-0.712639 0.822118
-1.280029 -3.193299
-4.121014 4.444067
-3.141868 7.222922
3.536672 4.246503
0.651767 -3.588086
-7.666360 -0.576248
-5.211140 7.897446
-0.617293 3.459481
-4.102663 -0.566952
4.226310 -6.138223
4.481365 -8.462304
-1.733588 2.102308
1.123539 7.482285
3.704796 3.860466
-3.455619 0.493474
4.358122 -1.514344
3.713540 4.071530
1.535055 4.316906
1.112241 2.185763
-3.539714 -5.995536
-1.808921 -0.349190
-3.551986 4.908957
-1.046668 5.666966
1.408367 3.774872
1.443022 -2.267498
-4.243608 3.732988
0.490312 7.597269
0.834500 4.001006
-2.814383 0.171926
-0.970017 -0.699796
-1.533406 -8.392364
-0.602154 0.028026
0.828351 3.592474
-1.633398 -1.237448
7.140949 0.898008
1.973291 -0.325709
3.083332 -0.409901
-2.072823 -6.469259
-1.850580 -4.462973
-2.234257 1.130823
-0.618137 5.836270
-1.822310 0.949581
-2.470051 -5.742259
-0.038009 -5.493581
-3.095849 -0.023900
-1.785150 4.421135
5.090817 3.701714
-0.398501 1.793237
-5.717794 -5.129470
1.884049 -6.659162
3.226762 1.706838
2.786082 1.622891
-4.052812 -6.344527
-0.303200 -3.244822
6.801825 0.133449
0.413363 4.790237
3.730493 6.865959
-3.741442 -3.747377
1.581397 -4.273892
-6.237979 0.699889
-1.094554 3.095204
-3.302984 -1.726180
-0.366628 -5.961637
3.403131 -6.081240
-0.231803 8.190283
0.129008 1.974852
-5.457228 3.016950
-3.692204 1.254624
11.702580 2.397430
-1.075038 10.388974
3.895415 6.988948
-2.696214 1.950672
3.856903 -4.334654
6.119268 -0.129711
1.035716 5.178307
0.966506 7.759926
-6.771546 4.164730
-1.531959 0.497417
0.499314 -0.641765
0.618410 -0.171660
-3.024827 -2.660015
-8.484832 3.009598
-1.959629 -5.526858
3.884774 -0.250861
-0.244207 6.095081
-3.061748 6.462202
0.167010 -1.635647
-0.259801 -3.678749
9.831230 1.357959
4.095023 10.104248
3.128090 1.603243
-1.594090 2.671276
6.683577 -6.318288
-3.129728 -1.826267
2.134093 5.153828
-5.505501 -7.435020
-2.886121 -4.779215
2.060670 0.986105
-0.439186 -4.351442
1.225215 -2.352920
-6.757886 1.761962
-2.615670 -0.931609
4.880540 4.829593
-1.715091 0.685021
-2.652887 0.926250
-2.384370 -2.066445
5.705222 -3.312593
1.918660 -2.320508
3.637051 9.218194
3.970873 6.181453
1.153950 4.167720
-0.651401 -2.376661
-1.409460 -3.029332
3.867952 1.055434
-7.075904 -1.815181
-4.707248 -2.124141
-0.786174 0.618932
-2.107236 7.226083
0.352204 -1.931238
-0.509166 -3.333146
-2.941101 0.497350
-0.057916 2.823898
8.265861 2.852830
0.151515 1.751104
1.071072 2.064884
2.585529 -4.963025
6.951268 1.420443
-2.068439 -0.621425
0.436620 -3.607409
-7.919465 -4.762978
-0.162175 3.745739
4.918824 1.237840
-0.536724 -3.202835
1.648665 -1.998657
-3.029701 -3.401722
-2.761032 -5.027894
9.692911 -1.061969
1.111304 2.680649
-0.797741 -1.320373
-2.367699 2.140030
0.048573 -1.957383
4.036736 -3.268954
-0.646757 -3.669744
0.438035 -7.660986
5.137426 -3.639734
-5.044347 -0.997574
4.293298 0.881480
1.364126 -4.264466
-1.456755 -0.111921
-3.458309 -4.145668
1.726137 0.403283
5.494076 -0.587243
1.662383 -2.957885
4.884542 -0.506785
-1.027141 -1.958449
-1.116145 -0.610902
2.311721 -4.943778
-0.267870 -1.230790
-5.013908 -3.195570
-0.213589 0.279051
1.896773 -8.396549
-4.555935 -2.994190
-4.279040 -4.091679
-5.316104 3.725673
-3.375335 3.564901
2.630828 6.401536
-3.983235 -4.484186
1.335085 -3.769920
1.787627 5.438126
6.923543 0.236355
-2.049749 -3.980320
-0.639189 -6.345276
-4.838987 4.317622
-0.557256 -6.375502
1.876912 1.165699
6.140649 -3.396116
-3.801162 -4.422825
-0.844269 -2.760874
-3.259375 0.128097
1.946844 2.158828
-0.789609 0.519913
-0.481790 -1.225019
-7.519289 -4.207504
-1.351500 6.509054
-0.445102 3.719894
2.324917 1.950444
0.006931 -3.020267
-5.887667 -5.190043
-2.301581 -3.823149
7.027149 -0.203950
-0.334279 -2.136382
3.608491 -8.932295
3.523175 -4.502871
0.580852 3.370881
6.400514 0.577492
-5.154505 -1.791454
-0.600630 -4.992107
7.533323 -4.981260
-2.556567 0.267312
3.465193 5.608986
-2.442273 0.738101
-0.751543 1.262123
0.327876 -1.875833
-2.511061 8.458894
-7.225003 -0.402417
-2.874868 -1.251081
0.437464 -0.974685
-1.563667 6.013148
-2.050421 8.573357
0.038107 6.064041
-1.835177 -3.171471
0.230255 -5.525081
0.537144 -3.247153
3.562199 7.016962
1.555763 5.980075
0.083916 -3.333596
3.465118 -4.261614
6.522546 -0.551215
-0.005332 0.361004
-4.268914 -1.867975
-1.795528 -1.964660
-7.034715 2.761527
-1.717630 9.747285
-4.454993 -2.341751
2.086365 -1.113848
-3.313889 -4.087253
-3.258697 5.268412
-1.770325 0.836925
2.604022 6.196784
-3.415139 -2.576107
4.842130 -3.988721
2.188074 4.335524
5.338373 6.430815
-8.628142 0.998247
-2.269606 -0.318521
1.570317 2.939901
6.980619 0.546012
1.933396 0.322971
-0.473477 -1.124180
-1.494198 -5.643719
-2.349931 0.462879
-2.579539 9.657766
0.025691 8.640485
-0.818066 -2.379877
2.933452 -2.476954
-0.641078 -5.482752
1.789039 5.370235
1.150834 4.984530
5.081452 1.558874
-5.361051 -0.604415
6.701776 -3.062976
-1.611508 4.104843
-2.311221 1.512535
-0.309229 -3.156640
3.385376 -2.030284
0.077231 1.590507
3.042644 -0.280681
-7.019148 -1.117965
-5.421655 2.707404
1.017048 -0.659949
1.274140 2.642971
0.182518 3.584519
-1.111829 -3.841865
-9.045163 1.116852
2.752365 -1.647128
5.857845 5.046198
-1.095457 6.223338
-1.876648 5.177183
-0.899901 3.229528
7.249450 -5.168315
1.257542 3.075250
-0.573721 -0.001924
-6.182798 -2.301112
-7.212490 0.058683
5.997596 -5.085404
0.871151 4.465743
-5.978528 -1.669366
-3.391571 1.357245
1.219675 2.394445
2.252491 1.296842
6.555745 4.359407
3.940946 0.908296
3.605087 -2.230618
-2.284559 -2.052015
9.969106 0.997738
1.284900 2.274774
-2.289872 -0.033752
1.570283 -0.369545
0.370087 -4.766377
5.692374 3.880554
-0.110305 -3.042807
-11.999480 -2.236439
-2.121191 0.580214
-0.449415 -0.115019
-0.778481 -0.493809
-2.020505 -2.490606
-3.288741 3.063894
-4.070401 -2.209031
4.680857 -1.023970
6.047040 6.708509
-1.293593 -3.975149
3.040729 3.426789
-3.356100 0.881662
3.983386 -1.680689
-2.113131 -3.076838
-0.159690 -4.240237
-1.445030 -4.913875
1.659738 -2.641164
3.918251 -5.143075
3.156478 0.968091
-2.572215 -3.180257
-8.275867 -3.661885
-1.613796 -1.926978
2.710181 3.005169
-2.504349 2.636043
2.277386 -2.396226
-0.946540 -2.695396
2.768857 2.373239
8.355299 -3.740021
-0.975218 -3.812741
-1.967182 0.684962
0.761648 -1.741057
-1.123295 2.310931
5.571008 -2.829665
-1.686476 -4.544464
1.944781 -6.979443
-0.837182 0.925714
-0.969361 2.909721
2.695463 2.709380
1.478190 -6.325942
-6.052904 -4.666255
-1.883635 -1.367723
5.120882 -3.448029
-0.243032 1.983786
-0.359121 -1.734275
-2.254445 3.897442
1.592055 -0.506339
1.930014 2.329067
6.188936 -0.315791
3.574829 -3.828221
1.579634 4.274022
-5.063126 -1.729258
0.995151 3.850077
5.395538 -4.598293
-3.692099 -7.291525
-4.295746 -2.854768
-2.985523 5.842400
0.532453 5.711361
1.310972 -6.005144
-1.496137 -4.446001
-1.101704 2.657689
0.974934 -4.694914
-2.736413 -3.052643
-4.232545 -2.912804
-1.388060 -1.906465
-1.142703 2.721313
1.749329 -0.647249
2.673519 -1.880608
-1.372757 -7.209624
2.793252 2.973866
0.101224 -0.776893
5.828043 3.644924
-3.119577 0.269135
-0.138598 -7.930041
-0.787482 -4.703833
-1.286939 0.502655
4.333697 4.740819
-2.268649 -1.589162
2.570440 -4.453002
-5.763065 -3.290625
0.570637 2.453646
5.217082 -3.977795
-0.731558 -3.684055
-4.899317 -3.445769
-1.263208 -1.692615
-1.566684 0.409393
2.093847 -5.647304
-2.781332 -5.337850
-0.199393 -7.004733
10.014198 -0.570649
2.497333 5.574575
-0.864191 3.103375
-3.611180 0.304252
-2.411953 0.323412
0.765195 4.983216
6.643065 2.224553
-5.465272 -4.053469
1.688188 -0.890325
-0.616604 -0.669058
1.110035 0.985537
-2.329234 7.996300
2.193156 6.054444
2.162319 -3.743911
4.910378 2.727260
2.465870 3.559509
5.024622 1.251530
-4.488539 -1.826279
-0.560600 -5.277229
-2.176956 3.758394
5.980425 -1.920196
1.498537 4.091618
-2.313157 0.886620
-0.118697 1.271763
-0.893150 -0.306432
-4.158305 10.083622
2.484682 3.266055
-5.828559 -2.106433
-1.384246 -2.324082
2.382946 -2.638363
-2.571446 0.589371
1.475918 3.483353
-1.025452 -0.802823
4.101217 -0.974491
0.312151 6.211276
-0.547396 3.968997
-7.536919 -0.637097
-0.238050 2.198751
-3.875238 1.808356
1.072285 3.412154
-8.033171 0.433632
-0.813357 0.295954
1.271699 -1.070214
-1.558408 -0.829758
-6.118763 8.416402
-0.610032 3.390217
-2.841160 -3.041476
1.762362 -4.555158
3.610838 2.365349
1.908713 2.732831
-0.048606 -1.775772
0.780878 0.237475
2.925039 3.838226
7.440991 -0.901829
1.123461 2.777274
-2.755074 2.552515
-5.991766 1.755779
0.689156 -4.896140
1.058571 1.654382
4.877456 4.577377
-3.917155 -0.529302
-1.454026 -0.873535
-2.062249 -1.378561
4.189232 -2.537962
0.805773 -3.582743
-4.359472 -3.546886
-4.349478 3.737764
2.239107 -1.071302
0.069828 -5.329058
4.324148 -4.438346
0.180259 -3.525893
1.620259 0.829721
4.443984 0.090359
0.537170 -3.350125
-1.898062 -1.546973
-2.310519 -0.743917
3.223468 -1.094900
5.807905 -2.550381
0.778380 3.541324
-0.266372 1.758496
2.321108 2.411166
0.006425 0.700575
4.162595 1.268134
5.238408 -3.339891
-0.873027 -2.894982
-0.216106 -2.875738
-1.809814 2.196940
4.728757 -2.379634
-0.677515 -4.785740
2.929766 -4.222632
-0.619592 -1.936526
-0.823498 2.497424
0.102236 -1.147719
0.266534 -4.280543
-2.797195 4.431551
0.087945 -3.091272
4.450217 0.730349
-2.039567 -1.797715
-1.029968 1.533174
-5.956364 4.958677
-3.150706 0.532544
7.346764 4.969475
1.360174 -2.879969
-6.476480 -2.289712
-1.797612 3.725606
1.012689 2.305835
-1.759909 -1.609653
-1.203813 0.297021
0.851123 -5.711914
-1.185484 -4.535199
2.782128 2.045549
4.518406 0.201195
-3.686433 0.333309
-0.728673 0.184333
3.170013 -2.293175
4.982482 -0.252187
1.797616 -3.043749
-2.897794 -4.668641
-3.538705 0.460294
-7.167576 0.412274
2.837950 1.308283
9.344590 3.693383
4.066624 -2.223273
-2.974811 -3.230375
0.944453 1.377678
4.791890 0.635783
-3.502527 -1.273153
0.157407 1.176330
3.708740 0.906189
-1.858024 5.157483
-3.913662 -5.031813
-1.102665 -5.838517
6.326072 -1.585287
4.047896 7.191221
3.957168 6.065894
1.236178 2.876841
-1.715792 1.432198
1.408109 -2.021811
-2.065948 -6.345104
6.417977 0.487689
-9.613645 1.593299
-3.974888 3.776321
-0.107570 -2.218992
1.848743 5.637339
-6.666310 0.417305
0.024986 3.769587
-4.014013 -3.001687
0.914478 1.427012
7.843211 -1.938266
-0.122747 3.056918
0.107666 -4.210666
0.936308 -3.768488
7.423531 -2.271364
0.098913 3.983121
-0.753789 3.113594
1.071614 2.272728
2.275974 1.270184
-4.305188 1.770858
-0.567078 -3.162407
-6.483291 3.125266
-1.329621 3.366282
-2.447858 2.428297
-2.018316 6.103927
-2.549864 0.974519
2.372901 3.350073
-3.869314 -3.836029
12.493154 -2.024173
1.329661 2.851009
4.536413 1.954267
-1.666388 -2.147922
4.408656 -2.804079
4.824480 -1.918433
5.176566 3.295240
2.897032 3.530916
-4.134693 3.296029
-2.071875 -2.586055
-2.607399 2.664584
4.418749 2.678660
-1.092162 -0.265003
-7.278932 -2.272490
-2.947052 0.797158
1.457129 -0.478606
-0.110745 4.671304
-2.484362 5.142809
-4.957984 -4.008982
-0.459266 -3.482865
0.835658 7.531926
1.162047 6.634605
-1.650679 1.791969
-3.109078 2.231518
-1.425115 -2.774830
3.227772 2.310502
1.904905 -2.510476
-0.487930 -9.812964
3.941094 2.647292
7.045096 2.301200
-3.108786 0.893858
-0.159969 -4.141234
-5.982749 -2.138859
-7.325857 1.758211
-4.463298 5.829328
2.389894 -6.677946
3.926569 -1.148517
-0.746735 1.700792
-5.273712 3.375097
-0.656908 0.255906
3.993171 1.010980
-0.613268 -0.704547
-4.475815 -7.358867
-3.847515 2.913107
1.094427 -2.961785
5.390461 1.580558
-1.068782 -4.983060
-5.009773 -1.420186
2.630773 3.759192
8.219011 0.871831
-0.803317 0.959290
-0.954423 -1.343827
-1.190193 -3.166495
-1.594601 4.399871
7.774375 -5.609847
-3.957642 -4.974650
-1.135243 5.633957
-4.489964 2.931079
2.689921 2.864959
2.623678 -0.678284
3.297188 -2.339030
-2.728227 -3.847715
0.497594 1.192370
4.225227 2.574195
2.959823 -4.775144
-2.498116 -0.579985
-2.883789 -2.849293
3.983616 4.913837
7.221353 3.756619
3.417721 -1.900080
1.579648 -0.719535
-2.617513 -1.763261
-0.796513 5.709747
8.060695 -5.498557
-2.700790 3.565459
-1.549068 -1.659006
-5.390443 3.380481
-5.426056 -2.949093
0.813257 3.136639
2.824340 -5.261284
-1.760028 0.264422
-2.023192 -10.336033
3.508574 2.501251
7.583792 4.633551
-1.979907 -4.804999
1.008432 0.684681
-2.398187 2.978781
-1.187861 1.907608
3.978960 -0.065578
-1.096638 -1.888517
2.124124 -0.855382
6.562404 -0.310234
3.129423 4.863171
1.220072 4.551624
-2.678305 -4.294630
-3.009515 -0.795586
4.327165 -3.152575
-0.795884 8.412167
-0.117033 1.335502
0.637537 -1.965396
-5.623956 0.693676
1.243890 4.678937
3.920332 5.497845
-1.935665 -4.670121
-0.103999 -5.753557
1.276053 -6.696804
-1.777390 1.944280
0.734424 3.706276
3.626466 0.849629
2.806997 -1.491422
6.845610 -6.361720
-0.267584 3.008740
3.911005 4.980532
-5.515354 -4.640731
-0.690917 -2.611977
-0.547079 2.830778
-1.613571 7.040408
3.235858 5.296310
0.012677 -3.255965
-5.188227 0.731682
-4.712851 3.993659
3.939515 6.264075
-4.047683 -5.625591
-2.216837 -3.277005
-0.007722 -9.542597
-0.360311 2.729231
1.773142 3.939673
-3.442637 -5.658165
-1.913148 -1.679697
5.904012 1.423850
-0.635724 -1.188834
4.281416 0.417478
1.260337 -4.884901
0.655684 -0.299686
0.168014 2.936480
-1.638435 3.101442
-4.697863 -5.746811
0.659291 -4.048308
1.949380 -4.177140
-1.195275 3.442205
-0.724760 3.081100
-0.156843 -1.226130
-3.699527 -2.760195
-2.220596 -2.020680
3.138608 -5.963399
4.400201 1.360376
2.795632 2.224841
-2.043673 -5.183984
-4.235555 -1.697349
