-0.504081 2.785968
0.298199 1.647947
2.749133 2.674871
-1.223766 -0.219958
-0.532801 -1.132444
-1.792771 -0.798925
-1.529094 0.545508
-0.180379 -3.950847
-1.930441 -0.996241
-2.425972 -1.590011
0.071327 1.030706
-0.464085 0.265184
1.920420 -0.008585
-0.872083 0.045302
1.360608 0.985281
-0.036494 -1.081811
1.112542 0.301842
0.103745 0.617974
-0.554013 1.553290
-0.734893 -1.399985
0.801197 0.968271
-2.574671 2.526508
-1.416284 -1.494103
0.769412 0.504151
-0.197827 1.447000
-2.017547 0.542491
1.367680 0.764376
0.914077 2.090645
0.864372 3.890250
-1.960568 -3.036157
-1.640956 -0.654114
-0.177971 1.157837
-0.107782 1.389125
-0.772022 0.550009
-0.666065 -0.813062
-1.659380 -0.650134
1.892544 -1.237857
-1.017818 -0.251200
0.011853 1.116133
1.173638 -2.103289
-1.410848 -2.813275
-0.096630 1.217835
0.486345 -1.859343
-0.326994 -0.181634
-0.575292 -0.238993
0.472978 -0.468624
-2.027945 0.583149
-0.537182 1.049170
-0.122429 -0.047343
0.191335 -0.982713
-2.687628 -2.190639
0.030019 -1.035492
0.745846 -1.104043
-0.490200 0.306140
2.291896 1.138804
-2.661709 0.515024
1.350173 0.506066
0.822497 0.241340
1.294205 -2.437476
0.548571 0.021317
-0.381517 1.192261
-0.755916 1.887061
0.808882 0.547931
0.330026 -0.986734
1.056693 -2.413895
1.431142 -0.569442
-0.219529 0.493675
-0.301407 3.398040
-1.661739 -2.534685
3.159396 -1.998997
2.477868 -1.350440
1.040488 1.680148
1.521785 0.766981
-2.033431 1.405532
0.384031 -1.563372
-0.377486 -1.293794
1.306067 0.161722
1.267380 2.723727
1.327564 -0.679106
0.353873 -1.033580
2.936042 0.934727
0.943658 -1.207881
-0.675554 -0.151691
0.183866 -0.706039
1.496070 -0.875769
-1.989033 0.715222
-1.362341 -2.770063
0.838798 0.123322
0.519571 -0.482041
1.698996 -1.493804
-0.414644 0.750662
0.750890 -2.837725
-0.615592 0.962188
0.257273 -0.270385
-1.798224 1.008195
-1.893182 0.851829
0.025623 0.310735
2.952866 -0.045160
-2.019137 -3.694822
0.665937 -0.399878
0.078958 -1.196691
-0.279671 -0.803714
-1.504128 1.477644
-0.139451 0.077380
2.422122 1.158852
-0.236815 1.064960
-1.149363 -0.954452
2.705765 1.482931
1.718378 -1.422596
-0.007665 -0.085470
1.849552 -0.188950
0.085091 1.681343
-2.612032 1.491989
0.361079 -0.851031
-0.292684 -0.584231
-1.227408 0.207402
-0.225883 2.012410
1.193679 -3.267655
-0.073519 -1.563415
-1.657529 -2.197724
-1.652554 -0.007404
-0.952598 -0.487722
0.208440 -0.315270
1.510596 -0.063455
2.389889 1.631504
0.552090 -0.382826
3.513916 -2.216013
0.117858 0.490104
-0.079874 -1.115000
-1.036344 -3.214684
-1.464973 0.378281
-0.922663 -0.830587
-3.393083 1.373707
-1.942707 -0.230473
-0.825549 -0.019271
-0.582966 -0.008241
2.513959 1.610634
-0.355490 -1.373857
-0.759467 -0.355084
0.669529 -0.702271
-0.111528 -0.681025
1.275682 1.037300
-1.151795 -0.338867
2.150522 -0.105694
-1.204690 -0.149522
-1.926950 -0.607864
0.349722 -1.341328
-0.472407 -0.487963
0.566492 -0.414078
-1.945410 -1.781096
-0.321932 -0.295867
-1.473394 -1.565753
-3.183307 0.370558
1.886684 2.169838
-1.503559 0.831356
0.039506 -1.758761
-1.601834 -1.539152
-1.384690 -1.731971
-0.251340 -0.997074
1.898228 2.227574
1.215101 1.466205
0.447269 1.794644
-0.990283 0.656374
-1.597407 1.546897
-1.247815 -1.844052
-0.722096 -1.100494
1.106819 -1.522043
1.447295 0.329603
2.864780 -0.789649
-3.285507 -0.438312
-2.086421 -0.325857
-1.465453 0.273487
1.239590 -0.672497
0.971273 0.752340
1.879981 -1.262284
0.104113 0.965279
0.748076 -0.573889
-0.013500 1.276001
-0.342288 1.540113
-0.958464 1.263065
0.188730 -0.101484
-1.925429 -0.007412
0.748191 -2.022623
0.032243 -0.604703
-0.838977 -1.936437
1.635861 0.404803
1.885427 0.863996
0.075919 -1.554148
0.183113 -0.514697
2.556418 0.537118
-0.215932 -1.227229
0.428513 0.753710
-0.287107 -0.115826
2.293223 -2.968099
-2.059795 2.980019
1.169823 -2.350747
1.448651 -2.489296
1.455003 -1.341310
-1.474931 -0.713445
1.344660 -0.722239
0.670815 -1.066992
-1.618127 1.310602
-0.666198 -0.093249
-1.022693 -0.505497
0.209179 -1.642308
-1.068840 0.775093
1.204474 0.527926
1.082469 0.227238
-2.269276 0.064158
-0.307837 -0.300253
1.642491 2.073734
0.432087 1.731687
-0.663100 0.782214
1.028023 1.506561
-0.371639 2.759515
1.998343 -0.202456
1.095010 0.988274
0.561133 -1.518479
0.124572 -1.311020
-1.314669 1.422257
-1.850060 -1.286348
-0.327952 -0.849684
-0.337925 0.107644
-2.684601 0.986475
1.189347 0.878914
-1.980432 -1.593147
-2.400533 1.267887
0.951273 -1.707251
-1.042537 2.760965
2.495873 -0.766442
3.002897 -0.680443
0.151990 0.283940
-3.083297 1.185121
1.086819 -0.287020
-2.139339 1.088250
2.795019 -1.525396
-1.958745 -1.456306
-3.513212 -0.889343
1.501853 -0.627055
-2.182834 -2.241895
-1.923504 1.367537
-2.014240 0.655534
1.138641 0.113831
0.156545 -1.920577
-0.645926 3.236102
1.930877 -1.232109
1.541228 2.310267
-2.374388 0.352828
0.797883 -1.689871
2.373353 1.508062
1.566364 -0.541483
-1.216035 -1.938809
-3.173069 1.181222
3.398681 -2.415470
1.739007 -0.618723
3.348274 -0.227161
0.842450 -1.223499
0.344087 3.325191
-2.203012 1.844400
-2.342472 1.022052
0.389413 -0.934197
1.697189 0.198548
-0.292151 0.876558
2.211673 0.318588
-0.958626 0.019075
1.501154 0.799572
-2.953585 -0.242203
-1.842110 -2.344698
0.160741 -0.642786
-1.152709 -1.470026
0.230282 -0.611013
-0.525780 1.100151
-0.090866 -0.584647
-0.701715 3.564280
-1.251253 -1.561704
-0.320685 -1.635529
0.148394 0.834085
-1.052818 -1.557012
1.009605 1.909469
-0.761903 -0.677057
-1.079972 1.552155
-2.991643 1.488123
-0.809643 1.246994
0.484628 -2.128976
-1.806215 -1.800129
1.382852 1.084061
0.922098 0.839413
0.412874 0.216377
1.197284 1.051159
1.319593 3.254755
3.030569 -1.635666
2.421829 -0.684032
0.114816 0.918270
2.011966 -3.065391
-1.404789 0.971461
0.311774 1.618535
2.100554 -0.979603
-2.100186 1.318913
1.542225 -1.859337
1.143160 -1.754793
1.407579 0.346951
-0.300578 0.621932
-0.847520 -0.413980
2.810731 2.190145
-1.440415 0.839811
1.214749 0.759332
-1.997670 1.048542
-1.193614 0.852602
-1.016113 -2.943692
-1.534069 -2.880200
-0.172236 0.011210
1.989554 2.010480
-0.875249 1.379863
1.756552 0.703640
-1.147484 -1.063087
-1.274525 0.540015
0.136381 1.918633
0.947370 -1.417072
0.600871 1.358370
-0.593421 1.350648
-1.210274 1.077917
1.148461 -0.678575
-1.984572 0.616116
-0.466289 -1.702641
1.733441 1.664982
3.120626 1.521081
-0.133803 -1.954492
3.090376 -0.540931
-1.702471 0.333200
-2.423560 -1.351750
2.723252 -1.276109
2.021000 0.864490
1.599668 0.552032
0.670922 -0.895191
-0.776167 0.716754
-1.287882 -0.307177
-2.295898 0.212630
1.834830 -1.915080
-0.152614 -0.798793
0.031350 0.710938
2.626343 1.723873
1.202679 0.450657
-1.585212 -0.563134
-0.140730 0.208214
0.267945 1.048333
0.337490 -1.785574
-0.313628 0.442243
-1.390925 -1.965867
-1.846514 1.727432
0.333180 0.033552
1.225838 -2.817529
0.805561 0.635496
-0.484304 -0.024866
-0.161806 0.388962
-0.230663 -0.505003
-0.187726 1.418403
-0.917061 1.179166
-0.237635 -0.177669
-0.525079 -1.282217
-2.098615 -0.791158
1.349996 0.230561
2.449801 -1.081937
1.958386 0.256512
0.232054 0.440031
0.036846 1.218572
1.968499 1.498240
-0.645562 1.599447
-2.616451 -1.396067
0.485153 -1.313485
-0.874217 0.761328
0.443342 0.572845
0.965650 5.006138
1.559155 3.558593
-1.338608 -0.289606
1.861600 0.081583
2.163181 -1.564324
2.165033 -1.645164
1.251788 -1.681056
-1.824242 -1.127613
1.816311 1.006288
1.277681 1.085420
1.393067 -0.451404
0.491669 2.539255
-2.120302 1.130005
-0.436945 -2.412204
-1.250596 -2.150798
0.221700 -0.311552
-0.279642 0.109938
3.618919 1.311298
0.139024 0.098850
-0.677471 -1.643481
-0.743030 -0.997440
-0.129594 -0.400115
0.134906 -0.258017
2.117880 1.544942
1.452350 0.944113
-0.556235 0.966794
-1.029648 -1.136325
-2.143782 1.095018
-1.534951 0.023953
0.034626 1.129235
2.990480 0.837640
0.759677 -2.135063
-2.778521 0.290487
-1.135716 -2.136189
0.500343 1.390797
-0.771385 -0.524014
1.915440 -0.370291
-0.149249 1.006641
-0.476820 1.874265
-0.411937 -1.821564
0.264394 -0.140951
-0.900526 0.012584
-0.418278 -0.125006
0.544482 0.835941
-0.558313 -0.102728
-0.162142 -2.005868
-1.327624 0.311506
0.003820 0.255518
-0.060391 -2.070513
-2.181518 0.391753
-2.181436 0.989250
-2.540815 -0.201440
1.252802 0.868810
0.739289 -1.014871
-1.832029 1.149890
0.004689 -0.035932
-0.557947 1.939039
2.903807 1.097745
0.416762 1.974220
-0.430686 1.243127
-2.641599 0.033058
1.796589 -0.208570
-0.715000 -2.332779
1.486940 2.719576
1.452448 3.817080
0.516626 2.001530
-2.848104 -0.282874
-0.803940 -0.777073
-0.981993 -2.068917
-0.352634 -0.467361
-1.944273 -0.289734
-1.506053 2.029041
0.265087 0.273804
-0.749994 -0.793117
1.188264 -0.151675
0.097647 -1.944806
0.656154 0.579945
-0.970513 1.110267
0.019906 -1.657730
0.283661 -1.256394
-2.459905 -0.301577
2.284470 2.273142
1.789095 -2.376863
0.595522 -0.715828
-1.320002 -1.570402
-2.320592 -1.118197
1.628047 0.864609
-1.419596 0.092114
0.705197 -0.653873
-0.569613 2.948918
-1.038804 -0.987918
-1.855004 -0.906628
-1.453629 1.862658
-0.900806 -1.135505
-1.446663 -1.403748
2.507867 -0.645809
2.061628 3.128769
-0.120783 -0.210082
-0.137814 1.658504
0.444460 -0.557533
-0.590855 -1.212769
0.071772 -0.225991
1.360167 -2.914700
0.122836 1.336702
-2.597544 1.445625
0.004709 0.187075
1.163100 -0.156681
-0.589006 -0.245753
-1.879679 1.478802
-0.086761 -0.181219
1.427973 -1.372619
-0.288928 0.378681
-1.993714 -0.744561
0.890540 0.237479
-1.387304 -0.135673
0.790752 -1.148336
-0.897653 0.744931
-0.059312 -2.563098
1.432678 0.964973
1.785780 2.137509
2.051313 -0.397773
-0.931526 -0.048185
-0.158569 2.773643
0.607546 0.711721
-0.149546 -1.329631
1.831109 -0.729241
-2.013625 -1.175457
-0.798752 -2.083670
0.516739 -0.088329
0.781578 -0.682833
1.798308 -1.094490
1.081655 0.080956
1.347052 1.152806
0.018985 -0.286709
-0.648415 -1.559157
-1.116117 0.663724
1.072099 -1.544634
-2.253468 1.769812
1.013365 2.040234
-2.447654 0.707033
0.567138 -3.152303
-1.659557 -1.121368
0.094021 -1.641342
1.199445 -1.696364
0.349441 0.358086
-1.658894 -1.034321
-1.144580 0.506306
-2.060491 0.613988
-1.209376 -0.754560
0.877239 -1.149993
-1.535950 0.827670
-1.509084 -0.290348
0.432010 1.060353
-0.935313 -0.985348
0.407469 -0.357004
-0.787518 0.650138
-1.001599 -3.131703
-1.729384 -1.624085
-0.154120 -0.495513
-2.707434 -0.879475
0.171024 1.806357
0.807810 1.015187
0.965209 0.117654
0.865819 -0.760507
0.325217 0.966757
-1.147054 0.282902
-0.774187 1.553678
0.898442 -0.579645
-1.983065 2.225579
1.253281 1.670574
0.689911 -2.341951
-0.924184 0.723253
0.556664 0.028988
0.970408 -1.013960
1.908257 1.394141
-1.936915 -2.097638
0.946383 -0.319815
0.078275 1.386552
0.230357 0.465225
-2.402323 -0.117167
0.125043 -0.972265
2.495030 0.373726
0.968320 -0.047041
-0.363786 0.984694
-1.435794 0.512304
0.162464 2.832239
-1.956410 0.729820
-1.332831 -1.118441
0.690704 1.048103
-0.270838 -1.373546
2.484763 -1.677312
-0.125913 -2.528407
-1.434280 -0.613405
-1.783152 -0.829451
-1.192101 -0.865027
-1.517577 2.083765
-0.331606 0.452282
1.393486 -1.614483
0.365475 -0.272305
1.954046 -2.082078
1.423823 2.690013
2.258601 2.445123
-0.413048 -2.090100
0.498217 0.475485
-0.500492 -1.033353
1.112664 1.243548
1.083693 -2.347339
2.486625 -2.593489
1.765518 -0.740025
1.400429 -1.492543
-1.550897 -0.050297
1.436898 2.602967
-2.061065 0.318142
0.378811 0.518169
2.743464 0.556423
-2.070805 0.636858
0.580453 2.254797
0.381839 1.624484
0.714148 0.181530
0.982780 -0.180665
0.194951 0.048468
0.840119 -1.238465
-1.997037 1.181607
-0.794089 1.698226
-2.221253 -0.126769
0.570989 -1.982357
-1.049722 -2.628880
1.053672 0.392804
0.680342 0.282553
-0.278982 -2.431823
1.593980 0.384750
1.637456 0.608778
0.051215 -0.381176
1.676167 0.796881
0.483254 -0.000713
2.218233 -0.264142
0.988583 0.036107
0.431725 -0.246817
-1.385084 -0.907221
-0.864651 1.567675
-2.158982 1.111021
1.735139 -1.790401
0.762330 -0.805725
0.540527 -0.097789
-0.367173 2.444824
-0.384584 -1.086798
1.424946 0.280626
-4.008802 -1.625783
-2.785555 2.444431
-0.149789 -2.415555
-0.124307 0.225106
-0.900049 0.448861
0.123106 -0.550750
1.858065 2.052916
-1.204774 -2.853270
0.499720 0.955705
-1.563024 -3.849016
1.220434 0.305432
-0.082112 -1.592970
0.401393 1.294327
-0.463168 3.324834
-2.817329 1.034885
-1.438866 -1.636988
-0.234997 -0.484098
1.310850 3.206436
-0.015591 -0.724514
1.447988 1.371102
-2.003654 2.161805
-3.778062 -1.744433
1.743937 1.279390
0.645838 0.914998
0.278848 -0.768949
2.999047 -0.948442
0.280215 -1.298981
-1.714785 -0.548556
0.037435 -2.102981
-1.286879 0.837686
2.674290 0.309794
-0.979519 0.180124
0.011254 0.053654
0.243010 0.057580
-0.325470 -0.773715
-2.282299 -0.274826
2.341469 -1.026891
-1.491378 -0.395499
-1.135065 0.341547
1.334788 -2.015810
0.773184 -0.988396
-1.322446 1.074383
0.031398 -2.722606
-1.124754 3.451836
-0.544014 -0.233856
-1.715612 0.413058
-0.570508 -0.455670
0.557318 0.606448
-0.388374 2.354288
-2.063436 -2.358618
2.302116 4.343085
1.916750 -1.046536
0.498208 -1.064147
1.357397 0.686936
0.051165 1.389142
0.893765 -0.940908
-0.807028 -1.085243
-2.080951 -1.250244
0.896067 1.517321
0.083014 -0.760686
1.222965 -2.360714
-1.061926 -1.199625
-1.196389 1.013599
-1.460989 0.832063
0.369051 1.501975
0.847252 -0.088719
1.417406 -0.471485
0.151424 -1.198651
0.096088 1.609678
-2.260562 0.380877
-0.577801 0.891748
-1.192012 -0.377608
2.264157 1.913375
0.234859 -1.285804
0.340456 2.778286
0.654437 2.242275
0.717524 -1.365749
0.842857 1.736120
-0.865716 -0.458088
-0.386961 1.295671
-0.322130 -2.193571
2.294107 -1.092382
-1.808482 1.009460
0.780581 3.036124
0.052706 -0.875624
-1.719650 0.668989
1.099352 -1.973673
-2.172008 -0.977842
0.341104 -2.501169
0.835851 0.111287
-3.078741 0.988892
-0.524752 -1.717925
1.323636 -2.058119
1.255573 0.871432
0.389502 -1.450581
-0.521090 -1.838187
-0.207471 0.118589
1.312693 0.987172
2.357286 1.058231
0.970636 1.033874
-0.485666 -0.070068
-1.446672 3.062089
1.255380 0.971360
0.279374 -0.583563
0.488880 -0.416465
-1.327444 1.572848
-1.311780 0.206686
0.415967 -1.329102
-0.486743 -3.934719
-1.770108 1.323913
1.764132 -2.137581
-0.226978 -0.576259
1.870857 0.588007
0.185885 2.281548
0.321257 2.908407
0.465975 -1.514072
-0.799631 0.141824
2.041187 1.650838
-1.899028 -0.452525
-0.278219 2.329116
0.881061 1.651147
-1.148408 0.905146
-2.796299 -2.109491
-0.463744 2.084319
0.880335 -0.318494
0.243196 -1.205064
1.226265 0.401178
2.731815 0.809936
-0.252475 3.147530
0.084870 0.541503
-1.735775 -0.351767
-0.276028 0.025180
2.558338 -0.826313
1.422752 -1.426461
2.143347 0.345685
0.799500 1.211122
-0.647165 -1.517368
0.768569 -1.102314
-1.074781 -0.495853
-1.560126 0.417940
0.265367 0.463340
-0.698626 1.114272
0.931846 -0.506579
0.921361 -0.188176
0.591721 1.431858
-1.167285 -0.325559
-0.926086 -1.314997
3.004394 0.525828
0.197445 0.247786
-1.979755 -0.503540
0.094169 -2.366772
-0.330561 -0.017165
1.158866 0.316314
0.560975 0.213935
-1.730174 2.274699
1.384809 -1.573820
-0.824402 -1.475400
2.488901 0.578808
0.448476 0.120526
-1.245993 1.448361
0.560956 1.551875
0.661426 -1.270836
-1.716978 0.104133
0.889763 1.287909
-3.340869 2.288235
-0.244453 1.586141
3.299143 0.172117
1.020987 0.079715
0.496631 1.524014
-0.371718 0.915811
-1.217333 -3.151567
-1.682089 -0.208928
-1.319861 1.690957
0.047174 -0.457874
1.592034 0.710868
0.715914 -0.094948
-2.544726 -0.017984
-1.146595 0.983023
1.358850 0.038287
-0.809842 0.248231
0.770512 -0.365849
-0.391510 1.977243
-0.614941 -0.715372
0.767918 -1.192656
2.333779 -0.618005
1.794205 2.460053
1.646815 -0.297931
0.866212 -1.047058
-0.335373 0.099254
-0.099708 -1.319957
-0.243687 1.810262
-0.361022 -1.964006
0.530420 -0.624686
-1.086822 -1.406155
1.704026 0.991019
1.445618 1.396404
0.504202 -1.546121
1.229862 0.225322
2.222364 0.861740
-2.512664 -1.264382
-2.449009 -2.676009
3.062385 1.371029
-0.331666 -2.120519
-0.656734 1.368321
-1.631178 0.807914
1.219755 -0.224445
0.364867 0.116864
-0.780332 1.331347
2.427575 1.315820
0.445601 -0.363090
0.042312 -0.302251
-1.742994 -0.500121
-2.870276 -0.450357
-0.279255 0.626028
1.140424 0.328762
0.398226 1.329009
0.641128 0.339258
-2.455770 -1.213893
3.659311 -2.796973
0.212228 0.500646
-3.283125 -3.090286
-0.403944 -0.669684
-0.820360 0.684929
0.425062 0.318202
-1.155514 -0.310114
2.944898 -0.707143
-0.517026 -0.911936
0.385524 0.164941
1.040859 2.449205
-0.511787 2.035127
3.250448 0.481839
0.574091 0.148740
-1.277847 -0.826033
-1.968740 -0.474827
0.152333 2.097333
0.169287 1.216380
-1.530468 -2.224351
1.142199 -1.034365
-2.456407 -0.156999
-1.535913 1.909334
0.613620 -1.971588
-0.248904 0.103967
-0.863511 1.787940
-0.973762 -0.671988
0.583229 -1.379387
2.489035 0.303361
-1.233178 2.095783
-3.410249 -0.715476
0.670607 -0.741826
0.851622 0.608739
1.988442 0.976572
-0.664178 1.475413
1.857972 -0.645247
-1.372402 1.423680
-0.991752 -1.746810
-0.861337 1.291206
1.016333 0.545589
1.854718 -0.611045
-2.459617 -0.516922
1.243739 0.187151
1.275029 -1.827143
-0.497872 -2.914578
0.892991 1.718598
-1.364415 0.754484
-2.584137 -1.576988
1.255556 -1.692521
1.308577 1.338239
-1.562510 -0.115305
-0.769594 0.736674
0.153169 1.001171
0.768872 -0.260054
1.080385 0.434005
1.830963 -1.109808
-1.246877 0.899526
-0.684463 -2.062748
0.645292 1.483854
0.003043 -0.768815
2.876900 0.103067
-0.724854 0.168711
-0.376885 2.906744
-1.127604 -0.093797
-0.863656 -0.953744
-1.868922 1.753873
-1.566957 0.688387
0.205497 1.914452
-0.884051 2.258716
1.880521 0.728194
0.378615 0.141226
2.506666 -0.153380
0.806261 2.256892
-0.430000 -0.174354
-0.180865 -1.442496
1.326184 -2.173591
-3.780617 -2.920309
0.300203 -2.512633
0.320975 0.740437
-0.524217 2.383253
0.239807 -1.333909
1.534033 -2.929094
0.060307 0.861355
-3.111279 2.276231
1.720124 -0.847463
1.177304 -0.932537
1.753454 -0.047622
1.420051 2.698155
1.596434 0.697332
-1.665252 0.080203
0.233640 0.419398
2.000264 1.443505
-2.926592 -1.525480
1.811335 1.314440
2.040645 -0.852980
1.126211 0.933982
2.279223 0.982806
-0.964247 0.000397
1.056096 0.507727
-0.237267 1.137359
-0.263481 1.921194
0.760225 0.644005
1.520972 -1.287001
-1.053957 2.528501
-0.393023 1.894536
-1.039175 -0.091162
-1.616685 -3.259533
1.991101 0.589604
-0.562407 2.161639
1.175447 -0.475666
0.987314 0.489482
2.373239 -0.579949
0.036871 -1.425669
0.158069 -0.570905
-1.155704 2.342605
-1.015062 -1.888534
0.258986 0.549621
0.520314 -0.362397
1.651079 1.916036
1.084342 2.244084
-0.461248 0.745513
-0.460763 0.556332
-0.754193 -2.177829
0.702699 -1.711905
0.899526 0.593872
-1.148032 -0.989244
-1.642865 -1.154993
3.654190 -2.549276
2.874615 -2.185337
2.440792 -1.481217
0.077118 -0.308482
-1.493939 -0.358108
0.791223 0.287794
3.652858 0.347713
-0.894818 -2.614164
-0.178569 0.245213
-2.312943 1.915421
-2.168423 0.466246
0.503134 -0.604010
0.693597 -0.484393
-0.196400 -1.942973
2.899356 2.466155
3.188777 -0.247152
0.862379 -1.631012
-0.780420 1.760906
0.884779 -0.485963
-2.262194 1.839738
-0.085217 -1.582326
1.243861 -0.711401
-0.087747 -0.592659
-0.208287 -1.282863
0.406626 -1.782646
-1.320769 0.230859
-2.092464 -0.140763
-0.716025 -1.095569
0.190488 0.399473
-1.414690 -0.094705
2.267668 0.193782
-1.020857 0.735234
2.739851 -1.331690
-0.809322 -1.216900
-3.572257 -0.186072
-1.075708 -2.467491
-0.849633 2.447172
-1.771197 1.967972
-0.563103 -1.277904
0.761204 -0.071205
2.343326 1.594090
1.039557 -0.180944
0.265705 0.998237
0.561575 -1.273777
2.479435 1.539457
0.158659 -0.868634
-0.936204 2.186921
-0.186882 -1.246238
0.090967 -2.057188
0.401257 0.707287
-0.569196 -1.008383
1.356218 -0.356215
2.330292 -1.405463
0.585186 1.471198
1.107969 2.653585
-1.515143 3.046906
-0.771151 0.582472
0.751927 -0.227473
2.859993 -0.761721
0.602286 -2.497869
1.920498 -0.178329
0.872147 -0.833980
1.775390 -1.836740
0.957344 3.810657
-0.092484 -2.087993
-0.104027 -0.152200
0.140842 0.868450
-1.427945 0.397143
-0.586924 -0.679086
-1.647023 -1.011980
-1.970605 -0.491050
1.603214 -1.637799
1.351414 -1.558151
1.538118 1.298799
0.092049 0.624487
1.841510 -1.022047
0.054599 1.198845
-1.213251 -0.171057
0.694070 1.094596
1.573181 1.531415
1.631209 -2.032951
-0.374182 -2.622554
-0.474452 2.063986
1.393357 1.619515
0.791968 -0.611249
-1.303634 1.613635
-0.515157 0.697691
-1.509146 -0.484544
-0.772440 -0.533624
-0.914429 0.365308
1.710515 -0.657596
-0.149003 -0.863270
-0.454650 -1.771829
0.368768 -0.949890
-0.773490 0.665918
0.311756 1.529569
-0.585385 -1.476696
-4.036897 -2.000995
1.790900 0.122124
1.076016 1.368237
-0.252109 1.114602
0.925907 2.878666
0.095538 -0.361892
-1.789180 -0.261206
-2.227116 -1.267235
0.156231 -1.447451
1.177591 2.760020
1.174945 0.452780
0.996969 -1.015858
0.923799 -0.566668
-0.083249 0.620609
1.390903 -0.740903
0.552961 -0.321057
-0.324561 1.244741
0.912477 2.292192
1.393490 2.396405
1.416179 2.356069
0.604433 -1.394926
-0.510890 2.071911
2.425692 1.213761
1.766594 -2.026344
-0.890150 -1.325168
1.661822 0.114768
-0.249824 -0.631607
-3.427162 2.643303
-0.891318 0.056113
0.270319 -0.186268
-0.162386 2.223217
1.421062 -1.647584
3.299966 -0.018072
-2.129528 2.805363
0.687353 -1.484701
-0.292333 1.771119
2.282561 -0.679736
0.369769 -0.227983
0.183187 1.669793
2.817915 -0.000642
-0.916573 1.332917
0.878474 1.791849
2.092519 -0.820984
-0.147995 -0.924550
-1.435061 -0.697795
0.874045 -2.907144
-2.292436 1.269739
-1.392431 -1.611737
1.647983 -0.994548
1.485077 0.361412
-0.270375 0.310837
-0.221467 -0.488387
2.540498 -3.129614
0.041276 0.652838
-0.773319 -0.248405
0.900254 -0.505436
1.293209 -0.500112
1.472384 -1.979669
-3.136530 -0.770374
0.327535 -1.590963
1.080237 -0.382774
0.063039 -1.479955
-2.398218 -0.629248
-0.488237 0.621321
0.135935 -1.774122
0.909565 0.403341
-0.449123 1.501546
0.305434 -0.417580
1.186921 0.140835
-0.572789 1.230124
0.610639 0.171780
-2.553474 -1.417982
-0.251291 -0.366286
-0.488407 -1.865799
1.679408 2.220763
-0.768959 1.025944
-0.831177 -0.748491
0.099790 0.817917
-0.018983 -1.451619
-2.366550 1.052419
-0.236300 0.024919
-0.308436 -2.141529
0.105740 -1.123584
0.790974 -0.633123
-0.070148 1.145259
0.108673 1.063215
-1.129601 -1.425837
1.019682 -1.801947
-0.306096 -0.776888
0.195531 2.964817
0.137183 0.580601
-0.057583 0.030938
2.450906 -1.569815
1.091931 -1.714139
-1.019779 -2.355724
0.019310 -1.174889
0.533179 -1.755710
-2.615879 -1.706477
0.860503 1.652032
0.446184 -1.825936
-1.082208 -3.421687
-1.200133 -1.455449
0.291799 0.438289
1.603426 0.471269
1.495943 -0.947940
2.416709 -0.381383
0.357697 -0.914226
-1.224573 0.357469
0.122142 -0.341796
2.782449 -0.187184
-3.059174 1.650373
2.453617 -0.806940
0.213369 -3.285996
-0.372393 0.568794
-0.107010 -0.534045
0.534233 1.352685
-0.133305 -0.538376
-1.012993 2.037676
0.179389 -0.197788
0.198283 -2.392118
-0.729011 -1.318146
-2.345555 -0.486909
-0.140502 -1.446108
0.235117 -1.239653
-0.819257 0.125064
-0.675983 0.169068
1.523793 -1.712783
-0.899622 1.428633
0.863496 0.932277
0.441537 0.657493
1.257210 -1.792278
-2.873635 2.344989
0.793327 1.686452
-0.715544 0.822439
-1.711829 2.843411
-2.202673 -1.618109
-0.355287 -1.166891
0.602729 -1.821497
1.997262 -0.881711
-2.478812 0.614624
1.127995 -0.923257
-0.638450 -1.736373
-1.066635 3.033350
1.978731 -1.122120
-0.865147 -0.532491
0.294675 -1.415467
-0.339196 -2.170672
-1.014229 -2.065624
0.582692 -0.906644
-2.048791 -0.609141
-1.035641 -0.535776
-1.919084 -0.551522
-0.776303 -0.532335
-2.778267 0.493852
-0.977784 1.788762
0.091370 0.771885
-1.525952 -0.713891
0.320680 -0.173856
0.244870 2.029746
-0.601606 0.388875
-1.670850 -1.326015
0.676277 -0.000679
-0.879788 -2.738376
0.376113 1.895386
-2.007920 -2.083102
-2.142273 -1.963481
0.639325 -1.491197
2.686524 0.983779
-0.821495 0.026418
0.564285 0.066662
-3.209027 -2.042283
0.683219 -0.893965
-0.338872 0.875941
1.011652 -1.673565
0.351060 -0.440787
-1.034597 -0.311870
1.387646 -1.656925
-0.572699 0.640848
2.036370 -0.505505
1.157815 1.231616
-3.145553 -0.846441
-0.022990 2.110125
1.220752 1.942647
0.075069 -0.467528
-0.031526 0.048895
1.191606 -1.702907
0.236251 1.949216
1.775093 -0.673912
-0.157680 1.082937
-0.598024 2.259702
0.531521 1.805356
1.315946 1.937762
-0.508685 0.244605
0.915266 1.865174
-1.930512 2.862741
0.143955 1.084298
-1.708288 -1.101993
0.890170 -0.474256
-0.497669 2.121325
2.365858 2.467033
-0.266926 2.079255
0.215930 -2.166897
-0.165580 -1.404996
1.782900 -1.602389
0.670735 -0.004608
-0.070766 -1.289779
0.059261 0.106282
2.352911 -1.061536
0.182244 -1.425354
3.015264 -2.654236
-2.849299 -0.195050
-1.104430 -0.528299
1.256173 0.435350
1.778727 0.363949
-1.450980 -0.438756
-1.764287 -1.909843
0.249312 0.411231
0.721318 1.557277
2.153677 -0.212551
1.640178 -1.802391
1.357602 1.056485
-0.471573 -2.159084
0.435325 0.988971
-0.103840 -1.047124
0.655642 -0.083515
-1.927205 -1.664727
-0.787825 -0.487467
-0.567701 -0.018679
1.788599 1.075040
-0.243594 1.571505
-0.648049 -0.769271
0.641846 0.096332
-0.588772 2.233386
-0.970980 -1.829711
2.205753 1.898445
-1.061427 1.279016
0.452759 -0.513636
-1.733824 0.015483
-1.067306 -2.889879
2.698856 -1.090229
0.393320 -1.323265
1.920209 0.710872
1.101613 0.976119
0.638604 -0.861401
-1.579319 0.510549
-1.359693 -1.501635
-3.080257 -0.846472
-0.284548 -1.547441
1.093284 3.899641
0.238174 -0.775595
0.336278 0.891219
-2.561316 0.923760
-0.931028 1.460836
-0.299104 1.668512
-0.138166 -0.820785
0.548961 0.614053
-3.901121 -0.016941
-0.065796 -1.825658
0.725414 0.410709
-1.140220 0.864250
0.089107 -0.736956
2.643083 -1.880138
-0.680763 -0.489389
-0.548954 0.784670
-0.712676 -0.346506
-0.561120 -2.027064
-0.185374 1.075510
0.049787 0.338996
0.733169 -2.229809
-0.001514 -2.558789
-0.471042 0.764325
1.025168 2.111458
-0.419566 -0.277309
2.626846 -0.186334
-1.657567 -0.312450
-1.152985 0.822559
1.393532 0.812753
-0.410943 -0.915677
1.842031 1.481459
-0.901462 0.394032
1.512923 2.035506
0.838934 1.949769
-1.226741 -1.062572
1.206233 2.586321
-0.081170 -0.694101
-1.740641 1.105550
-0.362366 0.283538
-1.432197 -2.654173
0.760602 -0.956127
1.003906 0.296833
-0.058608 -0.875696
-1.602107 -1.060502
-1.193147 0.239798
-0.632194 0.416498
-0.409192 -0.637644
1.150335 2.252150
0.780625 2.284727
-0.732801 0.471625
-2.706129 0.862353
0.287938 0.642735
0.297772 -0.108741
2.347411 -1.517431
2.682052 -1.720786
-1.618535 -0.476938
1.421798 -1.111593
-2.101883 -2.158268
1.819973 -1.996930
-3.535941 -0.176691
-1.409176 -0.189529
-1.487392 -0.914722
0.304027 -0.247316
-0.194147 0.047860
1.827551 -1.555811
0.520065 -1.257865
0.544268 2.861019
-1.409118 1.403683
3.079833 0.010441
0.702477 0.968970
-0.245147 -0.566301
-0.703089 -2.111114
0.871824 0.195981
1.643239 -2.657232
-1.783093 2.183443
-1.618060 -1.252951
-1.711281 -0.580333
-0.524354 1.199904
-0.709199 2.179309
-1.220673 -1.848681
-0.705591 0.039195
1.466692 -3.036850
0.064143 -1.105084
-0.662179 -2.002693
-1.677813 0.429909
-0.683714 -1.672898
2.405462 1.545317
-2.657734 2.323574
-0.842527 -0.509848
-0.872784 -0.992355
0.180955 -0.760598
0.837931 -2.202575
-1.495257 0.796545
-0.696390 1.534245
-1.841069 0.920276
-2.142644 -1.115844
1.136098 -0.229040
-1.245039 -0.857152
2.946106 -0.409004
-0.600473 -0.732380
-0.226861 -2.697415
-0.152478 3.146878
-0.523388 -0.027276
-1.035991 -0.998517
-0.638560 -2.218606
0.295120 -0.209398
-2.129092 0.775575
-1.487749 -0.734952
3.116510 -2.329823
-0.242153 1.784566
2.991378 0.498562
-1.076026 1.896147
-1.086377 1.906442
0.926648 0.508737
1.463040 0.770889
1.983912 1.692044
-0.383604 -0.651433
2.390572 -0.611092
0.886853 0.425353
-1.682793 0.215783
2.674105 0.708298
-2.808340 -0.626870
2.775363 -2.914574
1.783078 -0.571950
1.889031 0.783668
-1.185367 0.201546
1.658109 -2.621213
2.320322 1.756170
1.877659 1.228615
0.342642 -0.567439
-1.085396 1.285970
0.417421 0.304298
-0.331339 1.738150
0.842633 -0.983936
-0.494227 -1.208132
1.898179 0.596541
0.933469 0.209392
-0.082924 1.925918
-0.061822 1.321959
-1.389706 3.548473
-2.131703 0.465265
0.259852 -1.983708
-0.481512 -1.245654
1.872131 -0.694676
-0.043607 -1.199362
-1.390605 -1.131491
-2.247144 -0.524252
0.597212 0.516738
-1.499478 -0.855900
-3.525131 1.785958
2.503215 1.691659
0.532610 0.671703
1.465092 -0.189908
0.936615 -1.854347
2.543962 0.179296
-1.706754 -2.442978
0.332940 -0.504304
-0.738816 -0.631781
-0.266968 -0.228553
-0.445876 0.229960
3.705726 -0.419636
-0.582132 -1.299479
-0.270133 -1.367400
0.730961 -3.079611
-0.555483 0.282434
0.701794 1.275522
-1.236625 -1.504615
0.000377 1.498600
-3.062310 -0.961160
0.802553 2.621212
0.591876 0.019312
0.896821 2.312023
-1.222883 0.335449
1.980014 -1.223711
-0.434820 -1.053796
0.564200 2.849471
-2.460743 0.838873
1.793688 -0.151211
-0.616141 0.565887
-0.420042 -0.246185
0.217787 -0.927735
2.426852 -3.868323
0.473979 -1.523712
-1.739561 -0.331660
3.423020 3.088470
0.967621 1.832492
-0.801162 1.924170
-1.002082 -1.483219
-0.680962 0.133884
-0.161711 0.013557
2.002123 2.151482
1.212518 0.817851
0.860789 -1.023460
-1.544360 -0.820499
0.398542 -0.628278
-0.665686 -1.690209
-0.645661 -1.596266
1.505809 2.605520
2.560386 -2.868350
-2.430445 0.466650
-0.226964 0.298042
-1.347709 0.017585
-1.335626 -1.799116
-0.557098 -1.207207
-2.263106 -0.893577
0.981958 1.770620
2.056480 1.711314
-0.801957 -1.418386
-0.205637 -2.341349
-1.914290 -1.613651
0.443257 1.104198
-0.470221 0.708718
0.222888 2.927340
0.055941 0.954646
-0.386185 -0.854809
2.672554 -0.470778
2.365565 -0.533643
2.890292 -0.652876
-1.115649 -2.083944
-0.871046 -1.355933
0.855224 -2.211745
-0.003807 0.096525
1.484576 2.094807
0.784169 -0.531947
-2.071553 0.110113
-0.790043 0.903918
-2.089230 -1.029589
0.201229 -0.698089
-2.211982 -1.377716
0.399553 2.015913
-1.313965 -1.851028
-1.563679 -0.659894
-0.631799 0.692883
2.751143 -0.622426
0.367135 -1.460159
3.329234 1.407970
-0.244706 -0.365444
1.495184 0.556268
-0.528964 -0.891401
-0.425700 1.403347
-2.256874 1.914511
-0.585555 -0.565136
-1.078957 -0.041068
-0.578511 2.496053
-0.519225 -0.293454
-0.954683 -2.022349
1.342414 -1.288980
-0.408013 -0.527600
-0.539297 1.118577
0.299968 0.312099
1.873331 -1.810055
0.806770 -1.529751
-1.720709 -0.381443
1.255714 -0.475598
-0.263538 1.705669
2.259374 -0.478777
-1.957931 1.075922
-3.896848 1.453707
-0.709989 -0.210290
-1.049509 -1.206700
-2.091185 -0.291658
2.265942 2.067368
-0.085505 0.154153
-0.892749 -0.893697
-0.377401 2.068273
0.625429 -0.348340
-1.769830 -0.762323
-1.605498 -2.720945
-0.463234 1.320037
-0.270186 -0.390784
-0.435566 1.177554
0.349210 -1.243559
-0.313682 -1.130100
0.461923 -0.774592
-0.466288 -1.842604
-1.578555 1.627290
-0.602283 -2.320346
0.541857 -0.187729
0.964493 0.690319
1.051374 2.241802
-0.285435 -2.696867
0.478018 0.480128
1.423799 -0.162748
-0.880531 0.034877
-1.581449 -0.468187
0.141850 3.000301
0.711970 0.540087
-1.867381 -2.436441
0.099433 0.327521
0.667856 0.946715
-2.155201 0.411926
0.437486 0.430057
0.120451 0.836586
-1.338746 -1.748879
-2.373879 -0.680979
0.589756 2.081145
-0.256078 -2.302294
1.750431 0.522129
0.779730 0.356361
0.986398 -0.917708
0.935384 -0.367087
-0.417249 1.452898
-0.040277 -1.970633
0.148412 0.749611
-0.173961 -0.681483
-2.781311 -2.899556
0.850410 -2.374170
1.343110 -2.137119
-0.887382 -0.467095
0.725569 -1.492607
-0.908259 2.726912
1.299037 0.244257
1.662503 -0.668134
-0.588907 -0.416755
1.813631 -1.736129
1.602865 -0.327665
0.259424 0.219856
1.008690 2.707447
1.985816 0.351363
-1.051887 0.587860
2.557573 0.576820
0.063105 -0.790250
-0.172599 3.453234
-0.411331 0.412435
-0.339034 0.257894
0.880749 2.217494
0.175826 -2.333481
0.541677 0.304204
-2.604981 1.422508
-2.086634 -2.052141
2.107926 -1.377808
-2.145737 -0.532809
1.360050 1.421352
1.015173 -1.340190
0.834130 1.382253
-0.592936 -2.032329
0.114256 1.254351
0.549552 -2.261899
0.392533 -0.399689
-0.295393 1.549744
0.851958 -2.515311
-0.656819 -0.601647
-0.672293 -0.367864
-1.178157 -0.742254
0.036101 2.453462
-0.119404 3.136231
-1.781374 -1.029422
-1.594987 -2.218438
-0.025541 -0.474131
-1.691650 -0.511073
0.760770 -0.341760
-0.813545 -2.517991
1.800163 0.880181
-0.423787 -2.085579
-1.903437 -0.266035
-0.741289 -0.629287
-3.155640 0.318722
0.904585 0.450173
-1.471954 1.684003
-1.359458 -0.478384
0.016582 0.303850
-0.203490 0.736215
0.220130 1.996647
-1.730487 0.624992
-1.261117 1.009199
1.233834 1.103344
1.437277 1.052499
2.077090 -3.177886
1.827252 -0.234518
-1.932332 1.302422
0.577055 -0.471679
0.773957 -1.115032
1.329190 0.141445
-0.523605 0.842636
-2.744858 -0.648377
1.738788 -1.521003
-1.443322 -1.076731
1.308627 -0.172294
0.064573 1.671363
1.882057 -2.039688
2.832672 0.430757
-3.139390 2.849145
-1.165452 -0.914555
1.231658 2.442919
1.259560 -1.593417
0.057680 -1.673693
0.140704 0.689183
3.043504 -1.407028
-0.847604 0.545763
1.440332 -1.695972
-0.693840 -0.368215
0.095768 -2.851369
0.632476 -1.861457
-1.172511 0.429351
-0.345922 -2.296700
-0.490076 -0.910849
2.155809 1.376409
1.712978 -0.745456
1.074928 0.234524
0.504810 -1.609684
0.178521 -1.731052
0.918286 -0.097061
1.246029 2.020720
-3.024355 2.800503
-1.991984 0.585932
1.463251 0.113229
0.931685 -0.256859
-1.610535 0.540772
0.122465 0.102574
1.222497 1.910121
0.351749 0.446101
1.117494 0.294791
-0.599893 -1.600506
0.827027 -0.278860
2.849862 0.896358
-0.240095 -0.630066
0.867578 -0.214207
1.080926 0.439603
1.477747 0.072791
1.651269 -2.891989
1.279562 0.030778
0.212049 -0.453626
-1.073517 0.200310
-0.486037 -0.703477
0.158423 -0.506412
1.448092 1.055063
-0.556033 1.506153
0.134214 0.650066
0.282254 0.188759
0.645425 0.646760
-0.963069 -1.361017
-0.409313 0.881072
-1.127003 -2.161249
0.753812 -1.486480
0.211823 -0.330923
-1.456446 -1.872435
2.005408 -0.608019
-0.266073 -0.555882
-0.344186 0.687915
2.931145 -0.753642
-1.353300 0.421218
-1.437177 -0.429796
-0.903999 -1.135026
1.691331 -1.200769
-0.492183 -1.127670
-0.133818 0.181163
-1.845180 1.747382
0.501446 1.643052
-0.818147 -1.113038
-1.085730 -0.065843
-1.112578 -0.607721
1.821081 -1.897274
0.782473 2.086081
-0.118438 0.892395
2.708173 -3.031412
-2.103840 -1.874756
-1.437068 1.605954
0.244695 -0.704140
0.320300 -0.235612
0.265717 0.183951
-1.751499 2.187318
-1.540571 0.315922
-0.827698 -0.916697
0.972289 1.194299
-2.731762 0.384332
-1.650889 -2.916492
0.418016 -1.613215
0.883223 -1.566008
-0.373912 1.972752
0.090721 -0.553422
-0.144740 0.550707
-0.197591 0.470384
-0.660854 3.329925
-0.548722 -2.219830
1.000828 0.834065
1.877102 0.906852
2.207262 1.889602
0.565927 -0.774491
0.620672 -0.871306
1.360033 1.966398
-1.095045 -0.577788
1.477019 0.997114
-1.266043 -0.630921
-2.001306 1.656351
-2.451898 -0.870815
-0.134649 2.054390
1.045000 0.669746
-1.119402 1.411870
0.539640 0.061008
-0.681160 0.406155
0.411904 2.475833
-0.838669 2.108790
-2.288170 -0.333559
0.704330 -1.242265
-1.357590 -1.427804
1.984052 2.192011
-0.109133 2.336143
-1.038832 -1.225826
0.020129 1.621893
-0.737006 -0.348930
0.537417 -0.795326
-3.214566 -0.455270
-2.094564 -0.885508
-1.603681 2.054727
-1.077120 0.185957
-1.522659 0.551097
0.301246 1.427735
0.956240 -1.321960
-1.200586 1.239321
1.042803 0.706375
-1.023207 0.259924
-1.061084 -0.078472
-0.810901 -1.101578
0.061698 -0.602469
-0.815392 1.044025
-1.280395 0.453445
-0.618485 0.627588
-1.705328 -0.806583
0.419324 0.453080
-1.762513 1.446735
0.078733 3.240562
0.516357 1.873454
-0.894623 -0.367977
0.352766 -0.135764
1.346313 0.306191
-0.065421 2.457873
-1.835354 -0.051100
0.721615 0.481288
-0.272969 -0.307122
2.396334 1.352650
-1.791900 -0.722492
-0.621220 -0.333922
-0.705057 0.427721
-2.547001 -0.651124
-0.094213 2.053221
-1.108874 1.430966
1.166370 -1.924301
1.294651 2.704413
-0.854966 0.877144
-0.715560 -0.766155
-0.531145 0.024409
-0.306789 0.554935
0.596891 -0.203066
-2.585955 -2.337991
0.020548 -1.088270
-0.823385 -0.912785
2.547064 1.033477
-0.049336 -0.030215
-1.245295 -1.540178
0.069567 -0.999051
1.613576 0.543944
-2.574905 -0.184420
0.099590 -0.270175
-0.568863 -0.966523
0.718019 -1.046246
-1.853354 -0.276015
-2.058438 1.757442
0.353028 3.564245
0.998723 1.615185
-2.066946 0.037737
-1.367516 1.311879
0.147314 -1.074079
1.272546 0.909239
1.316170 -0.547546
-0.039976 1.878390
-0.857211 0.727183
0.211119 -0.830288
0.176650 0.452466
-1.585672 3.715310
-0.237388 -0.304392
-0.352226 1.420840
-2.054787 0.376819
0.414420 0.283393
-0.745438 -0.355686
-1.487142 -1.046753
0.067769 -0.174018
-0.092639 1.188277
-1.127817 0.725941
1.526001 -0.638979
-0.072674 2.562239
-1.052365 -2.162861
1.518425 -0.627366
-0.263736 -2.239121
-1.191711 -0.036480
-1.391181 -1.040114
1.496323 -0.053517
-0.522364 -1.906636
-0.784227 1.720492
-0.494494 -0.387913
0.448754 -0.413019
-1.356777 -0.816377
-0.517496 0.875326
-0.005897 0.107362
-0.802689 -0.128413
-1.809569 1.150344
0.263720 0.217519
-1.049080 0.180474
-2.508679 -1.015580
0.110832 -1.690448
1.730403 -0.052059
1.562502 0.482569
0.491983 1.081982
0.805835 -0.968572
-0.010340 -0.705857
-0.354240 -2.914138
-0.315432 -0.240648
-1.257713 -0.457380
-2.348876 0.655224
-0.202135 -1.119312
0.139972 0.851599
0.195392 1.417406
-0.706689 -0.691870
-0.174358 -0.500577
-0.665608 -2.719287
-1.269071 0.478977
-1.110235 -0.157051
0.107603 0.960751
-0.273391 0.345937
-0.680175 0.542005
0.637546 -2.488367
-0.705547 0.753207
-1.388353 -1.982898
-2.284969 0.442646
-2.061860 -2.748855
1.327840 -2.269156
-2.366034 0.360786
0.796877 -0.525163
0.901039 0.941251
0.411799 1.803996
0.390198 -1.220912
1.606323 2.198340
1.720210 1.571232
1.231275 1.924170
-2.333401 1.022783
1.133271 1.293364
0.088836 0.728898
2.076796 0.635115
-1.533934 0.368486
1.535059 -0.310704
-0.067786 -0.176779
-0.292443 -0.154373
-0.190292 -0.859390
-1.798937 1.507130
2.513434 1.844229
0.597421 -1.851727
-0.543743 -0.306394
1.261339 0.156393
0.358404 -0.930881
-0.116251 -0.896073
0.508030 1.404708
-1.826211 -2.613113
-0.608136 0.418634
0.618537 -1.427434
2.550111 1.224308
1.046138 0.094844
-0.369041 -2.371640
-0.248365 2.167401
-0.934981 -0.059383
-1.933998 -1.046633
0.252509 -1.896602
-1.593743 -0.286579
-0.643711 -1.500694
0.695182 0.052975
0.728224 0.479056
2.271602 0.751847
0.859526 -2.711724
0.447806 -1.521578
-0.929810 -0.066674
-1.546065 -0.554388
-0.204789 -3.506834
-0.377082 0.472340
0.392350 0.404258
2.103964 1.557558
-1.283545 -0.347822
1.355011 -2.031436
0.128732 0.120641
-1.399117 -0.261169
0.310637 -0.273464
-0.201340 -0.321071
-1.798998 0.837838
-0.766614 0.182130
-0.781932 -0.154729
2.084012 -1.387300
3.245744 2.056554
-2.993381 -0.395596
0.526512 2.064093
-0.522271 0.376667
-1.030530 -0.310173
1.203710 0.620993
-3.091847 -0.060004
1.211515 0.046108
-1.717852 -1.094373
2.481386 -2.087247
-0.511176 0.710909
0.478960 0.497963
-2.178331 -0.226085
1.339933 -1.220685
1.125292 0.522684
1.528840 1.165778
1.665899 2.522089
1.395602 2.461389
-1.435914 -0.595424
1.024247 -0.239521
2.810555 -1.091105
-1.316920 0.638900
1.251974 0.988346
-0.248411 -1.621349
0.883292 -0.110296
-1.041046 -1.480740
-3.172648 -1.485035
0.326933 -2.472697
0.689517 -1.235757
0.438420 0.994697
0.174283 -1.968118
0.772874 2.527393
1.254552 -2.282036
0.797318 0.747013
-2.981777 2.405071
0.213426 0.022036
-1.874332 -0.455621
1.668936 1.535848
-1.251969 -1.038435
3.520797 -0.572136
-1.600990 -1.099126
1.950741 -0.610680
0.683770 -1.380753
1.260184 0.496267
0.954507 2.756289
0.708367 0.232805
-1.735464 -2.953215
0.749134 -1.197989
-0.282457 -2.180806
-1.678180 -1.068569
1.690090 -1.346254
0.747363 0.064826
-0.272543 -2.312632
0.182683 1.111052
-1.278421 0.110127
0.289359 -0.194322
-1.207719 1.133317
-0.370848 -1.292819
-1.167906 -0.149623
0.270927 0.422830
0.837622 0.399094
1.155978 0.117388
0.036325 0.892833
-1.091184 0.301775
-0.646964 1.034467
-1.107807 -1.217107
-2.211638 -0.948758
1.093294 -1.364888
-1.408326 0.069398
1.857795 0.452145
2.335861 0.942131
0.642869 1.156157
-0.537354 -0.851553
-0.718094 1.251831
-0.864628 0.820360
-0.086609 2.198439
0.455178 0.028076
0.628886 1.325388
-0.548809 -2.344435
-1.236746 0.596510
1.880676 1.022606
-1.307740 1.013255
0.383600 0.729207
0.294826 2.753203
0.797042 0.114159
-1.092416 -0.272377
-1.764395 -1.645119
-2.225955 0.136145
-0.424073 -0.255185
-0.342031 -0.656446
1.272026 -0.730591
0.413777 -2.698413
-1.015920 0.381010
1.230599 0.664284
1.230262 -1.254126
0.597754 -0.049918
-3.474496 0.529841
1.630126 -0.504558
-0.774024 -0.411361
1.525585 1.296416
-1.929614 -0.593360
-2.057155 -0.592226
-1.808971 -0.821055
-2.464521 -1.145627
-0.913661 -0.643252
-2.136656 -1.298540
-0.021085 -0.104736
-0.591004 -0.107091
0.366190 -0.043524
2.448382 -2.655876
-1.083315 -0.198324
0.707176 2.135454
-0.082153 -0.693220
-2.169097 -1.441679
-2.129221 1.196172
-2.373250 1.290552
-1.566805 -0.005362
1.141935 0.874943
-0.155757 -0.698911
0.253362 -1.961517
-0.778943 1.361565
1.596450 0.130662
0.871661 0.321947
-0.384265 -0.236837
-0.667418 -1.159413
1.236690 -0.364158
-1.212699 -0.526484
-1.926866 -1.419882
-1.047136 0.028747
-3.061952 0.307063
0.945702 -0.072554
-0.683073 -0.280194
-1.540496 0.087006
-1.112559 1.695214
1.149242 0.101799
-0.889157 -0.851192
-0.202582 -1.453026
2.360162 -0.407635
0.182231 -2.521360
0.323095 0.050329
0.811886 0.824364
-0.115226 -0.132717
1.374636 -0.091067
-0.578107 2.764769
-1.204217 -0.329156
-1.354139 -0.163603
-1.112287 -0.214426
0.447005 -1.935379
0.480532 -1.926145
-0.921046 1.011447
-0.290644 0.371891
0.632179 -1.053420
-1.714056 -0.969176
-0.790331 0.486896
1.989718 -2.438892
1.986113 1.529889
-0.359899 -2.229161
-1.911306 -1.804756
-0.201147 0.204228
-1.787847 1.227999
0.656989 -1.552045
-1.009710 2.628750
0.694474 -0.804373
0.494772 0.674130
-1.272851 -0.004365
-2.520443 -0.829813
0.278810 1.573814
0.082683 -0.037847
-2.226536 -0.890835
1.226234 -0.945719
-2.077843 -0.564832
3.002268 -3.578900
0.782359 -0.941362
0.855679 -1.168511
-1.167159 2.569126
1.497559 -2.014910
2.473965 -1.136660
1.695667 0.024834
1.562669 -0.912206
-1.423321 -0.231144
-0.422750 -0.352627
1.839574 -0.283109
1.453925 0.120850
-0.733729 -0.010145
0.584446 1.902624
0.187151 -1.070874
-1.196975 -1.731416
-1.168717 0.739969
-2.747196 -0.091445
2.756883 2.454965
-0.525025 0.144648
0.521450 0.230577
2.541784 -1.559307
-2.540188 2.495998
1.358569 -1.614755
-0.587938 -0.965287
-1.148499 0.649223
-0.743619 -1.265064
-0.871894 -2.138621
-2.026467 1.645465
1.742747 1.132280
2.545721 0.819845
1.099091 -2.806895
-1.608437 2.506472
-1.840510 -2.421759
2.906003 -0.705751
0.822660 2.149399
-1.919476 2.215376
0.482685 -1.513105
2.350953 0.793899
1.268610 0.071549
1.036061 -0.455989
-1.870391 -0.424420
-1.500462 0.205118
-0.300064 -0.070720
1.033690 -1.306106
-1.072524 1.076434
1.134146 3.052349
-1.717916 -1.037897
-1.406317 1.041946
1.317988 0.715513
-0.312786 1.532287
1.372470 0.073411
1.580004 -0.202099
-0.460512 -1.243038
0.276823 0.513417
-3.276465 1.069696
2.472917 0.863781
2.169784 0.007357
-0.602220 1.161816
-0.305012 -0.101821
-1.658210 0.375938
-1.787353 -0.032912
1.874683 -0.080437
0.762869 -1.320071
0.436960 0.061656
3.284089 -2.583722
-1.781672 -0.029639
-1.152662 -4.507259
-0.561396 0.506422
-1.036928 -1.837828
-1.295580 0.470541
-1.636237 3.077221
-0.309433 -0.734762
0.965069 -0.294558
-0.696130 1.523475
0.277602 -0.728540
-0.221457 -2.245800
-0.353821 -0.778348
1.586796 -1.125920
-1.200025 -1.620522
-1.966602 -1.584683
-0.329281 -0.794048
-1.286157 2.932387
-2.657034 1.755055
-1.008524 -1.195325
-0.123984 0.216649
-1.156567 -0.445049
-3.348907 1.044143
1.060702 -1.270178
-1.528406 1.451664
-2.821717 0.612536
0.778314 0.811032
1.340108 1.301966
0.961739 -0.317589
0.650882 0.257740
0.801226 0.388933
3.834771 -0.238118
-1.225227 -1.631284
1.164547 1.098467
0.297703 0.128268
-0.819667 -0.403021
-0.997912 1.749214
0.390800 -0.362305
-1.418683 -0.051522
-0.001223 0.301470
-2.193532 1.951195
-0.767363 1.739928
-0.504499 0.109026
-0.887013 -0.485821
-0.164261 -0.466258
2.623650 2.702623
0.143062 1.376110
-2.075713 1.167048
1.927917 0.902153
1.514496 -0.006228
2.706142 0.288303
2.733128 2.344061
-2.703333 -2.428450
2.030185 -1.856048
0.172982 -0.319822
0.331154 -0.935313
0.996555 1.623645
-1.579230 3.521384
3.438734 3.503572
-1.241059 1.962530
-0.719419 2.727035
-1.122153 1.723363
2.257627 -1.775204
-0.400203 1.035757
0.763596 -0.658543
-1.877664 1.837952
1.482699 1.768243
-0.271577 1.488706
-1.344630 -2.472458
2.386029 -0.878496
-1.071575 -0.380061
0.616644 -0.467420
1.415739 -0.151900
-0.925996 0.010088
-1.050014 -0.255210
2.110855 -3.383977
0.306889 -0.935676
-0.141684 -0.658079
-1.530890 -0.337379
2.728902 -0.604732
0.882089 -2.361879
1.503072 -1.127079
0.617343 0.061598
1.240220 -1.465469
2.808818 0.529895
0.801244 0.438192
2.603942 0.923031
2.715374 0.150055
-1.495074 -1.572949
-1.465983 -0.809925
-0.723993 -0.415914
-1.772136 -0.243537
-2.819550 -0.404825
-0.891975 1.576558
0.120853 -1.733344
-2.270022 0.715662
-2.374548 0.806426
0.074918 2.281327
-1.002769 0.280703
-1.554234 -0.255414
0.458234 0.390880
2.895092 -1.800731
-1.060998 2.166377
3.287314 1.792147
1.333096 0.680890
2.083855 -0.766065
0.125759 1.848011
1.450149 -1.022718
0.937957 -1.982834
0.999323 -0.141845
1.884853 -0.534591
0.396123 -3.115814
1.376663 -0.477455
1.168560 1.233128
0.018423 1.694407
2.104115 -3.107848
-1.070145 -0.557597
-0.059388 -1.299974
0.680552 -0.322307
0.545416 -1.583578
-1.552003 -0.851681
-0.684477 1.652579
-0.361185 -2.347985
-1.310835 2.026271
-0.091066 -0.772016
-1.665119 1.193556
-0.734380 0.464035
-1.085983 1.066394
0.629044 0.729082
-1.740057 2.369940
0.775380 1.996459
-2.061888 2.737248
1.320735 1.026068
0.052950 2.104316
-2.320551 0.545068
-0.406064 -2.189450
1.917465 -0.157486
-1.670611 -0.227853
1.187235 2.128768
0.888001 -0.924913
-1.286661 -0.117445
0.637665 -2.076467
1.875418 0.855570
0.132774 1.473996
1.813893 0.741014
1.775380 -1.158845
1.368200 -0.928949
1.069169 1.319149
2.558658 -1.012225
3.279277 -1.950751
2.122303 0.316077
1.234367 -1.036733
-2.502224 0.428123
-0.740669 1.387886
0.589397 1.334908
-2.343423 -1.876011
2.206566 1.643276
-0.651002 2.087602
0.757003 1.678042
1.948136 2.234792
0.989326 -1.846499
1.099970 -0.887362
2.473569 2.504261
-0.329452 1.362134
0.835454 0.414785
0.412517 -1.857735
-2.336505 -1.498556
0.378184 -2.062275
-0.381687 0.946985
0.402930 -0.804166
-1.212174 2.056169
0.362310 2.433106
0.701066 1.016683
-0.256749 1.667936
0.672459 2.445574
1.975054 0.420930
-1.181282 -0.393108
-0.737467 -0.216745
-1.431439 0.242824
-2.320228 -3.077371
-1.018605 0.803498
0.898088 2.144512
0.763225 0.090429
0.018503 -1.098752
3.571026 -2.726588
1.131072 0.855429
-2.271802 2.160781
0.946579 0.584629
-1.463104 -1.759932
-1.829182 -2.225271
-1.713491 1.404610
-1.730576 -1.718385
-2.357034 0.711416
-1.723930 -0.946162
1.084954 0.300447
-1.959968 1.584572
-2.359614 -1.019861
2.029102 -1.534934
-0.761905 0.774759
-0.415912 0.895160
2.058640 1.413597
-1.668990 1.117050
-0.597335 0.171432
0.579779 -0.726206
0.062229 -0.874401
1.517167 -2.298332
0.666937 1.529779
2.889625 1.302211
0.795406 0.046644
0.863568 0.660970
0.168179 0.730421
-2.813393 0.723168
0.848944 1.037625
0.593393 0.663581
1.512660 0.305810
0.286455 -0.736631
1.750797 1.664417
-0.459047 1.374192
-0.555169 1.047655
-1.453162 -1.364874
2.420380 -1.579094
-0.676988 -0.565273
0.599599 0.830030
0.209455 0.747362
1.196254 1.726719
1.022683 1.782860
0.890215 1.774261
-0.301463 2.603495
1.962730 -1.006238
-2.003962 0.514434
2.335359 -1.054130
-1.713881 0.193289
-0.601428 0.843386
-0.208572 0.889358
0.690657 -0.605919
2.668170 2.354813
-1.115667 -3.056275
-0.175026 0.252550
-2.249889 -1.416707
0.961941 0.077294
0.949208 -1.223351
3.638736 0.831922
1.686637 -1.574100
-0.421679 1.716507
-1.864515 0.368510
1.504897 -0.507124
0.433907 0.111323
-0.527343 0.022295
1.723049 -0.801204
0.393341 -0.125785
1.785204 -1.308753
-0.914825 0.598690
0.770407 1.161855
-0.956195 2.537594
-1.432752 -0.720787
3.160796 0.986040
-2.636831 -0.805054
1.088281 0.427192
-3.511533 2.752420
0.238102 0.960695
0.449122 -0.429097
-0.461523 1.270743
-1.325960 2.630677
-1.192035 0.250300
0.505666 0.000008
-2.531849 1.598009
-0.221321 1.343924
1.376320 -0.210532
0.920918 -0.949962
-1.295412 0.479970
2.098838 2.743533
0.101373 0.555156
2.024525 1.545045
1.568938 -1.202365
-0.694717 -0.991086
-1.812545 -0.276818
1.209279 1.323693
1.230201 -0.843246
-0.686680 0.164612
-2.234767 -1.616842
-1.275142 -0.400432
-3.077910 -0.059728
0.322021 1.333648
1.250706 -2.368725
0.384230 1.473184
0.470274 2.122483
0.746670 2.850753
0.595297 1.428110
-0.151780 1.581523
-0.226564 -0.038798
0.482374 1.067720
0.449506 -1.054528
0.821887 1.147857
-2.114998 -2.002621
0.226145 2.658786
-0.367550 2.404363
0.658093 -1.133360
-0.625650 -0.660807
-0.929285 -1.058205
1.839745 2.002398
1.474909 1.226932
0.393703 0.763077
-1.619921 -0.594515
-0.048933 0.367031
-0.150549 3.591866
-0.610928 0.115564
-0.706049 1.567839
-0.085659 1.592900
-1.767087 -0.228668
1.890383 1.892801
-1.240249 0.297208
1.891053 0.400691
-0.821511 2.336919
0.212855 -1.097756
0.039490 -2.182886
0.473920 -1.494205
0.420863 -0.947271
-1.609546 0.344690
-2.258510 -1.071979
1.551602 -0.391489
-0.133738 1.182896
0.622002 -0.486226
-1.682838 0.126936
-3.681476 -2.174059
-1.216508 2.769937
2.658580 -2.754126
-1.845803 0.237631
-2.338746 1.283584
1.669600 -0.832146
0.923169 -2.605777
1.085156 -2.031291
-0.908715 0.533905
0.938030 -0.381140
1.601154 -1.738879
1.718722 1.717953
-0.477265 -1.581422
0.452123 1.327470
-0.220980 0.931774
0.691880 0.617105
0.473894 1.813281
1.897595 -0.446799
-1.282751 -1.605575
-0.207916 1.110464
0.297003 -0.118627
2.257814 0.507189
0.290163 -1.530741
0.110027 -0.282461
-1.904723 -1.775998
0.009038 -1.883750
1.781783 0.255289
-0.293557 0.563734
0.909611 1.358522
-0.382253 2.673452
1.502420 0.144109
-1.521339 -2.404771
0.170921 -3.363334
0.547774 0.577631
2.421296 2.070776
-1.042050 -0.785609
-1.065574 0.432388
-1.325455 1.073035
0.363102 0.296284
2.381145 -0.270283
2.345531 1.229089
0.893002 -1.074511
-1.191316 1.181512
-0.987418 1.976071
-0.812334 0.945085
-3.232119 -0.135956
1.270121 -0.919395
-1.659868 -0.834162
1.443957 -3.067077
0.815074 -0.204479
-0.187048 1.647027
0.094738 -0.082043
1.704032 1.043192
0.791404 -1.749925
-3.208302 1.416014
-2.993533 0.668827
-2.238415 -1.752495
-0.980289 0.700517
-0.501299 -0.259533
-1.796245 -2.055036
1.877336 1.182744
0.399330 0.061589
-1.937034 -1.061883
0.743577 -1.142675
-1.747685 -0.864062
-0.397485 -0.431796
-0.329267 -1.771684
-0.930320 0.984014
-2.113793 1.749086
-2.808787 0.074211
-0.678957 -0.337378
0.207157 1.357996
-1.800547 1.899626
-2.407062 1.301671
-2.046949 -0.608383
-0.520356 1.577028
-1.599555 -2.061819
1.720413 -0.244794
1.868520 2.038052
-0.354625 1.215654
2.485450 -0.781062
-0.073081 1.159346
1.827730 0.132892
0.293233 1.609122
-0.738557 -1.231311
0.998858 -0.934926
1.566619 0.628706
0.691996 -0.835449
0.461933 -0.972632
-1.614374 -0.187660
-0.460723 1.329644
1.321766 0.515536
-0.165200 0.322767
-0.400357 -0.930119
-1.135134 0.389487
-2.485937 -2.156623
-0.533809 2.239035
1.374431 0.660970
-2.500610 -0.214965
-0.908717 0.384022
1.447473 -1.339340
1.772833 0.573856
-1.877120 0.154988
0.649694 2.276064
-1.211680 0.827911
-2.324480 -1.892422
2.054322 -0.998098
-0.179081 0.082343
-2.944953 0.412801
0.855471 1.928910
-0.440240 -2.685959
-1.107077 -0.911979
-0.228327 -0.119578
0.948227 1.789352
1.959580 -0.358322
2.324979 0.789046
-0.452873 -2.713637
-0.917001 -0.918454
-0.516693 -1.151996
-1.756944 1.648988
0.596668 0.488483
1.856105 -2.276550
-0.311222 1.915516
-1.119165 0.767317
1.402733 -0.646440
-1.338668 1.271293
-2.407759 -0.991382
1.236403 -2.540108
-0.377722 -0.239712
1.613002 -1.191697
-0.418230 -0.742736
1.017479 1.169478
-1.845875 -0.471737
1.976805 -1.086230
0.861471 2.185333
0.287855 1.777531
-1.241895 1.436468
2.994045 1.492875
-0.543816 -1.103663
0.827569 -1.480338
0.384518 -1.414937
0.125649 -2.946188
1.373610 -2.941594
-1.093225 0.985001
-0.382600 -0.691076
-0.480066 -1.526378
-1.041688 -3.211572
1.718470 1.207602
-0.238982 -0.172973
-0.903708 0.785244
-1.162868 -2.452333
1.096463 1.047005
-2.002423 1.195962
2.352608 -1.765241
2.859965 -0.694365
1.442990 0.992093
0.576840 1.072218
0.893456 -1.483716
0.202060 -0.462649
-1.574956 2.016261
-1.233518 -0.608229
-0.873707 1.934831
-0.045390 2.267622
-2.496648 -0.367878
0.643793 -1.152144
-0.822316 2.773123
-0.660847 -0.254334
0.269294 0.647446
1.387240 1.901837
-1.741595 -0.816582
-1.786002 2.710223
-0.822210 1.128022
0.242911 -0.105046
2.175341 -1.300672
-0.074935 1.804574
0.998039 -1.897380
-0.978379 0.572241
-0.069780 1.895494
-4.219690 2.740434
2.452497 3.094558
-1.144948 1.658788
3.266590 1.213850
1.292045 -2.111989
0.333255 -1.219205
1.161288 -2.040674
-0.372877 -1.420340
-1.358310 -2.113042
-0.392799 -3.226364
-0.778302 -0.497103
-0.435080 -0.912863
1.412848 1.531822
-0.809185 -0.605730
-2.394707 0.241227
-0.037481 0.084575
0.668223 0.071648
0.691014 0.119163
0.289321 2.464708
-1.329885 -1.332813
-1.930152 -1.646707
0.663757 3.115213
1.588938 0.605735
0.727866 0.711635
-0.865747 -0.720052
0.512577 1.215139
-1.170236 1.648362
0.057763 -0.797011
-1.317063 0.401434
0.625946 -0.847990
-0.391390 1.619122
-0.602641 2.221113
1.142944 0.713329
-0.720713 -2.563383
-4.082615 -0.095768
0.128960 -0.682827
-1.244884 -1.033260
-1.665338 -2.013533
-1.360042 -1.683503
-0.369973 -1.687932
0.014721 1.005222
-1.764841 2.473962
0.909145 1.358207
-0.717704 0.483766
-0.199832 -1.296537
-0.878695 -0.608658
-0.259900 -0.661645
0.203747 -2.224507
-0.498415 0.830878
-1.562772 0.069841
-0.551054 1.012505
1.729049 -2.333917
-2.229207 -0.107164
-1.141704 0.598662
1.723236 0.623392
1.049624 -3.178306
1.718238 0.502324
1.103705 -0.434291
-0.428137 2.082530
-2.320517 -1.151849
-1.482276 -1.159221
2.986671 1.865153
-0.908264 1.309113
-1.425602 1.749257
-1.396889 -1.455321
1.418556 -0.629665
-2.608689 -0.353252
0.346565 -0.281881
-0.077024 -1.499470
0.171070 -0.641199
0.935458 0.109897
-0.270846 0.379924
-0.011492 -1.719111
2.980611 -1.112426
0.084058 -1.180215
-1.516616 2.079464
-0.772681 0.638108
-0.130666 -0.645601
0.844768 2.035316
-1.741427 1.735022
0.818708 -1.129606
3.423869 -2.133769
0.664551 -0.360103
-0.891229 2.390956
0.318583 -1.284273
0.840498 2.521736
0.595438 1.666157
0.633043 1.055805
1.618790 1.055639
-1.920964 2.401763
2.144045 0.783978
2.252537 -2.646763
1.789325 1.418180
-0.037519 -0.301111
0.801233 1.068708
-1.117012 3.314917
1.740722 1.457002
-1.326531 1.192493
0.952682 0.623216
-0.645169 -1.162501
0.381137 -0.091239
1.471784 1.925117
0.370774 0.149348
-0.791621 -0.439920
-1.475852 0.114948
-0.756314 -0.106247
-0.314736 -1.397513
1.825959 0.014480
0.239780 0.274238
1.983753 0.477818
-1.714341 -0.665255
-0.309514 2.679589
0.195938 0.323050
-0.387955 1.767156
-1.708339 -0.250147
-0.551771 2.328555
-0.303679 -2.494011
0.414797 1.131914
0.102846 1.828557
-2.519950 0.360224
-2.470571 0.511950
-0.595139 0.377352
-0.245847 1.797109
-0.918963 -2.715513
3.221599 1.687810
-0.864602 -1.012952
1.501040 0.974022
-2.324423 -0.212667
-0.073484 -0.866488
-0.858002 0.904158
0.775849 -0.471956
-0.408922 1.960347
0.370867 1.080554
1.769451 -2.513942
3.531223 0.611325
0.629087 -1.730184
1.935287 -1.998254
-0.206820 -3.608803
-0.391411 2.094416
-0.629533 0.219034
-0.623152 1.612565
0.905021 0.548830
-1.241755 -2.714106
-0.122276 -1.999528
1.721443 1.251312
2.453259 -1.792666
-1.391975 -0.331150
2.138239 0.021404
1.324331 -0.511176
1.299333 1.487694
-1.662589 0.916361
0.572735 0.504751
-1.626647 0.490279
1.221756 -1.510451
-0.911298 -0.902299
0.765907 0.929208
1.561300 0.570160
2.044544 -0.083293
1.221292 -1.331739
2.087425 0.283460
-2.582051 1.134804
-0.881542 -0.538718
0.099762 2.425661
-3.203592 0.379085
-1.521590 -2.308971
-0.867735 1.492632
1.926419 0.472775
-1.627410 -2.281689
0.199904 -0.886632
-1.074110 -2.704402
-0.670505 -1.707855
-0.297520 -0.963552
0.791202 -0.703307
0.113453 0.934572
-1.458095 2.240047
-1.394632 -0.326478
-1.860374 0.424987
0.565805 -2.164767
1.403534 0.532716
-2.586338 -0.274651
0.583928 -2.088607
0.150148 -1.193083
-2.433770 -0.168538
-1.283463 -0.577268
-0.225526 1.663580
0.730687 0.262995
0.532283 -0.592579
1.241060 -1.032317
-2.183764 1.300626
-1.486078 1.433552
0.937260 1.288303
0.060762 -1.362592
-1.717041 -0.356903
-1.125456 2.576949
-0.858988 1.391440
-3.027400 2.156678
-0.506056 -0.604544
1.312631 0.595963
-0.497258 0.343445
-1.098420 -0.168637
1.181861 1.195147
1.113154 -1.388671
-0.538978 -1.384475
1.995775 -1.226179
-0.368622 -1.416880
-1.557684 0.405503
-0.323880 -0.772318
-0.184442 -0.243615
0.291753 0.048812
1.985072 0.339168
-1.286046 -0.216714
-1.625488 -1.196273
1.225541 0.365940
1.389678 0.157506
-0.418727 2.185504
-3.368499 0.185412
0.970318 1.307535
0.725634 -0.012499
0.462593 0.952421
-1.000264 -1.884856
-2.543176 3.068122
-0.671904 0.826106
0.217389 -0.058743
-0.435475 0.298460
0.123096 2.626714
1.089027 0.239149
2.484972 2.527752
0.508119 0.468503
-1.033876 0.940145
-0.338272 0.313092
0.580040 1.064756
0.384488 -0.473443
0.892878 -0.233432
0.206563 1.837107
-1.040644 1.471856
-0.461127 0.824169
0.275212 0.558805
1.497568 0.264420
2.037707 0.133419
0.151297 0.550367
-0.068880 -0.596899
1.103157 1.678390
1.790327 0.151636
0.670724 -0.846657
-0.771757 0.355687
-0.604578 1.840851
0.513636 0.595551
0.590850 0.993876
-4.687768 -0.539009
0.481256 -1.027721
-0.083438 0.813437
1.922962 1.951814
-1.989232 1.919311
-0.653331 -0.015066
1.277026 -2.096972
0.706228 0.371536
-0.325470 -2.118397
-0.193343 0.431259
0.208589 -0.565657
-0.981435 -2.904942
1.848880 0.654367
-1.201127 -3.519167
1.831606 -1.480123
-0.526372 -2.829143
0.628918 0.118523
2.916518 0.864154
0.025554 1.329427
-0.174498 -2.726053
-1.926786 0.100626
0.821152 0.356675
2.165105 -0.613619
-0.777432 0.615255
-0.545606 -0.620642
-1.555594 1.356239
-1.797913 0.268697
0.295182 -0.823526
0.230296 0.919695
-0.792754 1.640191
0.546918 1.227868
0.155370 1.401549
0.264746 1.909844
2.369201 0.526156
-0.135832 -2.142639
-0.418956 -1.007859
0.639205 -1.656574
0.353465 2.305446
-1.022025 2.150674
0.207980 -2.050727
0.293404 1.256222
-0.349889 -1.866558
-0.469467 -1.993561
1.196270 -1.555406
2.628458 2.370122
1.306127 2.763093
-1.409221 0.700437
-2.005359 -1.481123
-0.259517 2.297241
1.639689 -2.256075
0.331171 2.190050
-0.699944 -0.193979
0.976853 -0.181569
0.057671 -1.657420
-0.687168 1.555830
-1.979951 2.313249
1.762727 0.323849
-0.612529 0.813234
-3.029073 -0.647069
0.003740 -1.382495
-1.503187 -0.225393
1.803233 -3.757425
-2.260559 -1.670207
0.580205 -1.941932
-1.353512 3.299513
-1.774080 0.154605
0.911929 -2.121837
-1.660219 -0.772892
-0.462687 -1.171714
-0.264561 -2.933401
2.837279 1.352884
0.563305 -2.686184
1.203863 -0.508493
-0.233456 -2.055479
0.255487 -1.443915
-4.382293 -2.069382
2.053112 0.584357
0.169754 -1.293994
0.219863 -2.151136
-1.375064 -0.328050
1.953890 1.686200
-1.242361 -1.985038
0.339449 -1.034221
1.654006 -3.101406
-0.321910 2.184991
0.903617 0.543284
2.025641 0.403535
-0.640457 -0.053791
3.166154 1.702508
-0.066719 -0.175434
2.432574 -0.026555
1.659063 1.129883
-2.034238 -0.678136
1.457648 -0.562162
-3.253627 -0.091334
-2.730805 0.299100
-2.044520 -0.734979
0.833395 -1.674519
-1.773255 2.096031
2.090534 -2.229168
0.425940 1.861953
-2.273610 1.066312
1.810912 -0.710231
-1.661157 -0.389759
1.152274 0.268711
0.394726 0.237251
-1.331274 -2.698507
-0.948381 -1.710713
2.630204 0.017831
1.508028 -0.464457
-0.340546 -1.189619
0.537639 -0.966965
-0.288127 0.040543
1.459419 -0.763902
-0.271096 -1.384927
0.023559 -0.120946
0.335266 -1.584683
3.168691 0.734050
-1.307319 -1.425068
-0.586838 -3.231935
0.537213 -2.336616
2.051314 2.005759
-3.985816 1.489460
2.689461 0.705077
-0.385038 -1.601394
-2.071451 2.379509
-0.646409 -0.648504
-0.329905 -1.442937
-1.156723 0.551135
-2.823841 0.858336
-0.205991 0.106341
-0.532334 -2.366434
-2.459790 -2.773866
-1.681541 0.279150
0.653580 1.946630
0.375023 -1.134037
0.746716 0.446623
-0.060624 -0.174236
1.365852 -0.744736
-2.559715 -1.376124
1.293355 -1.273640
-0.124500 1.512461
-0.621414 -1.224843
-1.554746 -1.002538
-0.865958 -1.525979
-1.403348 0.677729
2.309484 -0.810499
0.707479 -1.039068
0.303557 -0.570561
-1.413998 1.503972
1.043586 1.128517
-0.591538 -0.739101
0.304378 0.125717
-1.914041 -0.047369
0.937393 0.282273
-0.234097 0.729178
0.437078 -0.353440
0.280025 1.314535
-0.369491 0.706355
-0.201280 1.023591
1.112191 -1.015441
0.094680 -0.175466
-1.840486 -2.252810
0.358264 1.110144
0.295760 1.627343
-1.625750 0.702588
0.359689 0.632636
-1.932973 0.477881
-1.390298 -0.165054
0.201087 -2.002652
1.830221 -2.026214
-1.655491 -2.730767
-0.569876 -0.037168
-1.404586 -0.469843
-0.128233 2.275977
-1.365989 1.086509
1.212092 1.705790
2.283586 -0.547120
-2.164268 0.883777
-0.085608 0.384078
-1.004649 -0.519783
1.586780 -0.365188
0.869468 2.038697
-0.409134 0.635195
2.064159 -1.046884
0.748442 -0.843092
1.039908 0.781142
0.043411 -0.738331
2.029482 -1.804809
-1.102120 -0.611490
-0.909328 -1.116501
0.735212 -0.190467
-0.790594 -0.105916
1.992552 -1.526881
0.180679 -3.294120
0.035531 -1.546829
1.201686 0.732996
-1.182534 -0.855674
-0.033378 -2.098123
-1.275588 -1.743381
1.217431 0.362501
1.309888 -1.705398
0.452618 1.022550
-1.809244 1.415503
-1.900840 -0.589928
0.664079 -0.559212
-1.917959 -0.659834
1.947744 1.046270
-0.069675 -2.046717
-2.050831 0.259500
-0.497255 0.590969
-1.418261 0.086113
-2.062365 -0.751845
1.785101 1.425294
-0.335663 0.519293
0.054230 -0.048124
1.827374 0.982623
2.396930 1.454582
2.871909 1.964744
0.472248 1.051222
0.549137 -0.161764
-0.814122 -2.320089
0.077967 -0.249774
-1.975863 0.416802
-0.096909 -0.657023
-1.308048 -0.303022
1.185911 -1.420547
1.249108 1.031732
-0.871179 -0.666610
-1.414668 1.281356
0.764821 -1.368068
-0.888597 -1.208304
-1.310665 1.548422
0.513017 -1.021361
0.919375 -0.557166
-1.221159 -2.575899
0.360444 -0.146514
2.713830 -0.500351
0.499659 0.140782
-0.587625 -1.441057
0.876952 -0.551095
1.308125 2.145352
0.919350 1.527040
1.005936 1.636876
-1.690828 -2.374521
-1.562536 -1.709737
3.437401 1.594972
-0.730915 1.008420
0.152812 -1.771233
-2.705146 -0.799662
-0.340709 -0.192757
-2.125851 -2.951594
-0.348949 1.352698
-0.051447 1.814962
-1.161484 -2.402141
1.527259 -2.093697
-0.508241 -1.638458
0.627013 -3.061454
1.080989 -1.245827
0.272165 -1.181253
2.562797 -1.187395
1.802019 -0.038592
-1.790214 1.922508
2.935591 -0.417897
-2.386477 0.951078
0.339803 -1.552898
-0.940005 -1.896459
1.027231 3.640103
1.777385 1.007759
-0.937156 0.196961
-0.078893 -0.338808
-1.460334 -2.501417
-0.439539 -1.058389
-1.662340 0.716412
1.918221 -1.090957
1.786473 0.995681
0.684641 -2.660449
1.519056 -0.196630
3.305500 -1.851749
-0.235367 -1.141736
0.866316 -0.008781
-2.162971 -3.139380
3.951140 2.174794
-1.544183 2.433762
1.286131 0.159173
-0.082812 -1.815800
1.191849 1.639493
-1.983267 -0.706530
0.356364 -0.858538
0.904749 1.281091
0.098528 -1.176855
-0.586486 -0.559939
0.483730 1.622874
0.825760 0.982942
1.181569 2.945042
2.180441 0.794960
-0.707743 -0.175421
-2.802391 0.479305
-2.421320 2.536751
-2.328874 -1.020650
0.394988 1.656568
0.701850 0.610458
-1.923658 -0.107839
1.865272 -3.002389
0.363657 1.271942
3.115813 0.846705
0.934853 2.222939
1.439952 -2.006025
0.538458 -0.940576
-0.346794 0.944636
-1.057643 1.074363
-0.400898 -1.339070
1.162646 -1.264886
-2.232588 0.700947
-0.356084 0.748024
1.014302 -1.467890
-3.908177 -0.182259
-4.401136 0.639406
1.489536 -1.631712
-0.678413 -0.939124
0.072922 3.600801
2.905300 0.060684
-0.654274 -3.058058
-0.767803 -1.527950
-0.831525 -0.847214
-1.858691 -0.352440
1.208344 1.463681
-1.061503 0.517370
1.403910 -0.543292
-1.143169 1.129407
-0.182687 2.249668
-1.551426 -3.017604
0.884346 -1.572297
0.326593 2.289916
0.771117 -1.150574
-1.836780 2.463212
-1.798016 3.234387
2.264305 0.427292
1.317327 2.059137
-3.025259 1.113171
-1.199387 0.972292
1.183891 -1.490857
-0.559948 -2.740714
-2.153365 1.843192
-1.571724 0.015468
-2.207513 1.426581
0.221325 -1.712517
2.431471 -0.681206
-0.448848 -0.173021
2.282723 1.634959
-0.618008 -2.941055
0.457031 -2.488413
2.391372 -1.434601
0.410896 1.947913
-0.292937 -1.280093
0.187359 1.119650
-2.664262 1.061940
1.270135 -0.322428
-0.190589 -1.512662
-1.139419 -1.380762
0.862424 2.668446
-1.813008 -1.666417
0.990930 1.600865
-1.502667 0.407000
-0.149074 -0.545586
2.457498 0.539580
-2.187701 -1.783064
-0.265207 0.169705
-1.753774 1.269044
1.318236 -1.379354
0.174034 1.819615
-1.320600 -0.580012
0.681819 -2.244392
-1.120197 -0.510022
0.396649 -0.236328
-0.759199 -0.174299
1.409274 -0.553229
1.521012 -1.261893
0.745029 0.790212
1.337662 1.148870
0.490671 -2.859386
-1.379585 1.119781
1.336408 1.041210
1.009711 -1.838156
1.742693 0.874036
0.234826 0.454625
-0.779025 -1.361109
-0.303551 1.600875
1.643428 -1.157778
0.478240 -0.749309
-0.336341 -0.788799
-0.192314 2.318950
1.130839 -2.566169
0.886593 3.941334
-1.991092 -0.494088
-0.484216 0.360017
2.521223 0.216951
-0.781216 0.889660
-0.597858 2.530512
-2.128052 -1.392121
-1.105084 -0.600661
1.729544 1.500867
-0.450365 0.844466
-0.708809 -1.270006
-1.882642 1.864329
1.695183 -0.811747
0.307255 0.325636
1.085092 0.189639
-0.957466 -1.117407
1.598895 -2.800084
1.245353 0.064417
-0.896446 -0.090888
-0.826159 4.573905
0.626541 -1.661828
-3.733442 0.600801
1.057812 -0.222457
-0.038644 -1.084710
-1.214890 0.288520
1.212018 0.134557
-1.454887 0.314141
-1.437854 -2.117380
1.995652 1.335122
-0.130498 -0.011705
1.312049 -0.254582
-2.154622 2.037132
-1.693827 1.252467
1.028720 1.393618
-0.708892 1.427803
-0.729106 -1.342257
-1.750676 -1.302507
0.975195 0.206051
-0.134657 -2.885835
3.252836 -0.098039
-0.008406 -0.880277
-1.663644 -0.638274
0.044127 1.595219
1.388064 -0.348493
0.876831 -1.156300
0.842920 1.806761
-0.165498 -0.774931
-3.098983 -2.240972
-1.854772 -1.576964
0.443260 -0.914600
-0.196197 0.254741
0.297192 -1.397428
-1.597392 -1.547359
-0.604458 1.565447
2.455772 -0.135510
-2.003312 1.793733
0.183006 3.211197
1.607480 -1.018336
0.600953 -1.433655
-0.637502 1.917868
-0.291872 -1.345135
-2.094169 -1.121770
0.717139 -0.066233
-1.372091 0.949278
0.584120 -1.297260
0.042343 1.016425
0.370788 0.190948
2.603893 0.616649
-1.110940 3.607362
0.831070 -0.118044
-2.903442 -2.305861
-0.615518 -0.787544
1.740013 2.575015
2.663403 -2.000048
0.002092 0.277378
-0.665180 0.166806
2.345554 -3.271148
-3.989532 1.680541
1.276679 -0.033705
-0.370131 -1.406412
-1.507090 -0.804592
-3.224282 -1.414780
-0.119156 1.501878
-1.047257 0.538251
3.563624 -0.223214
2.513820 -1.623167
0.611194 -0.229508
0.452215 2.458964
-0.135449 -1.370229
0.584795 -1.527500
-1.848022 -2.875190
-2.094616 1.969078
0.344400 -0.136532
0.084869 3.464987
2.140258 1.555176
-2.916802 0.131494
2.429132 -0.005656
2.387209 1.006511
-1.288313 -2.281277
-0.812713 0.802984
0.153916 -2.027570
0.257032 -0.031896
0.286678 1.389539
2.018393 1.935768
0.290488 1.622961
1.363779 -0.091831
-1.052585 -0.319899
-1.591065 1.172866
1.916191 -0.404232
-0.518845 -0.540444
1.720646 -1.274595
0.463608 0.255955
0.857235 -0.002776
3.408852 -0.230756
1.887205 -0.216146
0.940242 -1.495641
-0.320582 1.308313
-0.950091 -2.302216
0.595930 -0.503623
1.213904 -0.020709
-1.174847 -2.658070
0.673218 0.764807
-1.498231 -0.801207
0.648613 1.329790
-2.261887 -1.049655
1.663125 -1.679760
-0.483727 -1.743352
1.041479 -1.314111
-0.934573 -1.130648
-1.975999 1.054463
0.981197 -0.984073
-1.757955 0.866614
1.938502 0.289536
0.044699 -2.819602
-0.601947 0.570159
0.652180 0.312093
-0.591425 0.894754
0.719306 -1.206336
-0.965441 -1.416992
1.485719 -0.940698
-0.980456 -0.897738
-2.605684 0.918245
-0.668263 0.778063
0.241032 0.740233
-0.436568 2.027808
-1.190067 -1.128553
-0.110921 2.190056
0.001280 -0.992582
1.123786 1.635732
-0.855355 0.076823
1.520963 -2.157523
-1.254738 2.890863
-0.569234 0.479870
0.162993 0.423355
-0.337686 2.476080
-0.137514 -0.703957
-0.503423 0.857894
-1.101606 1.861606
2.359697 -1.926299
1.143208 0.316735
0.074727 0.862259
0.827218 0.235740
-0.860000 0.423514
-0.504037 0.691096
-1.681255 -0.487157
-0.639069 0.405752
0.591238 1.750817
-1.883623 1.449693
2.633224 -1.092189
1.344584 2.805145
2.216535 -0.763282
-2.498288 -1.996633
-1.213694 0.446781
-2.322786 -1.210306
0.774148 -2.110526
-0.256108 -1.283355
-1.189543 1.140721
-2.950494 0.010092
3.237077 -0.715235
2.715720 2.964753
-1.822719 1.987711
-2.191536 -2.736665
-1.884996 0.828508
1.969469 -2.064847
-2.953436 -1.318425
-3.108257 2.138137
-0.068418 0.176925
-1.970125 1.523540
0.389031 -0.503498
1.840067 -1.594827
-3.098551 -2.066570
0.203671 -0.006712
-2.057607 -0.561774
2.142906 1.391298
-2.593714 1.102312
-0.268736 0.713892
0.153445 -0.288895
2.417032 -0.753399
-0.544360 -0.981942
1.665024 -1.302453
0.995572 -2.500272
0.092333 -0.991814
-1.042339 -0.067523
-1.609150 2.233303
-3.730508 -0.797832
1.461094 -1.139673
0.134127 0.075888
0.062084 -0.345536
1.093534 0.711635
-2.713684 -0.596252
0.665835 -1.426440
1.157393 -0.294426
-1.522229 -1.222384
-1.520377 0.541727
-0.525691 -2.063585
4.107226 -0.818005
-0.999012 -1.006796
1.503456 0.343589
-0.321256 0.490701
0.006271 0.520333
-2.328444 2.255194
1.335400 0.234097
1.763320 -1.478606
3.374982 -0.063206
0.261779 -0.770962
-1.783020 0.660505
-0.121611 0.862282
1.062608 0.413205
0.979393 0.510900
-0.810583 -2.059486
-0.804136 -0.515322
3.261338 -0.359908
1.869103 -0.796240
1.911951 -1.590769
0.532758 -0.578864
0.208813 0.982140
3.265964 -0.797795
0.035148 -1.075453
0.545075 1.045734
-0.714439 1.045070
0.917454 1.584422
3.142285 -1.602323
0.650767 2.537408
0.904766 -1.452574
-3.227921 1.155975
-2.322670 0.615139
-0.393997 1.440105
2.270915 0.035365
-1.768609 -1.555694
0.263319 0.580472
-0.304524 -0.723085
0.171475 -0.435193
-0.555393 0.270515
-0.146141 -0.959959
-1.239830 1.217649
1.842354 0.546943
-0.179876 -2.353325
0.440798 -0.611499
-0.744317 -0.987573
0.475291 1.969238
0.627319 0.016476
0.295240 -0.010145
2.338723 -0.428812
-0.110613 -2.724832
-1.336798 -0.924109
-0.783922 0.623550
1.567428 -0.920785
-0.225510 -0.235260
0.559171 -0.688813
1.139720 0.780566
2.251825 -2.824269
-0.203771 -1.350762
-1.339888 0.256925
1.337022 -0.632669
0.120872 0.287255
1.616301 -1.411342
-1.869161 2.714449
0.486440 0.621336
1.809683 -0.257736
2.568774 -1.031500
-0.526232 0.032625
0.918151 1.055943
-0.179208 0.120358
0.939668 0.253260
-0.667632 0.867262
2.354026 0.194869
0.075039 -1.285958
-3.254237 1.459673
-0.268530 -1.011524
-2.005489 -2.761549
1.090733 0.417676
1.484481 0.624670
2.527692 0.141886
0.652558 0.622667
1.633268 2.876627
0.086600 -0.614055
0.316920 0.245633
3.112147 0.490571
1.972912 -0.658301
-0.639495 -1.309139
-0.323025 -0.579847
1.156862 -1.542020
-1.232959 2.254533
-1.405224 -1.992765
-0.854062 -2.196190
1.934319 1.722271
-2.776397 0.303577
-1.851270 -2.559841
-0.422396 -0.377546
-0.798466 -1.933984
-0.875301 2.627409
2.313983 1.361985
-1.622541 -0.685326
-0.677964 1.468119
2.574489 -1.781914
-1.488844 1.769051
-0.897359 0.771553
-0.372312 0.038852
0.085612 0.338421
-0.750456 -0.356626
1.986939 -1.447043
1.013179 1.458846
0.627775 2.108110
-1.747242 -2.620644
-0.692594 2.411168
-0.585273 -0.133833
0.816499 -0.374372
-1.158937 1.022724
-0.188547 1.873947
-3.120887 -1.961391
0.301535 -1.092227
-1.212902 -0.341878
-2.259922 -1.820451
-0.237149 1.116659
-1.688376 0.540560
-0.662803 -0.935893
0.432885 0.572611
0.165432 0.352957
0.978655 2.327448
-1.606248 0.622216
1.584295 -2.267110
-1.619807 1.633776
-0.227853 -0.553010
1.758615 1.305252
-0.759522 1.682554
-0.681966 -2.238948
1.259619 -0.014537
-2.969552 -1.665216
-1.915971 -0.370975
1.367085 -0.492711
0.153362 1.101705
-0.008237 -1.883585
1.851347 -1.794684
0.689395 0.821715
1.358902 1.820312
0.873653 1.295442
0.405135 0.559296
-2.294336 -1.363330
-1.488445 -0.121507
0.024816 0.521668
-2.827625 -1.966314
-1.123970 0.382767
0.648074 0.309645
-1.073945 1.324696
-2.299259 -3.281382
-1.112274 -1.428744
0.182224 1.306557
-1.918022 -1.927575
-1.996186 1.525811
3.120320 -0.146372
0.344436 -2.128577
-0.564791 0.977633
0.264430 -0.469785
-0.624784 0.119111
0.189163 -3.257618
-1.441693 0.343814
1.977112 1.675829
-2.094526 2.358016
0.061655 1.053803
1.932844 2.195388
-0.079566 0.795451
-0.154384 -1.582633
2.464785 -0.441559
-0.340059 -1.660674
2.775896 0.688310
3.615139 -3.374675
0.436915 0.371856
-2.287968 -0.774642
-0.181798 -0.608843
2.230071 -1.132408
0.118781 -1.844471
0.372776 -0.074103
-0.464441 0.314738
-2.605940 -0.756518
-1.337826 1.440341
0.575714 0.068585
0.918108 0.300471
2.130966 0.560328
-1.845676 -0.845042
-0.561907 1.786983
0.102507 0.105603
-0.601856 0.246604
-0.035629 -1.152919
1.149767 -1.975988
0.651887 1.317310
1.102319 -0.758075
0.290198 1.813739
-0.258814 2.328824
1.827642 0.842826
0.679425 -1.359193
-0.594923 0.430124
0.018636 -0.648370
1.245695 -1.216918
-0.831320 1.008568
1.159162 -1.358716
1.799609 -1.044270
-0.363208 0.411665
-0.919133 1.263663
0.363315 1.390422
-0.055616 1.508647
-0.775794 -2.666067
1.765139 1.706247
-2.641097 -1.567659
-2.159146 -1.591538
-0.124873 -0.536707
-0.728338 -0.032431
1.587104 1.277219
-1.126784 -1.692848
1.664926 2.698540
0.820455 0.476566
-0.266509 -0.816825
-0.090616 0.892872
0.187066 -0.130268
0.169918 -0.901297
-0.300255 1.718636
1.057354 0.715222
-0.344706 -1.086658
1.871520 -1.321045
-0.251431 -0.667900
-0.591429 -1.644726
-2.808931 0.710249
2.768031 -2.968118
-0.003647 -0.038261
-1.462571 -0.332769
0.953614 -1.742882
-1.909423 0.138263
2.113775 1.062937
1.863202 0.292287
3.510737 0.575374
-2.028752 -0.677982
-1.496657 0.045757
0.826552 0.489010
0.715509 -0.924830
2.423234 0.354765
0.814591 -0.592595
-0.177657 -0.081330
1.016590 -0.660493
0.910474 1.475688
1.109140 -2.241863
-1.004300 -0.141123
-3.223254 -2.540446
0.519654 1.385821
0.021052 -0.991482
1.402507 1.020216
2.669354 -0.869495
2.069052 1.889139
-1.931056 -0.833322
0.823814 1.802198
-2.408766 1.396203
-0.686718 1.539646
-0.366578 -0.792451
-2.024976 0.024214
0.453159 -0.360548
1.482156 -0.908877
1.837107 0.541215
0.172265 2.062487
2.505497 3.680628
0.905078 0.864524
-1.349747 0.677284
0.650723 1.355052
-0.415647 -1.280204
-0.499843 -0.147540
0.871129 -1.213598
1.409950 2.157740
-1.488799 2.159217
0.064283 -0.497279
2.844419 0.478961
-2.559671 1.537394
-1.511018 -1.567520
-2.550664 -0.549820
-0.029904 -0.694459
2.972614 -0.798378
-2.018235 0.237836
0.637131 2.586539
-1.715886 -2.895941
-0.508070 0.751010
-1.694625 -2.160026
-2.132403 -0.402602
-0.279298 1.217923
-1.292515 0.463077
0.567942 -1.783561
-1.092733 0.356538
-2.622208 -1.650780
-0.632667 -1.420799
-0.868380 -1.807174
-0.495412 -1.807614
-2.286267 2.631141
0.846257 -0.393799
2.311790 -0.539520
2.375505 -1.405721
1.645462 -0.631472
-2.437873 -1.065915
1.335960 -0.991199
-0.174511 0.209742
0.937169 -0.789643
1.006897 -0.453849
1.217278 -0.607065
1.722827 0.288304
-3.252535 -0.279688
-1.743928 0.264389
1.034116 0.287448
-0.409176 0.408359
-1.671099 -0.452211
-1.738732 -1.500222
-0.107663 -1.182074
-1.745339 -0.912648
-0.927390 1.121606
1.452132 1.714713
-1.643125 -0.437296
1.311655 1.098454
-0.347712 -1.034196
-0.358323 -0.432002
0.879182 -1.218312
2.359060 0.869658
1.327158 -0.423907
1.625395 -0.819268
0.470393 -0.577694
-1.744267 -1.415030
0.727127 -0.706678
1.698900 0.693424
1.893357 -0.897544
-0.758799 -1.783208
-0.073743 0.671645
-2.593781 -0.062464
1.130584 -0.502236
-0.432799 -3.454566
0.521507 -1.206138
-0.512179 -2.944324
1.269887 -2.184457
1.644658 -2.284656
2.448554 -0.510176
-0.036316 -0.036865
0.380730 1.529459
-0.836376 1.732344
-0.543422 -0.493500
1.345975 -0.030441
-0.134468 1.457552
2.979457 -1.052369
-2.125398 1.081487
0.773559 0.267738
1.093924 1.683402
0.210866 -0.978755
1.323497 -0.293815
-0.158225 -2.690658
1.565864 -0.472866
-1.104090 1.303405
-2.221515 -0.156788
1.799497 -2.674862
2.208021 -2.759376
0.579772 0.908082
2.212816 -2.328553
0.729276 -1.008361
-0.997654 -0.748725
3.180416 0.866091
1.417867 0.505818
3.122720 -0.108042
0.559495 -1.887034
-0.610183 0.816884
3.049389 -2.700953
-0.863637 -1.434868
-1.060681 1.326251
0.936791 0.845176
-0.051547 0.794022
0.705574 -0.235331
-2.395422 0.702712
1.654316 -1.243087
0.980052 -0.200731
-0.762057 -1.174639
-0.077816 2.023257
-1.343446 0.520766
2.781720 -0.784339
0.912289 -0.509489
-0.421314 -1.940618
1.757903 1.229233
-0.154083 0.792524
-0.807437 -0.556500
2.633555 -0.101453
0.652556 1.165786
-0.238691 -0.140402
-2.323741 0.284120
-2.717600 1.919894
