0.031371575089025	0.006888273348307
0.085072873354674	0.011455738381240
0.142389984092417	0.054333500998754
0.188946018839824	0.062146428011974
0.291829005679309	0.060762625390958
0.313827326652554	0.014428389218386
0.393982152720909	0.058549981461500
0.440951666169789	0.061565148309238
0.506577119407378	0.038258180220322
0.597106402878907	0.000302782689757
0.631219582109763	0.012420761736557
0.724447994807141	0.021597047035838
0.761460685217511	0.034658998142616
0.816906052802667	0.005847034773521
0.897028408716905	0.060001073171734
0.949054098676204	0.042919501919630
0.022427451132663	0.110106297023037
0.108238803495359	0.078965140976120
0.132540200387603	0.122561674055192
0.210306912476734	0.100360165911927
0.299227740277822	0.094457437524562
0.319452784826153	0.113720497739553
0.410922065516566	0.095772839275485
0.475721273041731	0.103371819840016
0.547598131230357	0.068818747227504
0.566308237292992	0.070973407144419
0.686825633368996	0.064120150448084
0.720039298852798	0.074279090639734
0.778061454409166	0.101297421957435
0.834270377764891	0.078461453409624
0.925145097656093	0.080070892134698
0.992850252847502	0.073099840100179
0.005682741918876	0.179390950373931
0.112569402143725	0.185419575820076
0.151231100075816	0.137372763641149
0.223166450036961	0.177819803398526
0.267105510491437	0.138844005330197
0.355177863190807	0.180382223870927
0.426925489632861	0.157347438471589
0.497270552397187	0.173541467619022
0.538343827918485	0.164528744420858
0.571706442732063	0.156563849501327
0.678032721477918	0.149028959267663
0.701515581229240	0.136343187407787
0.772920106790359	0.148738058158485
0.849052176164475	0.182113087560193
0.904495975940837	0.133205898850156
0.947973722099670	0.136624908921454
0.057125393634691	0.247026666270575
0.096374223598715	0.249655645879022
0.154778481424385	0.227818671579663
0.246600974554103	0.209694448587181
0.295100544706243	0.225732992790461
0.314908651970306	0.240580966170081
0.414326691892773	0.214166229364152
0.457671782879665	0.212879687553593
0.558959023196706	0.222543873657715
0.617484549771758	0.195703433653853
0.643966467895421	0.191780971466047
0.744925705714832	0.199509544038914
0.776025651523617	0.205804994174001
0.827085922300952	0.226561116965967
0.907358772361735	0.218612357282804
0.993412282185376	0.231733395466402
0.040515078372093	0.261597377949301
0.087794115379870	0.271383543038132
0.146094644723599	0.266497833454399
0.244397290966450	0.265954106525973
0.279920748980348	0.266491818973211
0.319930145373202	0.282348804416216
0.435407380572964	0.286967707180760
0.452973855240963	0.267082681985242
0.548061613077429	0.286306826056984
0.622700902400003	0.277737781353699
0.641566534283121	0.289064850594514
0.721795683312648	0.251111866426331
0.764178568660672	0.292721961576660
0.852368305795795	0.257749254191352
0.886299150547432	0.281353109014186
0.964303063060344	0.259932574891120
0.050325795190368	0.369498252896475
0.092981646179217	0.318650359362050
0.127782383090300	0.332799134751619
0.204403636413488	0.315513886817618
0.283927569493867	0.365111674339886
0.315450352922885	0.374036953129465
0.424220721627171	0.362924826226762
0.487855095617207	0.333840355616724
0.514249395393242	0.314833723911395
0.573177522269119	0.347851082821808
0.672111336749422	0.334239900015350
0.733196566765126	0.329995013384613
0.788405207634998	0.352049011091480
0.831158140372987	0.315462462168178
0.927523942298145	0.340859884650181
0.958247722553380	0.365674632308230
0.007284617504288	0.421167627628000
0.081164751831946	0.402476735113882
0.182430579253107	0.408126435017475
0.208228897249961	0.376295597350992
0.250201883711317	0.426602447839478
0.361552511920815	0.395842452873090
0.426168841059825	0.431962859568177
0.494917941409493	0.377860342793367
0.513377648228402	0.421365331476290
0.599775839823944	0.421935732472789
0.641751388964884	0.431779120101542
0.726169896262854	0.395390535214774
0.767745282490562	0.411495518631766
0.862134993611750	0.389026890381129
0.889197497675591	0.428000022393069
0.982855071949972	0.420363948239913
0.011067381364076	0.448488242970428
0.103989390302214	0.494641031894051
0.131908788099980	0.485811550836268
0.235156685314178	0.498126712729136
0.263166010921278	0.486207106380306
0.320378058271687	0.462628056941351
0.392305889025402	0.465023994001100
0.491497455963166	0.483279167015753
0.557918585573886	0.464836214369823
0.578494796809623	0.481310487138413
0.679369747171148	0.450732140572097
0.690551623993798	0.467380591020309
0.791583097971529	0.486678298166762
0.836931812044217	0.498445594057195
0.883479462996703	0.448230049051514
0.984634087446526	0.459015284422556
0.014926434148784	0.551502964354936
0.081853976375855	0.558922693598183
0.138656194063056	0.531502774516470
0.216441300253254	0.521772347759519
0.277587530093171	0.515322215378476
0.323264914581847	0.503636230016974
0.436991924026979	0.503008687971278
0.443226468197705	0.550480975621143
0.508052661289240	0.518623529064614
0.577743324105452	0.525733836888856
0.629965197208795	0.515638796296119
0.738951257922210	0.505318685159511
0.786001761976164	0.523224451409938
0.815002213916742	0.510566307685353
0.879356223537902	0.556186762069395
0.978348471553961	0.537994084612116
0.035892839377255	0.598126587393490
0.110392360959177	0.567719556814460
0.169904952238990	0.587834608732451
0.239242487730049	0.593056151868789
0.308500335958321	0.608755354620226
0.352547887212724	0.606509054992117
0.425644703177536	0.573834108860775
0.443757527349227	0.613990940674904
0.560979252709886	0.608123965019040
0.578772555720357	0.608313714033764
0.666546829578361	0.567461740241261
0.746751836776792	0.612497831706423
0.808277993389237	0.580434569933087
0.856918643413675	0.568799080721522
0.896171452962717	0.586272153790638
0.939640659082714	0.577708906075617
0.024066628049842	0.626154038429645
0.067698413129011	0.639312793038393
0.176801982275048	0.669639070645124
0.219460035899994	0.671973823114991
0.288263938122141	0.683826554653078
0.356241308104652	0.629570275226042
0.390623724120814	0.675384810831837
0.457846671755041	0.661232611623996
0.542271402077696	0.649670182281912
0.617721127795573	0.672033672377475
0.668360431674137	0.658246993575186
0.710077514469758	0.664528556177283
0.753127459786629	0.650608179340048
0.818080414771820	0.643612039789118
0.909261795976609	0.628339050251138
0.973941054116339	0.645934467630795
0.022371279604819	0.729144097344634
0.067727127215529	0.746139328940455
0.132076985844662	0.691846130955230
0.232901356295427	0.703941176911220
0.312291342823252	0.697136704128267
0.347206158949925	0.734034072385760
0.409456337329921	0.695068168324667
0.499759881669832	0.714420569179212
0.510026526217704	0.702217921006893
0.620570063284382	0.699044025694962
0.660011714201540	0.736241581831999
0.700785113880012	0.711713595816217
0.784585409121841	0.707028673951754
0.818518868648917	0.724242547200816
0.929458547046980	0.710275873401616
0.959905500019646	0.731597894041705
0.016748851489217	0.752952056806640
0.094338108952934	0.802162439341695
0.166487316785261	0.807747592420841
0.223760353409746	0.780538619444831
0.253974223466700	0.773055394054520
0.367626620251133	0.768735301321427
0.417943360541352	0.795835076492707
0.476686103380445	0.766121907789172
0.552194844841653	0.792709641532323
0.623507941476071	0.756017824679966
0.679642543442231	0.800707576182486
0.719369908132793	0.757275378828001
0.801637936351853	0.802455074631715
0.826567096959117	0.766657912743780
0.909637876314143	0.759971767229720
0.992943763396573	0.757759400499696
0.053877333904704	0.844321894088486
0.120435579998986	0.817293571178404
0.186428982254916	0.838337358631738
0.206123684071615	0.847425014938327
0.272976545083913	0.836535231317751
0.337106415454672	0.828614146714358
0.419601198092476	0.830407310761606
0.462105295117270	0.854559504727847
0.502723586164118	0.845057671213303
0.582598659782111	0.831242207616740
0.662654973720818	0.848227231742518
0.691283701585206	0.835973439816379
0.763645643036846	0.830100059513375
0.825467818768920	0.854801246207743
0.906520304248324	0.868346765097428
0.994586428000379	0.834094239374761
0.055635496550388	0.876172061224042
0.100445144411164	0.912301944824821
0.167497592900763	0.910298070150963
0.202522629191522	0.932321918224874
0.259276848448621	0.935247537402959
0.359107153835731	0.910890225460378
0.424839871816183	0.879062164270217
0.452023333189316	0.928050485582918
0.559424403923197	0.906820785581791
0.576438869687598	0.906442618761548
0.662230914671028	0.908274452631775
0.700244611292203	0.898850149611558
0.804901054651104	0.932428846309178
0.854100750012230	0.906920149114896
0.913688255803121	0.900051557362907
0.947344371280015	0.928830057933538
0.008653400627932	0.971701160881599
0.069460779590174	0.937849016743793
0.153094033586232	0.991547678042331
0.231455051990681	0.981339813496764
0.286235395478139	0.994265356856460
0.344127458192903	0.945088415306548
0.390344265488173	0.954925709029759
0.442774470401992	0.993306638773253
0.521929443222338	0.995907063915140
0.607368634092824	0.973865227971427
0.674800875026221	0.941792495156823
0.711314319900427	0.971892770766139
0.755973607012065	0.997512251341835
0.825578922714474	0.978325664977503
0.927390216672767	0.994413122417036
0.999017535490337	0.992741060441532
#
0.020546605422405	0.052217681933478
0.122713729796864	0.058396113482513
0.143512962608601	0.051857530049597
0.236915855927373	0.061910413481973
0.310235969081460	0.003163505084385
0.368624710185366	0.033436824546297
0.420082225663956	0.023675695649273
0.471437501510707	0.034541203342853
0.523368378626385	0.024954960163439
0.576970538666232	0.021207366492880
0.681920474961382	0.042031106781687
0.732114153953645	0.049005201548921
0.772523660319863	0.018193961561935
0.842770967275782	0.060142204354085
0.877416336516597	0.042865809776207
0.946014830844597	0.037635771828386
0.043227958168305	0.082280184859941
0.118244016556010	0.069293397946002
0.186139669836531	0.071420945403846
0.249926286051033	0.076629216043891
0.275638375946586	0.103797000813367
0.372616351363276	0.073549163879605
0.410616151429274	0.091626294938993
0.471238736784141	0.066655550589588
0.538714361473386	0.110409500874325
0.596415193861214	0.096855236298138
0.650592472424752	0.069833831237590
0.738689735631037	0.111909593117752
0.806949343414616	0.069903680940020
0.849680577166071	0.076270121414859
0.892431443721273	0.115697691898839
0.945863978924664	0.082624795531185
0.003863579245252	0.164619979399634
0.085331567335602	0.126559526718119
0.185662167320997	0.175562886081883
0.203326133170823	0.126342466246882
0.297229454397976	0.180453523700813
0.348152409941692	0.180605949788728
0.427483803430219	0.155376855043666
0.471873166309524	0.183007444967052
0.551033785898712	0.171346089886233
0.609398898795922	0.128312534595214
0.673400776282861	0.144632093743918
0.689008144080059	0.169169722251634
0.762663898977955	0.129789319632642
0.850529114448123	0.177043506043740
0.915196071068103	0.184596098769595
0.996841689905697	0.184297479179059
0.039565487526605	0.210169538147787
0.098783323156830	0.192364286079506
0.182129317413114	0.241799930225080
0.242302475044225	0.245374505159649
0.297368774419853	0.232772526327235
0.372965085989089	0.210479237260991
0.387995119820813	0.198529747128144
0.470255950851775	0.200323459797148
0.550833429832904	0.196780141998148
0.611780743679097	0.200022438776801
0.667230009169371	0.202807320911160
0.695838944610054	0.238312364989732
0.751791844930684	0.212505563328160
0.864419775314028	0.195442054946428
0.930210739619846	0.223050216468528
0.964944271071568	0.249284603443645
0.043021921078447	0.270677178055206
0.063414969641812	0.278050772546686
0.173452900166379	0.270936316800871
0.248729554935994	0.272601329261111
0.256395330988778	0.300123577090591
0.359032592339565	0.282437316440613
0.393903863838968	0.265289504855822
0.462530739640359	0.286811113642601
0.534520823487435	0.301714141632364
0.582607567853436	0.302948880560102
0.676231335336629	0.269996931140776
0.726460633008150	0.256532986591694
0.805723207317228	0.277913975041107
0.849205270403578	0.277067095149441
0.926958185006971	0.286221556199300
0.978441768510021	0.312389751008570
0.047127733687434	0.334109367094727
0.123952250534541	0.365384978618330
0.146846508059382	0.313255829998701
0.226853503389133	0.374549845451734
0.280732545368544	0.354963076441773
0.359875749327446	0.333411751014276
0.417298755763867	0.327573449121572
0.459542172063850	0.369352765816579
0.523572886149882	0.319145908784504
0.605711496255992	0.331104358225969
0.651752217708098	0.325310825897104
0.737876815034630	0.365893885374743
0.777925120440294	0.320786448997861
0.823264462643015	0.345202117380151
0.919162536981553	0.349669896045739
0.972424795873795	0.362262949839296
0.005792520010330	0.433557764815296
0.109158130242526	0.376149918869755
0.133345334399688	0.431338425840679
0.206192950227692	0.400749170038209
0.288810167135976	0.402253407758487
0.328070262945390	0.417384487222853
0.408924428943178	0.389555049452361
0.483513855458823	0.427171716478693
0.534932568313655	0.386630642608886
0.584059498045025	0.392307152786480
0.644426312825975	0.430497683161054
0.712397568457503	0.384140823154976
0.757074952258164	0.422963724904802
0.858268240375507	0.376436691134921
0.921794322359328	0.408377143911407
0.954178064410616	0.424592457184822
0.021285910397136	0.470664428627506
0.072987286754764	0.498924239727534
0.180330756729895	0.451125584560476
0.205521411965140	0.471841505998592
0.270019419394089	0.454217369555663
0.327704453131348	0.473815250713684
0.433520253674015	0.453980955779315
0.499594464636081	0.477537859735321
0.505304755542382	0.467795714582967
0.572518362040286	0.479190395427097
0.686525325683534	0.470425530300808
0.722909315148231	0.450602586005838
0.802673860960098	0.463314436338449
0.864593700401507	0.461007617390367
0.916594056975235	0.445323662936064
0.954740203950144	0.474670841774710
0.001176747653791	0.529764794853345
0.085095499487383	0.552186960352046
0.183934957224744	0.529619268119479
0.246010736575935	0.549860768919429
0.268557596577694	0.551240114841782
0.338852671708761	0.543928390495462
0.433923734860477	0.502447785635583
0.488738087134258	0.526413080434178
0.521104462944461	0.532690809406967
0.624298198075685	0.553816923738647
0.635100359972590	0.522098643215629
0.692208906418460	0.515457489356738
0.787155989813538	0.527121956597460
0.869481112472010	0.553002699276084
0.908300155563234	0.531456903736446
0.945747521227633	0.532329404646840
0.056915956446183	0.589601307502506
0.082365367493444	0.624643434741218
0.162243741936922	0.598722054587845
0.215786043270092	0.623095248927268
0.290223030499235	0.578363954849975
0.316296312071219	0.593751323111065
0.434634965829233	0.610479284918513
0.470018344647837	0.576026601472643
0.526524352396146	0.569255355165050
0.580552265154094	0.614884874009850
0.673432590625815	0.620464697464594
0.735686032301906	0.607179604248302
0.770775719448755	0.607979140807986
0.854831593630331	0.570516902373176
0.893870654447556	0.589392031039901
0.956746594752010	0.587006575651934
0.048012371433552	0.636104329826451
0.095314113983841	0.628830270900817
0.174188606496129	0.670907251940436
0.221417267523687	0.687359933377560
0.308437722675953	0.686681097926149
0.363344273556337	0.626041302253967
0.425500281850807	0.665308654390464
0.463267710255056	0.659697351170401
0.552359392936891	0.673380664066267
0.622369648335122	0.656308880868905
0.672476594594767	0.643881509725210
0.746228315997573	0.659523772302089
0.804091283045498	0.682729960141641
0.866832945799533	0.638766364968909
0.892308141210770	0.659567977178858
0.953539838319654	0.653645907826406
0.004108412672442	0.740833969173449
0.087984717617041	0.737434978928635
0.135139605512991	0.740956329127298
0.247126161367545	0.727240996691920
0.293115539340795	0.702896002698200
0.348231113596873	0.741390640408823
0.388463617989552	0.695414341289530
0.474006354133367	0.735056200526901
0.514880345715764	0.702156360206347
0.617983837013711	0.713668083865467
0.680211865326905	0.736919637329858
0.742433571094864	0.725182773495950
0.791723102937504	0.697042105881740
0.815592019615716	0.692773017087666
0.936095438038720	0.727108810280824
0.977578665852216	0.720640463747699
0.001848010419483	0.757661041354332
0.112194588186614	0.783024475961114
0.185199400278553	0.783598534770682
0.241720647854782	0.782428085418634
0.301902314878395	0.810942462586901
0.316504822011689	0.804516273112273
0.404852095561766	0.781247156708559
0.464769503733788	0.793652006711613
0.519357089612600	0.781992243581217
0.571260852639391	0.775026114270446
0.659468478138318	0.763504731588416
0.744877391580929	0.788206235252602
0.775711207103615	0.798511374971366
0.829779080875981	0.804681711930242
0.925281515080198	0.809754267974583
0.994789805509450	0.783371744292293
0.044934432076391	0.820084591135984
0.067975194791326	0.852870470475259
0.134603679720802	0.836312215504309
0.203617994357161	0.844989618774268
0.279508642349860	0.817346021024824
0.370026968229219	0.847432937815886
0.375189836981052	0.845022378162253
0.474029016558553	0.853622152857976
0.531183746345035	0.866557265106020
0.594556464617387	0.824266283761073
0.682494270905152	0.862075385096151
0.706869380582210	0.864994587388936
0.771896535754063	0.838683582018987
0.817929884318246	0.817803189727199
0.879543719683318	0.835318438204778
0.950997241630335	0.828332835695667
0.039062364763595	0.921979177273921
0.103551775721379	0.930020274141575
0.134898964885482	0.910651743813220
0.246839196769716	0.900403244761495
0.280922038982604	0.897471832262229
0.322439692494795	0.925705430109684
0.408372788726905	0.927031389624353
0.477475135523704	0.884955340183795
0.532527050884098	0.890238539857729
0.569723951457353	0.904311932455588
0.635758827763088	0.903972478255507
0.706666430884895	0.898171810511423
0.784473020140308	0.931042208465757
0.856841060474245	0.884205789598451
0.875360348378392	0.929073316217766
0.949610099810434	0.896405270924770
0.024947160569706	0.979970721857965
0.096322251971886	0.980174269799067
0.177218040099768	0.987825403438258
0.242409436161376	0.955558047692305
0.285180260973908	0.978705366704661
0.315793906775837	0.958105622475409
0.424904625612522	0.955353926638573
0.474381417059196	0.992962651637025
0.554068117298667	0.982892095762163
0.581578883041297	0.980922799960459
0.641674352813669	0.951659662943371
0.737177239029477	0.989612269343834
0.789324454695877	0.938955090460124
0.812766006696682	0.946495248457998
0.933387022231679	0.938824348050129
0.944839059115001	0.962386292862330
#
0.052503881551675	0.045232093001304
0.096770735159929	0.003742533242037
0.134461682102867	0.022515178008474
0.213007255128586	0.010195559882604
0.256686190377615	0.017745437221077
0.331330041390921	0.019151256758871
0.424619777692626	0.050653110866703
0.451114733590189	0.061510602477708
0.557563638226144	0.010946330005756
0.581747359673434	0.032727002493974
0.636911578028093	0.009890667194242
0.744640582880154	0.017064900286976
0.751101624802943	0.048607091081470
0.818191129861095	0.053326251943555
0.880169186931492	0.038403210224561
0.951867732921235	0.026188841328534
0.030360206051930	0.085087892895701
0.099661151014073	0.105234438359676
0.130043584709066	0.093994817805708
0.234165278012321	0.074142077911329
0.259037395286499	0.094856976349805
0.323549971510901	0.088829440754799
0.384493329666321	0.110162729626792
0.493207711986780	0.076282351295529
0.505472896229004	0.074526133018552
0.599403517620383	0.097067520641621
0.687050594191428	0.086225823679409
0.737463826921877	0.089732689280001
0.767096941348770	0.069387366778540
0.858864136211077	0.086744482110777
0.913393160468175	0.089425247197953
0.980723330324568	0.115253105364450
0.006809023705267	0.177237512672375
0.076878676921916	0.177192628934209
0.173952912210127	0.130653131056031
0.248478276174510	0.182222942151065
0.277056956640924	0.178850734982721
0.371824762404856	0.148759982568738
0.429968374852317	0.148455954875321
0.458973346021137	0.177459919677339
0.503789772076716	0.179966619891340
0.590455442047784	0.155053642250726
0.654599360546469	0.135027613434947
0.705329238877825	0.158390443765300
0.801848056927404	0.130651231274393
0.850058427569470	0.155800445871032
0.896550384951767	0.185784531684077
0.992437678402042	0.172888106488480
0.059065386506628	0.193780682225777
0.098110315252703	0.215147952977602
0.130870913898892	0.215677834471729
0.232971165368909	0.248454866144679
0.290332523605980	0.199816729716215
0.361682070736234	0.221562234823723
0.376117271968074	0.247677899227170
0.446184942617241	0.224160604391168
0.530853142939939	0.196574416362931
0.591511663376356	0.195294615712551
0.680294043193640	0.196188095973616
0.744671263585256	0.192330353588874
0.786938041078844	0.207691781358489
0.866890991279364	0.246819060455151
0.919365086690375	0.236047173090290
0.962759554712162	0.191257466926765
0.015250236003252	0.285420690744165
0.087063982986627	0.287463232447035
0.177850076373515	0.264214420839961
0.236960219289050	0.283466188230311
0.268218117173695	0.284043942382337
0.335979182889797	0.287740942215952
0.385186759379037	0.262893092661489
0.456166978158561	0.274924319039547
0.500030034017989	0.305341875077072
0.613659668274610	0.276736357182785
0.670653668839520	0.302595659331441
0.743654365868111	0.287476794162643
0.765837273971605	0.277733346090008
0.846098375077964	0.308818102958919
0.907272743141459	0.258339065623781
0.963498177842353	0.260630512758072
0.021359368276051	0.319844564279156
0.085424399503489	0.369810702074275
0.138074269695923	0.354108052556195
0.197959757688912	0.367158068094789
0.289199170883908	0.371826498826692
0.357868769274878	0.372139844969995
0.429004185467261	0.322117543315892
0.464602713304829	0.373621561098523
0.510104985968234	0.348347664819064
0.589790326302124	0.338394427619850
0.626722669913253	0.351955420434115
0.732970455002615	0.364753363389697
0.788938395746271	0.369158275496834
0.835247067667136	0.333382416565060
0.879640705302507	0.313342916342859
0.946784123591330	0.347407282367327
0.011025053655269	0.409983072205210
0.119833450108379	0.410930162682415
0.133339646754516	0.424045102944142
0.213457688418789	0.417661109774527
0.272085659793132	0.398946419727627
0.362491188800775	0.393706120729611
0.420136941083506	0.405086791819215
0.467705617287477	0.400877040307591
0.508242022073418	0.385778896236624
0.607882245643503	0.413944593203241
0.661248572382901	0.435031254498761
0.692003248347785	0.405089992498418
0.789663380210326	0.431856038571418
0.838646535243873	0.384690381094043
0.883501780730673	0.411890763375999
0.947084440997472	0.413320059547741
0.055232151278814	0.440898114204965
0.082570762392732	0.457053096401983
0.171866535874867	0.438827892154532
0.224104732560018	0.439096732298284
0.265767303662903	0.495658709331918
0.372245528079743	0.498646314633928
0.395537217603539	0.479131310824103
0.438602633090597	0.447889998732226
0.550212455430350	0.483078637040006
0.599429789284344	0.458236739495359
0.680130342863880	0.485627020225657
0.735538955410719	0.469166297283761
0.810408428252653	0.491864724257464
0.866654906288990	0.470503611497815
0.905022474347503	0.493729982843793
0.947982097745520	0.486396942502795
0.021511970223862	0.501117384920040
0.116008436858190	0.546072921362606
0.161661419676771	0.547073311823670
0.192812115042543	0.508742419670160
0.262270218957511	0.559822137728874
0.368603934517853	0.557228790856835
0.409855073573383	0.530903124374082
0.447436853954554	0.527290453005650
0.537649659244961	0.530121467301534
0.615201511840034	0.531612441445843
0.665892306433733	0.514041855119644
0.717281130076684	0.546372419859719
0.765059217654066	0.557042433995414
0.842084490642786	0.530843860229557
0.913087600298014	0.554794241381412
0.974360702160481	0.532208520024365
0.014748481615039	0.564427301739209
0.080756578351314	0.597019964269600
0.156921031528483	0.611173514258972
0.194435507570029	0.593416261304732
0.291519338056450	0.566128874824180
0.323317310789907	0.576830922905782
0.389947277657326	0.584401956284279
0.449242437959589	0.606334127379543
0.519912553984884	0.597650274584338
0.595063569803039	0.612280068756030
0.632873379510798	0.577285215422112
0.720788316081345	0.568567063820913
0.800845825780031	0.604271207713003
0.855489946475250	0.563636031496836
0.876177958969767	0.564731406863367
0.944297036084881	0.611968708439839
0.018986318905136	0.657324529260472
0.078008271728295	0.650567749652096
0.166240370987505	0.654360619220385
0.207317690282319	0.667118109917994
0.306017141773137	0.685101901486074
0.344644210745381	0.687076739341038
0.423348302382126	0.630285036896888
0.445991455943089	0.650833593978508
0.522713458927514	0.652355329911191
0.619107417513525	0.643727055347694
0.669117954788175	0.681203648170038
0.720626720540604	0.654116391181973
0.782316252262056	0.664168702491249
0.859546639414515	0.660248254055681
0.918035786448870	0.649990419193634
0.950948180954076	0.687308977940075
0.003884434555397	0.714853829405004
0.070281116424660	0.707439723836710
0.129159021294131	0.721301850739704
0.188118013364290	0.729239543720437
0.304810089726772	0.695481762117236
0.322681061576628	0.695215159199484
0.420014082420970	0.719720646819268
0.494536847529709	0.742078795401514
0.558131164288062	0.725803245508183
0.566897656667721	0.734630048693421
0.654296388288912	0.719263878905742
0.699821589924936	0.711194604262406
0.806732660027159	0.741003794739024
0.866248883508669	0.711756864772005
0.914816819111541	0.725010407908124
0.986994137969914	0.687582000202402
0.013168258770175	0.802888045434465
0.123821382730692	0.791897188983717
0.153487927025065	0.750631940172899
0.237608892403685	0.793983155420628
0.289909173962057	0.801822142425650
0.354434972900649	0.765037291643102
0.407356179646998	0.758724240137084
0.447840368479453	0.777524166703230
0.531010216021913	0.776512726405406
0.568598472398263	0.802236970831812
0.645183338002577	0.811012421283175
0.703103304480459	0.764640601413474
0.771397435635188	0.807927069573297
0.834923386666324	0.802294654914829
0.914544758323358	0.767863533507419
0.954076969112287	0.764106712831209
0.034250441786542	0.823790011129759
0.103724630049831	0.865374143757013
0.152297458661440	0.844884003098096
0.227785800607592	0.856060337372720
0.293175675537944	0.828175702266902
0.337750849174394	0.843738897550790
0.412359402028927	0.873588375193902
0.497010694597734	0.863872794606460
0.523092558743803	0.834737933624358
0.568174746252637	0.856397868377133
0.667878525472567	0.874349838631891
0.698507201744012	0.830272807118081
0.781885976735942	0.837504816727597
0.837274429190386	0.862473681478871
0.896384191224092	0.870390206268730
0.990717487916867	0.858116538798347
0.020797111753676	0.885423228103417
0.099481745136897	0.904175993964117
0.138019537745397	0.895680216567866
0.196218334533325	0.897220572301820
0.258623988587904	0.910728477590188
0.374198034885735	0.889417509682690
0.401763738634010	0.910719206492235
0.456999040955445	0.915504767219654
0.527399075762345	0.902083349114885
0.577108009256098	0.911272136386547
0.647447713466815	0.890644299335695
0.719979876441644	0.891030092014356
0.772557464171564	0.910782561922279
0.816049495639990	0.880538302824259
0.888023976516101	0.891483568517487
0.966057610748349	0.880703119809787
0.040450937997189	0.985872535642905
0.102005983813900	0.945265597418245
0.139384972284172	0.988939749787431
0.227770299703761	0.943928445676325
0.272747085245849	0.996754627193849
0.336839737652764	0.962051037762908
0.392889118801194	0.984131298868249
0.477800123504782	0.947680556988968
0.558840682991161	0.987705696051173
0.622226524762746	0.999177359961131
0.671231224023209	0.978759003652669
0.723788896540363	0.979357326223831
0.787435540385180	0.996416334091084
0.861233440239153	0.948925262741727
0.897914213352002	0.956344328344880
0.970586649644674	0.941482472219850
#
0.058416328391972	0.016889271679541
0.101246514221129	0.048501299428987
0.164060603341567	0.007510974612090
0.216018311380413	0.011462396391775
0.301088149220121	0.032989102729012
0.335883444166017	0.027793938329628
0.416577169841406	0.027173039917176
0.487977222245647	0.015762459606808
0.528277142823971	0.055610528097747
0.616248425603553	0.037610370019709
0.637310907684106	0.019092002713376
0.689940440469058	0.060219358317605
0.789968735911527	0.029114089156295
0.852662040817705	0.053163661284643
0.910544979510723	0.039380560114370
0.982439535433063	0.006861342773624
0.028726452779078	0.118959142577708
0.080878166136886	0.116308190101131
0.167229577937915	0.074687734452818
0.225727499165974	0.088812146240103
0.278149740573287	0.122062961541131
0.349718167731706	0.065447096917300
0.435184454413872	0.098527410701739
0.491779131681956	0.075878115475848
0.547172145070432	0.116732405453043
0.586317904546465	0.092993069636401
0.647289295234901	0.107377066956804
0.718529290701502	0.095917740349755
0.758928442390503	0.088416991062909
0.849298032329371	0.082474174739321
0.921796779144624	0.113713330193705
0.969886013939950	0.085136422805403
0.047781273137145	0.136687853449068
0.088605052477472	0.155402940763254
0.181036974913100	0.132581102343411
0.216703223289620	0.182153346335900
0.272797086034039	0.126001235228847
0.342924958043831	0.150210626749371
0.387989433805456	0.150619225946283
0.454729743029394	0.166662697675443
0.500573168858088	0.169452975601762
0.622503736521468	0.162870977446523
0.630668293016653	0.140562726275661
0.704827546917328	0.129548640908219
0.796883616476409	0.157336421653125
0.846177027568612	0.157665545797829
0.897489083266698	0.157748425023222
0.973110631538581	0.153979617818021
0.035805232627505	0.249836982664381
0.113316864252746	0.249056016094763
0.127976539763733	0.188269780468724
0.193890764961576	0.192297767732478
0.285923293261654	0.214651927605656
0.369233773627024	0.199986578084642
0.430718257686989	0.195664221088091
0.495726405132615	0.194127255688451
0.512440865207450	0.204569111887731
0.568694528659385	0.219761367239934
0.658018509443039	0.243809916048499
0.689460329624582	0.241608196591052
0.754958792940005	0.193032823577065
0.841443318865831	0.207925541607646
0.936162292942443	0.238052938378079
0.952930164410600	0.229631653603779
0.002090929018355	0.301642396179177
0.106688189330555	0.310487166963398
0.185570228742568	0.265498051539878
0.196435857348013	0.289076653187297
0.262197205930645	0.257506008421771
0.328035334376161	0.273080957476767
0.427666018205384	0.255614655908573
0.449087427771671	0.299165289467588
0.505953118992260	0.252189285820860
0.598109114792456	0.269837047370928
0.635215038101355	0.289627651576797
0.692280671735010	0.304171204012044
0.802379448270048	0.278211740506979
0.827273932332702	0.287232791140497
0.896695776556548	0.277960736441999
0.979514667744985	0.287212850039874
0.021124505166343	0.374789983907200
0.083465955414219	0.324967495663433
0.174047189470508	0.366618334939498
0.224000700306846	0.320345596514024
0.261969459333217	0.320999391189776
0.342405169467070	0.334167684637166
0.401192203635860	0.330352347624803
0.472911447076572	0.332926137872372
0.555068267405747	0.356782335099830
0.615761930993936	0.321922401812492
0.627147027961246	0.338255719709735
0.749042023395082	0.338117740472224
0.771446365125930	0.360245316678832
0.866369939509050	0.331515047703640
0.924351065489312	0.373296670877211
0.995698865574831	0.360439016305711
0.003440167479203	0.404959738872703
0.119633051478219	0.384357560559143
0.174855438771158	0.412645542901043
0.217857397692361	0.389175902284141
0.262961374846162	0.384278794228863
0.350077797682043	0.437405815042417
0.435008215309938	0.430935689974212
0.465072086203744	0.429046655275521
0.525645361797219	0.383653786821210
0.603141512789447	0.433492112059843
0.686628966883088	0.409459561335845
0.719729650976888	0.432246257360616
0.769961733477530	0.429967622998512
0.850228044111335	0.426678555127391
0.930353235771845	0.433709248070072
0.954829809521867	0.423091178683818
0.040752238807211	0.491005353889429
0.087246449015161	0.445304308263074
0.181234279485940	0.442711205615828
0.210284247053853	0.474934664301675
0.258188904803407	0.477713902155569
0.359277855994128	0.448880891347393
0.376341292911405	0.454527153695707
0.479968810580314	0.479504351906829
0.508128937626753	0.464340910438178
0.569886306913659	0.460364534583144
0.647330593555777	0.446722172348346
0.709952502414806	0.489425043442036
0.787917338626091	0.495817716494393
0.856658051411891	0.495566403681428
0.916012612646681	0.444933575157759
0.998911894988597	0.456320977570447
0.041991100088808	0.537260831531547
0.077042145352355	0.507971611137728
0.146080750511280	0.521864540836393
0.189621400612435	0.507507383592312
0.275411600965986	0.506658425381560
0.370332950739617	0.527329029754579
0.397577025467199	0.561774753470503
0.451159435487622	0.520029702606851
0.505836422774786	0.509757126480052
0.616283158900631	0.504280156878936
0.647731209993998	0.525271918281278
0.723483894596222	0.545801966025215
0.779078865852575	0.545111501177915
0.814892980750858	0.519109805235432
0.932527226598474	0.511382307467023
0.960429150485534	0.560197072554193
0.039815274585810	0.571657060836828
0.087789650270201	0.602842040514886
0.170322619418223	0.573569951261410
0.219748590469185	0.584327228314203
0.256395178557466	0.583991778801193
0.351562416597517	0.608250696717471
0.393393752707842	0.571366678779914
0.475024615714216	0.602417961601731
0.518212143641597	0.623093156943934
0.564353156296851	0.597457399367112
0.679624302223586	0.623370429602422
0.695369973722349	0.603198735649511
0.802653740361602	0.605064236583436
0.845463489233624	0.619951775587385
0.889757732602246	0.585580240751286
0.981549053434061	0.604431627997414
0.058356266787941	0.660453464669514
0.120898721476760	0.673362397076181
0.173396822716668	0.653667243175131
0.246472504338360	0.648815524420658
0.274179331396399	0.678214231329205
0.360895525762671	0.640032135375666
0.399060323432568	0.682875322919077
0.472023868257418	0.687165293187640
0.553480324813509	0.630492295983828
0.584967143023961	0.658711754404640
0.637838100173473	0.653337787013929
0.697792684661758	0.673692420340071
0.768338977378057	0.635794639124254
0.830364432713917	0.664792009987820
0.898216120904129	0.678082101845202
0.977472321270609	0.676511380746148
0.031506345061703	0.719339572584568
0.081344324430415	0.708944908377352
0.136180961885532	0.728732920901671
0.207963882892035	0.690213438720725
0.289201521018218	0.695248157486261
0.355578984333104	0.690828289022513
0.391900976701733	0.693240773239695
0.487458524713283	0.692136282247872
0.558821059689815	0.697289451391504
0.582260971020386	0.694384538948509
0.667681605084842	0.697994921431643
0.693800490292790	0.725872417775302
0.805352060297237	0.702983251150694
0.873938521573771	0.733030417711830
0.912941685580984	0.713582901275620
0.977864583279673	0.743411577843575
0.049040044159987	0.792170544164761
0.091142912023618	0.800621469662437
0.175636600671135	0.795441711652195
0.213514839043146	0.809196533794561
0.266138871451523	0.774269127758282
0.360549564964732	0.791495830266852
0.409618474158253	0.781594774402118
0.437777127750515	0.799267954029904
0.500535264174811	0.778738999527702
0.624300265699113	0.790642330447012
0.636947413545439	0.797978071579821
0.719362779411455	0.781713899683490
0.775523032635223	0.753026752282290
0.836667118279535	0.790972019613481
0.922618920052801	0.751439866799382
0.978015322378607	0.785022724908200
0.010638319729627	0.853881665456896
0.109874716519815	0.862045008817116
0.163178265263717	0.848544346948281
0.220967989524586	0.858804551560619
0.254711676681114	0.866632888790135
0.362316912983036	0.862391180996176
0.402120874749874	0.842515877455011
0.493731154796838	0.872689758732493
0.510408139586311	0.832473152409069
0.575551886507438	0.848612424503922
0.673438813199391	0.874573049964866
0.698502486457816	0.823287943642537
0.779372196564072	0.822260478193583
0.861877670028335	0.871130627506327
0.923348119988420	0.864201382149291
0.950535618703122	0.860703736962332
0.059242067916026	0.900147651793702
0.110653651045438	0.891705220903783
0.157117292306995	0.889360214208569
0.206337810571151	0.882097397277736
0.272411188858075	0.911722230311535
0.371881897254936	0.917481042294526
0.419090337595923	0.926848365035106
0.439563662352637	0.927369868074863
0.560469346557038	0.922918901135078
0.594650168561412	0.875110235312630
0.677264380819342	0.928248449997801
0.738701030347427	0.903955123452226
0.808148430048173	0.892364855961610
0.846899172255513	0.929666503912808
0.921253623538942	0.930732019724262
0.966143419026896	0.907561892651152
0.006283115044069	0.941796752523351
0.090888508733103	0.939911295849576
0.170729602028320	0.963000311915064
0.241879177510710	0.988780862707361
0.279342958637709	0.962531098665211
0.344351234736818	0.986924009249062
0.436023666828643	0.963891377067517
0.445559375193682	0.949162115301975
0.548387584506042	0.999293968998081
0.620093199685238	0.943295317033957
0.647335144012430	0.941818421358317
0.743465145204324	0.982281485291846
0.804413321527982	0.986881700676023
0.813962417058405	0.969498125567217
0.882419204530287	0.961017695479332
0.952473238186788	0.953111650615025
#
0.001361267917990	0.044900189120648
0.082512052501555	0.029534109060078
0.131994589699198	0.047940986489514
0.215914104620673	0.044539531557714
0.290606691977150	0.057113070287070
0.336393123730992	0.028553478411877
0.396768721727833	0.013421043756749
0.476342814852563	0.052990550318614
0.550339276972306	0.019545446358282
0.587551763578097	0.060525198728551
0.686162624857077	0.010057071153437
0.714147804252954	0.062372241314704
0.805142502517007	0.031047952470497
0.838812245425957	0.035399749752344
0.883530951136148	0.011417461372660
0.989234132689711	0.030324443716166
0.007527383671847	0.109505694908906
0.072957402010322	0.110317408394841
0.139995274486718	0.089010801085157
0.190682312590811	0.117705437906018
0.269684227901088	0.075347159701131
0.350091726047707	0.090478193152342
0.428311142238861	0.120927859838919
0.467912978325135	0.081625177180191
0.542226662592666	0.084319846651475
0.588023532158817	0.088535519075472
0.649186605957031	0.111224613483931
0.706788882457602	0.094847875538363
0.809145266407669	0.092254913244339
0.862929690466362	0.065301280847704
0.916538506188439	0.122139023616244
0.959466040969003	0.065872899315640
0.002939397207913	0.126805851527445
0.100877311657154	0.145877032880293
0.125698910458758	0.181363275156790
0.232349765977671	0.179355232436060
0.265742686464391	0.144062627693420
0.361100245656818	0.146378791896016
0.423963037680127	0.154967469301184
0.496056660033892	0.166426638209128
0.505505939233817	0.145797679758584
0.619439047250650	0.143047762602346
0.636048372022586	0.136059445622624
0.701156114944293	0.145467116196632
0.808674831408117	0.164253820703424
0.851944564065068	0.178339413306871
0.935285026803679	0.170350593467092
0.994683877301794	0.143430430533697
0.042028013670241	0.235133235979623
0.098773635030089	0.216526609502972
0.125250764336728	0.239430307262677
0.223177155531751	0.209741846285118
0.304092950564016	0.241212778242471
0.367261143646846	0.238997125908266
0.383534628958100	0.241553568439338
0.453808526730586	0.200467859950840
0.510133103920993	0.219643954369739
0.606801111028600	0.246175787119701
0.652942511870745	0.206018087720386
0.714060026198057	0.206864579352402
0.760962499599197	0.248420803778204
0.841124915801018	0.232073401766148
0.881596940440148	0.241308400536377
0.964503422385781	0.200588123162880
0.018012341203404	0.255411971972886
0.066750971819682	0.286906828413929
0.167175366305671	0.272258436166974
0.198309297821440	0.300708205159918
0.291523053640621	0.305142508628811
0.373287889422101	0.310695379026163
0.394126485848480	0.308677993859439
0.476470945630332	0.287705547141425
0.520803684577300	0.298815042024668
0.576855750001118	0.305045547209458
0.641240729692215	0.253271583817730
0.693861250170474	0.278781406951901
0.797848030790418	0.264731806808205
0.873045913001533	0.310392244209161
0.880583695792147	0.284717798168356
0.986311141674828	0.307177978231846
0.022303546929570	0.338808495921271
0.078613849637009	0.325803323826590
0.134437302187885	0.314031009853708
0.223479307847093	0.347893606981471
0.291830347555068	0.364942108889795
0.352014557482212	0.373810060845877
0.383592795902768	0.319009355954828
0.480058455078411	0.316408740619409
0.539655008697220	0.343144274687661
0.613278184301634	0.374717030790569
0.653505704459619	0.313073597397440
0.746583231796763	0.337756747604058
0.784298720457428	0.357438543501761
0.829167009698964	0.318065003507786
0.906519189731688	0.316529003103853
0.950300161918928	0.319707979740856
0.033461652980410	0.379882260372369
0.123794240818544	0.423413299501038
0.175281680520922	0.436514686938379
0.197113424760083	0.419184331035750
0.304095059267500	0.429309701123114
0.367632447216341	0.430569047863378
0.381957824969305	0.390220382429012
0.466351369562641	0.427127832151514
0.531271237305196	0.427271357225783
0.588279244423210	0.418032482072719
0.665640865200116	0.405082508419310
0.699550893786259	0.397018125824285
0.809137143863281	0.402520728565874
0.814517643041214	0.401794317679432
0.913781330624195	0.437288347195086
0.989732619416256	0.396726347802143
0.034125897881255	0.478915859168958
0.098761026712312	0.453369961240299
0.160094117783032	0.474283545519408
0.203998580928077	0.442699068198027
0.310615820867968	0.472332281839878
0.374402688626876	0.458445635163445
0.412460421642745	0.447718802536307
0.465840782147329	0.458957273183381
0.525511061036496	0.457332966038918
0.570816667286753	0.470648128765320
0.636303776717699	0.457158115595150
0.727972708782873	0.459708892629065
0.778894712602230	0.498853002965649
0.859219471760262	0.483487496497922
0.929591037942351	0.471402228046535
0.952706013867912	0.448268379771213
0.058755342032820	0.517235227398862
0.118471925872954	0.510776811514696
0.138206198305289	0.508698160674818
0.195960326544233	0.524044692740204
0.307780067246123	0.554377695863805
0.339808525276559	0.536019096013862
0.399007977137577	0.509777322864923
0.448629582885450	0.559830839206658
0.528838680481733	0.528015801500416
0.576072621322487	0.502886844523108
0.680221821761858	0.526599926065328
0.748121690746774	0.547723057690943
0.751258631484527	0.553292567126521
0.839204918599386	0.527389320158374
0.924163019179637	0.515334092040508
0.946939418138224	0.508100257577165
0.007886085471927	0.622546774858503
0.077539434077926	0.607762736540815
0.152626903821395	0.575351746028255
0.204862968083439	0.597752141454316
0.261337284976346	0.623218519132519
0.338124227526859	0.589843729371751
0.386637186386887	0.586216851506898
0.472574601263640	0.591093668837238
0.557022438514284	0.579779673007964
0.577814042790051	0.609883525856394
0.657855821591885	0.569184185749428
0.725730128056773	0.603714909632391
0.789142115007071	0.576007147468279
0.843317839644341	0.600230300007442
0.926435874917995	0.600231826736180
0.980095775225804	0.577246792894380
0.059598097460600	0.655407229620127
0.064856790472371	0.680930295535580
0.173161721188380	0.683302810822102
0.197365277871109	0.627718172851651
0.269201044521574	0.663345685266737
0.317012620203200	0.634945037864369
0.391846834482124	0.637996818684157
0.456693638324317	0.684631234223403
0.532244436261185	0.640583490054259
0.620689707108701	0.632114639725679
0.629785416867185	0.635898074035858
0.736969886053579	0.635572148111084
0.764044678045680	0.651779232989480
0.859788345926159	0.632554322351947
0.896895520874391	0.634977518001100
0.940236100476523	0.631788268439539
0.023472571445390	0.708982379238932
0.094216653225994	0.742761861749520
0.174690561235112	0.716190764206972
0.230068880288761	0.697409195260240
0.305963816250666	0.725958497097822
0.344088718025966	0.712582925151238
0.430217053986904	0.745199957031920
0.464936049457741	0.690522911216953
0.541731965053881	0.716582084663464
0.608829658678460	0.728745347087678
0.682487160781163	0.688855585060398
0.716573004268360	0.735616238231449
0.778525575623737	0.689891022543281
0.841843015914048	0.740150295195670
0.912571068105188	0.749388916214087
0.939650114917231	0.747522760996950
0.021617060444927	0.765512854548407
0.098535708582153	0.808271212531433
0.141653195624043	0.764013429946851
0.195454085669586	0.777317411170764
0.287803824446817	0.759605677465933
0.345672743926563	0.807258477637022
0.429656566206169	0.768098694975045
0.490899410358607	0.803432327693080
0.502304475973315	0.765398657171265
0.604170854606007	0.810521527207578
0.669878082636832	0.750275859376480
0.721055996452006	0.807100905555324
0.770003168673721	0.799685741262437
0.865638196582589	0.796866371671056
0.900341352992189	0.798481696180180
0.995043026209470	0.766115523150916
0.020208923223593	0.867422857290931
0.071648023078835	0.824843269659286
0.133826710693265	0.842758324761004
0.239906237822121	0.822386800051873
0.274114295467528	0.857101562356018
0.357332750132152	0.852905271642470
0.390057542190202	0.822265394063379
0.492613749082110	0.819067297242947
0.556213622300120	0.860120169174653
0.563976545047242	0.841516102583617
0.684700980374404	0.830026095256914
0.747503816949903	0.818359813523330
0.781257132395696	0.854849562699057
0.858986632094366	0.854770815140747
0.890551176507853	0.854880861453102
0.949626150922181	0.826945856435212
0.019413755192518	0.930040869961968
0.099004964774708	0.932223048598325
0.125189919883313	0.886461550910948
0.205303580882680	0.930866930908725
0.265655522296591	0.921337625721082
0.319929988183414	0.907668307562165
0.425230873964082	0.893345158580538
0.458024164622888	0.893753462839232
0.551480164661533	0.885268177097376
0.566986296719868	0.910577898969775
0.653748372998379	0.916444924436846
0.700488681980755	0.883399053362291
0.756961656241203	0.888787598556091
0.831719356389767	0.934433348709003
0.930665495731091	0.902470287655008
0.955012416427492	0.902048355265765
0.014041967489534	0.940326063996257
0.067138032945138	0.947890981364853
0.171808694340128	0.947851796622354
0.190956710896794	0.983986433839073
0.294391705664897	0.945145298190216
0.361142455160418	0.992858102645343
0.384289028416222	0.965670258788315
0.439224017027701	0.939148916775977
0.500004849905964	0.991425731406530
0.579002400718513	0.967264976213864
0.662361876218315	0.996660073243352
0.746071075699541	0.995094730444857
0.790925797215529	0.954193272064252
0.813585851152564	0.949982782159346
0.921051950422943	0.969662361538425
0.937805002715393	0.997824545454426
#
0.053472344892442	0.061174904607161
0.107171493199927	0.004285414427702
0.155325941879495	0.041230308876543
0.208806212661743	0.028413101091495
0.305323554637801	0.008745635177764
0.338405406763406	0.035077124245599
0.421499255895382	0.018819527588510
0.465539034477095	0.006189568697286
0.502425075785705	0.023259971281691
0.565722371728793	0.019482056003642
0.657113570174462	0.058294823290383
0.735759643616215	0.055052636829799
0.756597112079988	0.061951906187332
0.843734069603666	0.018782465854027
0.911995994095806	0.055956162539883
0.987065496283948	0.026026604834135
0.003528387068312	0.075371903530409
0.082782925620625	0.074343281451576
0.176403408765654	0.078010495741156
0.210346910380257	0.068212220024600
0.256758675111751	0.085850479086710
0.354083000517353	0.114277321173408
0.430598303150176	0.098495660416315
0.464133132429941	0.079256649351273
0.509295758342323	0.097339872409902
0.569351832398528	0.096120955124758
0.664499991757213	0.113085336456561
0.739374329158891	0.083217977521875
0.806548990831722	0.088292090577491
0.844947016790963	0.091485819349528
0.884915998527993	0.122003004492610
0.950183400217836	0.074715408412091
0.012229201081146	0.179979841252202
0.119207940237645	0.133475431228516
0.133218655844852	0.165711171105088
0.226786860652335	0.169063987875489
0.259026072659536	0.158982735047811
0.326616857422427	0.142332089428634
0.436451633140434	0.138223971388821
0.470426470980264	0.182556519065415
0.522577854504361	0.153294873415910
0.600350777685608	0.125363829953215
0.650577651299089	0.136991169335551
0.736269674857326	0.158730192510698
0.809260706387405	0.168868487070750
0.831461027429081	0.171931554574271
0.931598333946103	0.184387421714931
0.956631220517827	0.161988048779193
0.026937998939408	0.220972073214006
0.077322601737064	0.244749171207018
0.146807827453433	0.243154373076547
0.231644832714029	0.196949899184273
0.257731000603580	0.239321266720495
0.331867255289542	0.218445930156961
0.416073056369455	0.243503710922902
0.481070894758117	0.218234389809248
0.517579826792371	0.229986510147570
0.619103163086484	0.230963404285946
0.633900836417778	0.239526865695842
0.714708122707603	0.218617165468428
0.805789445132434	0.189406952486468
0.845452043133660	0.244328362938675
0.932062489183052	0.219360405572075
0.968790623526739	0.224702543165698
0.011240892944331	0.277129883898802
0.102421601224905	0.258376094354521
0.173954906695628	0.258027608653770
0.230782628695197	0.304803860823113
0.304043955545999	0.298552084521752
0.332192281251119	0.305297537690564
0.427055187346310	0.250539413973582
0.491543094552831	0.298226379596914
0.541725266792747	0.281653435849970
0.611575353974843	0.302858632725048
0.684599483181280	0.280601313126530
0.688985832850795	0.308220781777804
0.807564935936840	0.297492593989007
0.827545462194259	0.255272633630147
0.912642073025960	0.298721169962366
0.943010547112327	0.254497193717863
0.000931172078925	0.324917268476546
0.117575969705376	0.332907289635136
0.130477049738513	0.367959909794261
0.231723512271238	0.331707832975478
0.261027413262876	0.335789381808319
0.321987633522830	0.365657392013971
0.403558574783629	0.338076856167888
0.496748506105330	0.348060065757730
0.512367179678373	0.369001582714613
0.592038124006250	0.371679633534904
0.629966986250358	0.345849133613717
0.747573751912004	0.312923315345059
0.806484877261446	0.361026800583589
0.821811172909641	0.342802764112782
0.908264407808488	0.317516058015175
0.979856506858453	0.333490315756875
0.045534338900013	0.378260820813771
0.087455836654398	0.408226830325026
0.157787343305603	0.427224157346581
0.207931067741111	0.436732016168938
0.278489476003682	0.410436925384667
0.361878408145131	0.400862610075474
0.423834614947283	0.398434144581187
0.443750626088877	0.423312606810548
0.558416690167137	0.411770913220074
0.610390310201419	0.385980138324895
0.670346686030470	0.412062218174004
0.726646559831371	0.433293847991920
0.802423120488511	0.384324427099625
0.863104833068933	0.412587232896496
0.923606718159538	0.387264122709111
0.938011370672148	0.437049307656602
0.004057432947810	0.497724749060051
0.068936592333237	0.441496645741630
0.157465861768570	0.473801492605429
0.195600584951602	0.464332131369582
0.287808910632229	0.478716123087498
0.357582281019441	0.482976231981995
0.425982332101786	0.445965937617227
0.464296950382832	0.487988572244763
0.516978211923148	0.449904586758908
0.580095139059726	0.474580639501703
0.627509591650453	0.475939190591671
0.704032616344405	0.466520137713295
0.797173700379132	0.441172935622435
0.839269028298852	0.468102243372263
0.934377245909855	0.473889650581728
0.950147762213635	0.481307528370248
0.049072093530924	0.554833864936916
0.078997019405709	0.561492533728362
0.182550839787594	0.547151116388769
0.228747827068727	0.539283713087622
0.302962916988289	0.507393898182175
0.339511334771409	0.505179997563870
0.401464501431087	0.531152813629865
0.439461918737381	0.560848881461040
0.519572678579617	0.534035222059822
0.564186549571270	0.509626548288419
0.633354299718247	0.535400062516658
0.711645206020131	0.542118682535858
0.757222752408642	0.540496706157107
0.848542800603561	0.547592677492670
0.894473354846000	0.508194579933932
0.980330031811686	0.511606381117391
0.044899847907340	0.594753081219330
0.099250280306849	0.617445824200391
0.126056152890915	0.566998620096594
0.245112087663755	0.585957598368627
0.290917821791004	0.565062243753942
0.327509357073579	0.580611515692578
0.397665723203138	0.571673831729957
0.456705216715742	0.608580748604979
0.541936390606439	0.622392204458567
0.585713673693993	0.578096888380963
0.671888952940211	0.579181601995761
0.690649781886174	0.575769924823723
0.809689081928155	0.620229156628537
0.839587884131956	0.591945843879819
0.935202822088660	0.578495221216230
0.945760745324255	0.586286191208355
0.027836725893509	0.658274051930237
0.078357817026753	0.659689887536734
0.126271779634704	0.674575666137290
0.223172441686194	0.635284205333512
0.252709995242816	0.637983299038136
0.361182921635612	0.637917760558873
0.391916106604486	0.665492862894431
0.449541153956563	0.637570151349080
0.537931088628930	0.650544631228094
0.590765860709540	0.662221643049205
0.683730511561439	0.631896608088723
0.734871052362111	0.632074899842165
0.786906294664230	0.674824329264770
0.840762098515584	0.666441682299236
0.881238021758324	0.662247159556078
0.981820494397967	0.675002077373211
0.006917407868760	0.701580086973631
0.111671098010072	0.719335400754198
0.149247588100668	0.722352794714354
0.202182752622101	0.698731245301019
0.274520174271199	0.719611372471464
0.371796684135170	0.698941228317316
0.410046737532841	0.738237005815780
0.463958486149544	0.725929305693933
0.543349460505030	0.725289174451677
0.614014149495404	0.721391720457792
0.677264549665215	0.698675068767316
0.726369856880365	0.724441793392050
0.806954953396217	0.707364881037470
0.847937072839224	0.709241005786285
0.888917273743175	0.711517105131996
0.963122336840169	0.694309407206441
0.046788695541161	0.794838590135877
0.096856684635709	0.774057836175560
0.163997102581546	0.766523257323779
0.236298403743142	0.766175185785088
0.297869082260381	0.771259807273457
0.330785546150474	0.798042415928920
0.423325441105018	0.785074467575195
0.467177937876475	0.773902398481477
0.550246806826966	0.761992736533166
0.588224001409422	0.793370557653455
0.634997046598582	0.799817401912836
0.731958502666549	0.768813393112229
0.799862589509544	0.760512257855854
0.871654249392253	0.764702443313366
0.883253069887462	0.773594742253445
0.939892792478179	0.789933631555162
0.018348198650253	0.837806062138478
0.083262160934569	0.826437932558809
0.165325832286111	0.831079000058486
0.219849643930758	0.828107814992105
0.305223129891726	0.864508215262789
0.352172028107958	0.871501631655614
0.434245006369717	0.853328737396125
0.455596176882530	0.868303075285699
0.501902633623547	0.873869174028833
0.572302336923266	0.813850379767560
0.679158912343941	0.847738026605858
0.736302313158825	0.850828718417517
0.772985175111793	0.823340819379860
0.817671184152754	0.836737807001741
0.922744867883214	0.820201982265618
0.943762815966332	0.868238779394477
0.002986137013763	0.915929414094060
0.087591532303507	0.915878529931856
0.183946324147737	0.916695143396895
0.197745645828602	0.905007339482547
0.298464926029198	0.934355074044283
0.355429794678448	0.922698809398035
0.416698165524099	0.879299540000921
0.451584797981564	0.922399043422169
0.511724097249500	0.915148754307918
0.592736941434615	0.895260053938897
0.675733294131521	0.897124514585506
0.744880545315654	0.881638759268480
0.764906359170542	0.899087386982652
0.865045518510171	0.898142611438675
0.912304355742481	0.884386931897464
0.965792377631481	0.889930265202404
0.020852521474206	0.987234919227132
0.114755351501460	0.981838462418955
0.153581466852590	0.940364899478239
0.221410545950385	0.963045238712347
0.279127531953651	0.941173485830350
0.333192102339396	0.943895836944318
0.393219335154448	0.962074843924976
0.477373760130111	0.961837555694938
0.501936357468817	0.946070052976387
0.583033050895443	0.992119791231728
0.666092693844366	0.975956247007930
0.739881737999358	0.950034168260762
0.768235359941780	0.945446517756895
0.853391750375948	0.975988408603237
0.885934253938830	0.973022818719159
0.958258723553912	0.989901518854290
#
0.000356783508406	0.015065318209833
0.067982334965021	0.056470167690765
0.177146404746372	0.024816641531609
0.203784076646269	0.056856791036403
0.274469016241950	0.022934139478704
0.342618416492506	0.006874499393016
0.398601980434289	0.040223741680436
0.463229076069717	0.014296993543812
0.508003088298254	0.033489461210205
0.578891970803121	0.015331577091206
0.660167842354897	0.040106856040681
0.747778580654477	0.032250509022793
0.767291529370074	0.026150118507480
0.844892978835826	0.024010145154668
0.875997464594780	0.060132196070657
0.971451257581695	0.052379723112071
0.055300934253098	0.100204456882832
0.073282445812547	0.072263371696408
0.142578136179964	0.113107258422092
0.212985717711967	0.109221331422269
0.290535890302978	0.110092655723005
0.366975889539340	0.113117153753554
0.390421050837129	0.109874774800235
0.456642475813078	0.121400898976461
0.554215548732717	0.112341214506850
0.600659456403963	0.084329213297304
0.677814566688103	0.120892585123282
0.717139159074202	0.093649021444411
0.765765952546677	0.108612163454204
0.865301741939690	0.076763471242567
0.936618082152358	0.101625146702660
0.942697992083895	0.107719370043538
0.024166100518584	0.162066692611451
0.095326687740820	0.180476895269932
0.145705489111879	0.149526599291020
0.242384102834012	0.184301031941851
0.305289017442332	0.164614597155506
0.315131079115121	0.151422464775136
0.411835842658029	0.140210578599994
0.491801172172837	0.162527744521510
0.547919805041845	0.154487751649457
0.567142837099881	0.134191686595253
0.647398982216813	0.180389429033475
0.710630710023835	0.157926902429999
0.759321864507352	0.177100772675965
0.874519746473995	0.158699756394187
0.897399302955577	0.145622875982808
0.949632965700499	0.140362230977128
0.027626149217278	0.235745815425936
0.096440890389830	0.223532731958789
0.159696506620896	0.234793051346157
0.232517459003725	0.236926627371443
0.289085822087151	0.229754307448108
0.351972706290421	0.194515883880555
0.378136543965232	0.224949541044759
0.485839046811065	0.218851354722597
0.531595437387376	0.218294673228123
0.595040184220425	0.238362634158894
0.647602089293092	0.249497796350507
0.711291374702424	0.214685147459895
0.774155305631378	0.191017525024018
0.859585738402578	0.211065122528483
0.928503696440836	0.208463197098687
0.947686280242676	0.193135594935886
0.057736800123876	0.289185624738849
0.068576622741198	0.250434606190639
0.151576790586481	0.274455397948496
0.249546783030277	0.269593901849490
0.255795146747445	0.267937013796283
0.313070936012215	0.269515430763018
0.401002059522085	0.310415594197790
0.441299738203245	0.250732856569982
0.500952119706420	0.267200332124415
0.588449999797961	0.266839387626815
0.647072447294386	0.267381367525058
0.712006892709063	0.286812705491160
0.763969731913290	0.283914579857703
0.867986724899497	0.280748943106911
0.913041174566150	0.282610666698336
0.953188827221326	0.301300708667562
0.057953762820795	0.349658948639910
0.101887022794547	0.326092408012737
0.169027554128908	0.368407906904679
0.241741200936199	0.348053838964099
0.297023190909420	0.363746732732688
0.370377467638552	0.323670915505190
0.435849195258540	0.331644195878563
0.471046146769902	0.355879373218254
0.515262809512849	0.347864297532445
0.611695099473394	0.366238178901546
0.627170274922315	0.355032098984237
0.689021792030316	0.370658970174999
0.810248747205536	0.362322696961887
0.846727249729849	0.326361919785585
0.921564025233165	0.354988453206604
0.953757373299742	0.317747452413954
0.022824245292070	0.395418940349580
0.093825094845687	0.408109217162269
0.136966042092411	0.413287359880816
0.207456732639101	0.386260521906372
0.284426716629981	0.390189451401865
0.313227888968128	0.413342967434633
0.418014801684887	0.432557355931508
0.482483136754595	0.396567774912475
0.533182038031095	0.380923407342849
0.565157193589294	0.391360285069994
0.632125894191471	0.402455025446242
0.726470437608420	0.387437063272213
0.774671782614238	0.399304130498624
0.874365653260463	0.435368533551313
0.931295695422170	0.377436464754850
0.966779332920392	0.376350130114902
0.055544476488848	0.451062449359117
0.066235078485039	0.495192500106686
0.165318306239280	0.439122354219230
0.192718070307215	0.482246213966805
0.267145281647017	0.486850550933590
0.351328252023395	0.443041854335587
0.402413296403227	0.457120781594333
0.440860008108630	0.474721403015363
0.546065522019301	0.478371771556761
0.584662225844726	0.498373502122907
0.645760499789789	0.468514778047338
0.749873337088472	0.483600192655833
0.752201824609587	0.469632996195493
0.860006974715508	0.459497892157407
0.891465017721398	0.491512245860419
0.993797871690196	0.482441617215504
0.061524982127367	0.500498465888202
0.079176327872364	0.516842661152906
0.131815821530604	0.553592949055855
0.212105490927842	0.560151182143635
0.262654574663647	0.530650656895747
0.314766328549540	0.557693524939868
0.416253382145952	0.556789799126398
0.480576500946907	0.524174260519602
0.509053522883112	0.533547075676859
0.609640504346378	0.530705363947946
0.659519533838499	0.546638174764611
0.746388359503795	0.534348502835922
0.756825869977317	0.552624175730190
0.862009922155880	0.525230023244566
0.886252271887207	0.529661654938166
0.991202446761006	0.554937803141060
0.061857165739489	0.587376346715581
0.118311453216200	0.615014242253386
0.163119456259445	0.578267954802901
0.229792906767058	0.622333533377348
0.270354303128634	0.594730236182159
0.315322368319105	0.569230553200871
0.422375449237850	0.619371968611230
0.469310444641581	0.593341295716432
0.512966895755489	0.605717434659767
0.588834303481000	0.610917703288937
0.651306820210024	0.563409223061383
0.728885323662866	0.574379534215988
0.789179485125742	0.594606895793021
0.845371577678102	0.617187724010364
0.912690415870792	0.603504163178965
0.979884065595661	0.608155152683765
0.015783983722977	0.665101882050536
0.099361212350629	0.641234779588700
0.186884691138259	0.663099843013473
0.188259145055958	0.664199356129789
0.254262349933098	0.635979035347928
0.347797522416873	0.654086955174940
0.412738245003912	0.671083678312968
0.467678687076592	0.633022562267846
0.510734121041194	0.675810903846475
0.568653756055551	0.651092761857107
0.671255017539662	0.665724834989692
0.747620185501901	0.664894329815263
0.787333235313379	0.630579794380018
0.830890103102054	0.643437790645039
0.888964321540311	0.673881808947511
0.982098727701138	0.637418117013275
0.038136672455733	0.687513601849790
0.070738676093341	0.727889454714695
0.168653622818215	0.711106307475387
0.220718930977913	0.749793224458651
0.298833523408122	0.701395132829527
0.366542903893637	0.732942821803257
0.391705821010216	0.744014550508353
0.474240535456743	0.732714277251557
0.509341756946370	0.722487201209294
0.564873191615886	0.732465683624024
0.669019229414761	0.699021088602375
0.748159366586632	0.702822024486452
0.805939142299685	0.733499744204688
0.849517911200998	0.691765547017978
0.905685480880361	0.719175686077605
0.948250397445692	0.736566882577391
0.049376143212285	0.752790220795500
0.078563800783843	0.758077401742474
0.157989252264493	0.797194444789131
0.219111475897164	0.810124856506620
0.301844237442558	0.793155430826162
0.327349277929717	0.780307120170399
0.392019234063225	0.783135781698077
0.440164335727497	0.811186258666261
0.539459754867586	0.791897141297091
0.577541844311646	0.783753266347631
0.638627001247631	0.754085453315425
0.700576537044387	0.809094734125327
0.779571389422536	0.793933153773875
0.870459078038800	0.785497831188957
0.929555344655424	0.809510072808948
0.946470675570069	0.752121616999414
0.032656252566412	0.851855959446834
0.085248013206932	0.870690557348004
0.184616093624992	0.828556000957279
0.237728554490658	0.824438923943541
0.311804808443250	0.836096066783321
0.331645630653749	0.826298466595774
0.409627369030991	0.863940284206518
0.444534475480214	0.826332970787499
0.559506279139199	0.831332329563175
0.624803495826154	0.843060874532806
0.676972533704707	0.862995914719183
0.703074983441172	0.823504580842216
0.759692431255172	0.850498157343943
0.822319216548307	0.841475233718863
0.926392638776776	0.869668728641623
0.937602360238112	0.873693526911361
0.043913157768877	0.875505804098911
0.106256159018086	0.891091866626193
0.179845956428872	0.907691358945493
0.192661556023560	0.884709351625575
0.303211372212556	0.925813212362307
0.318012503471810	0.921001767881331
0.398840925647258	0.876064732365442
0.462068392406117	0.898394235779041
0.526466391244663	0.924871464344294
0.596511572141669	0.933580779294968
0.662587392138105	0.901338447895562
0.720056003738441	0.875954633971782
0.794985654774351	0.891152875006933
0.858571813758130	0.932521936031413
0.895193083682142	0.918011030817989
0.945469041080323	0.927041349770045
0.016680303848507	0.960233632480431
0.116115492955692	0.984298067469336
0.147501748133218	0.993759592731660
0.195731337402419	0.946619133889121
0.292975008715986	0.949137212565783
0.362698309964663	0.952145026912830
0.423919003366357	0.999054492159992
0.479126956527267	0.990804588492798
0.555725260359637	0.964738470232053
0.569272659807879	0.960178589570028
0.661968938039958	0.958257586103458
0.713554146298220	0.986762061988530
0.786196042908401	0.944381867682534
0.823241363834995	0.989871936032984
0.922921156740147	0.993132643749270
0.966351853559341	0.980040988181727
#
0.011905096503185	0.003097566733043
0.124291760672185	0.013296230713789
0.163895221014133	0.049857882721666
0.247107086236846	0.029968226553748
0.264704966877402	0.035496800520457
0.353331949862380	0.026976775704412
0.420407465509583	0.055907317406593
0.494835996009604	0.014395509078609
0.500985686580181	0.059296886057546
0.571028384949553	0.004751499554201
0.631226416693238	0.042433808131012
0.721692905158082	0.044751756558486
0.770986945300476	0.023424137767503
0.812532209834906	0.021221885957341
0.903161008746983	0.020759234748143
0.963326581556077	0.013716358621888
0.026705760049332	0.123582684259997
0.105468938792001	0.118875406055333
0.137671036794239	0.099564819372507
0.197863573720181	0.104624642098119
0.254759330405448	0.116289232215213
0.345933161174397	0.074960643617660
0.389161525704936	0.114859748367420
0.484345005806965	0.105172196864191
0.539171113117871	0.098554620644090
0.576838366661532	0.118935773264136
0.644546954256843	0.083363575632885
0.700130595974072	0.109658157303850
0.776180201667287	0.103824708882329
0.852885905269740	0.096204268317368
0.885900587748247	0.100453859509540
0.964621791593293	0.107085121180184
0.046204780704855	0.160296902636252
0.105832736731002	0.153843279047018
0.168627602291207	0.137709527032033
0.237066507045428	0.169623611257906
0.283610017512369	0.143748494553438
0.324980343578495	0.144238674581106
0.420740589029910	0.138645888105651
0.446942472352400	0.137229425282504
0.518449979765795	0.151487130430524
0.616266727125334	0.171175513209001
0.673787816700942	0.128655989247760
0.699918354966193	0.143750261548848
0.768269073469743	0.128961859373716
0.841756527770021	0.175229796511175
0.907483348455858	0.130356191134862
0.950264020243837	0.135186387955953
0.008850801316172	0.211666942943508
0.078716033665979	0.193216250657736
0.158544863858503	0.208460623185025
0.191665711697230	0.196277246012184
0.293510199738320	0.188248681181168
0.364488181961232	0.249973087615211
0.384601237501973	0.238710450529752
0.485004622194684	0.190676083745359
0.529009824712763	0.216564508511001
0.600353052513756	0.247341919369610
0.685020660544401	0.217289327228742
0.703038797775642	0.229739082826939
0.793423977457784	0.189318672128562
0.869220120903738	0.209733908084392
0.897638247702885	0.192718727588122
0.968442893972607	0.242452003249189
0.037570075228012	0.276750226758712
0.077576498708240	0.262617042989614
0.153585081853924	0.294752114069940
0.217900344090397	0.272593110732290
0.307872608768608	0.259349191563518
0.347890691141456	0.288119853512179
0.401236548938611	0.254652057033300
0.440997291066101	0.303242392733982
0.519669965379795	0.265250477696012
0.573807888696042	0.309994288443121
0.657421609699941	0.275186428515051
0.723062504935209	0.305392416439809
0.757625068859808	0.256624316798203
0.835151183948072	0.307243313668236
0.917985337650866	0.306133260774341
0.942420102744345	0.293421490084362
0.005304247360398	0.364041179430564
0.074109257361644	0.315835248519628
0.169971871185692	0.338973618366051
0.219586639541571	0.358622588431724
0.261079501872552	0.337186360679261
0.360966411692432	0.339170210840919
0.405399866176397	0.348128639708303
0.437887493564721	0.347498823954956
0.544245299136789	0.314360636010384
0.576203184627510	0.341373844573711
0.682213445833119	0.361494945664656
0.725135851049012	0.329025853021658
0.803351752064971	0.329741493482665
0.828520411410956	0.353668050820978
0.908831350469573	0.366070275585766
0.949497951808618	0.337603172802507
0.042664252333381	0.381484775834597
0.097123037988116	0.379507493316081
0.175457222049697	0.420292196995065
0.216969397973611	0.417383167276830
0.301393525235796	0.431131768737368
0.345461008932432	0.409661961771120
0.431428187030584	0.433594084212928
0.496269652793712	0.420267038567170
0.559446133643376	0.404130714646687
0.570685964559830	0.416479405112676
0.680146118187729	0.411578786567920
0.695510351639360	0.412879635821534
0.782884659093196	0.424952080223000
0.848586508910774	0.378759567917734
0.899438579412396	0.424816350071299
0.999807973377711	0.385018067902424
0.051636659057493	0.466792321581578
0.094507171750769	0.498414154440610
0.174129266245088	0.499398464147676
0.215354093371507	0.473379157026270
0.298737996924025	0.462188281561175
0.370446157116780	0.448090887107093
0.427539889189075	0.492333237763921
0.462550833623402	0.461318749066866
0.509628321075493	0.498889770169367
0.571109354672630	0.470916926519344
0.642669657191185	0.484676738760825
0.725600031562639	0.439389409934378
0.809560751425349	0.448888749032372
0.869784222536204	0.473424992707075
0.930078469797172	0.493123602920823
0.954460980360038	0.455015369418546
0.040843807374091	0.554930311582268
0.103381495612180	0.555425659038691
0.170709405890831	0.531073548911040
0.189968439867363	0.506955905440719
0.261097998797451	0.541476324210287
0.326640118557061	0.537577634176723
0.435040026218640	0.559308029332154
0.478604135389580	0.550407133935463
0.553724527677108	0.532050011847063
0.594743749177955	0.538547058511420
0.663935259444740	0.538548401274846
0.744603470854252	0.520180326672895
0.770329420459533	0.511784557765183
0.848355367176900	0.547231449261827
0.905732452163527	0.540272572043532
0.974009264574621	0.541650777634152
0.010681945032715	0.623130593186508
0.070946536261692	0.564733595384106
0.165768359826358	0.598515646307733
0.200187337340365	0.610426413852355
0.277029755342409	0.615591036168181
0.324793483846540	0.602093369520058
0.413816597379934	0.588550876672042
0.443392503469575	0.571690872648426
0.538593347120586	0.565832702705714
0.594595406663044	0.576147819828742
0.628823403095320	0.601566703082427
0.746821805586648	0.597622110516560
0.773284161046796	0.600412740017151
0.866523658752913	0.606861915391488
0.880105655656104	0.601320533120032
0.970548728852428	0.607263947207193
0.042216482072770	0.670342667097073
0.077692383685543	0.630351839515579
0.144213224401864	0.673417220849292
0.194357334564989	0.638767680753085
0.296410238803111	0.681884701566162
0.326523402403463	0.672417149002412
0.376205375782146	0.650236462365193
0.468612201475448	0.648910614420057
0.525924610125582	0.672152866853204
0.590372765414154	0.653715905929267
0.648786516487316	0.674627359429637
0.723204869392376	0.656838538903822
0.788384458801217	0.648661164368657
0.816562817709419	0.661789947168853
0.924863534860165	0.628656416084537
0.978015427879993	0.628467820963931
0.017401840439975	0.695341967790234
0.070124036794324	0.734454332250625
0.140792536509291	0.690125835914543
0.198962864148538	0.714661065058820
0.254607626412671	0.703633675253632
0.359798884597793	0.716874423138070
0.402965844426180	0.717303359393217
0.456296437409775	0.698119682844407
0.543633519041732	0.747208615822533
0.591328506612063	0.721857192046441
0.649147223264828	0.742492831455891
0.695475067552290	0.713544687204073
0.775584011039018	0.715568588907614
0.850577363884211	0.747750501235190
0.919402732204041	0.749112030782064
0.942104913659185	0.700299510837137
0.036834018735526	0.799282029064321
0.084440611802726	0.807484323972600
0.172174467526999	0.781080329041248
0.194937142065013	0.776677530585247
0.264097165683423	0.788384274370243
0.361139553552177	0.777917349601145
0.381970635864295	0.767936690671005
0.485398821660294	0.805496309198322
0.547037859414597	0.795315266262697
0.574469382659176	0.808050266364135
0.639813366844275	0.792506640539506
0.730101182819368	0.789480984685822
0.810306994898782	0.801746387104910
0.870146242711378	0.782801458430547
0.934613608550772	0.773368717642354
0.938545573066465	0.779323167014360
0.042890109728414	0.863507485989483
0.103919122683331	0.871680945943035
0.129029115270015	0.817128243289685
0.231572049461904	0.817201099912566
0.261726021056349	0.824317248904686
0.352811835439133	0.813283026058526
0.396023200756992	0.863306456242759
0.473289818263913	0.818045905836170
0.536966093286049	0.839989694671237
0.606553655477253	0.842203388143029
0.655118134767427	0.823641906422247
0.730182675974835	0.832141014853758
0.755706930825419	0.859349586982711
0.859130718785252	0.817107259136882
0.891635442171045	0.862909590706208
0.960539842335400	0.848832638564364
0.056848098551703	0.889797108644223
0.087107143181401	0.908606202058402
0.172016599852246	0.923515677041378
0.199314204163806	0.933211778187708
0.277053722681490	0.888287393117390
0.366382990379674	0.905153712279316
0.393159467964005	0.937032028028516
0.498071508176059	0.881453189229116
0.541210514255499	0.876290330125203
0.605431018931077	0.891723552766308
0.658836135182957	0.893925901608641
0.705778847641959	0.888585778945960
0.798478448760225	0.877032472446918
0.812594546558125	0.928811830524661
0.877095427248183	0.888233955821659
0.989396999107417	0.909427974090080
0.021837244164626	0.940314198204506
0.112914403752171	0.969944841468810
0.176588611223639	0.956324148505536
0.240947063049755	0.988986789042593
0.304670980285660	0.981703365668469
0.349836099581406	0.976847523599711
0.428697835390036	0.997539114308320
0.463413333730053	0.941059365898501
0.510522929677512	0.946976403955365
0.600662956416063	0.953362649281244
0.649235374372624	0.966433827655607
0.701641300041611	0.985860969009428
0.761498886788962	0.980364421072384
0.817827214211651	0.985913152119241
0.935317238253848	0.968112084948950
0.978290009350933	0.970536632267301
#
0.048975226495293	0.057001635227236
0.100250403434679	0.033813292997962
0.185676658743917	0.022703420128721
0.219768481380252	0.041941708414685
0.258556719638537	0.039100066695036
0.314296112046995	0.023955520699140
0.405133277941526	0.059231478356345
0.451053895452305	0.020787973034495
0.519891082721271	0.002306718452556
0.588772488633118	0.053918622039240
0.682696243383152	0.061607304494620
0.712025205523131	0.021084133817019
0.774229732973438	0.029570532358384
0.822653780984728	0.000624295804446
0.896040058510504	0.048529906588031
0.981555034300325	0.002540169327995
0.000785548574823	0.063242943084506
0.106886606455521	0.120277246328252
0.133883009943269	0.095867555596253
0.199058147746617	0.091748565733258
0.260912956148599	0.095142205064218
0.344536494165551	0.093016550112054
0.414188789329303	0.071117051617153
0.457854759433040	0.085940419978215
0.507282350330446	0.090079590728292
0.568004968621071	0.090242956131171
0.679545334814942	0.067279763142527
0.708058164488887	0.113027442331199
0.776577340823500	0.097660499749510
0.814257734135435	0.083280372685585
0.935281420315216	0.118099064797419
0.947821527198032	0.106787384643519
0.017520720448815	0.145904641923472
0.063291767597732	0.187340141608692
0.132427761216515	0.170281580237854
0.217224095445644	0.171286664244553
0.268401478217775	0.140774820192781
0.353980073365727	0.156904938027008
0.387734573890393	0.142443518609494
0.449231294597669	0.139461978007332
0.560885552913157	0.158190528535212
0.609717792158415	0.128005444742275
0.679343421868827	0.157143304684931
0.735695536186848	0.144431782687183
0.750498003632063	0.177151254594128
0.864010923132070	0.164445539057941
0.930559245838797	0.153507970542067
0.938799234602204	0.140818337695282
0.021144982534145	0.237070457439304
0.098199308072380	0.235116974854636
0.136155801027467	0.218543659320810
0.240798000375111	0.190808358399269
0.284800506539713	0.228645444464322
0.315057928718174	0.221571678696566
0.402198120346805	0.197409122718943
0.455874452240736	0.237604797436531
0.547514250600365	0.194869945234938
0.568956301534538	0.196355753070990
0.642694815691839	0.190178442354123
0.715503764301656	0.241568628434690
0.767723739282280	0.236939356499221
0.849894799344450	0.219126326650527
0.881654628204800	0.194665685836148
0.995823644217063	0.246839180209636
0.057558369647027	0.280034852541293
0.122668857583815	0.287665917124871
0.148602357052407	0.302137959134913
0.221088419530678	0.302887470677469
0.300988412124801	0.285983964401759
0.319850420522818	0.279778124873358
0.380342685662406	0.282463556919821
0.471126810407994	0.310680811453071
0.522402167776577	0.257855087011204
0.604416449403953	0.278181807653904
0.657714130524596	0.307294709388468
0.744733013851739	0.272085292662863
0.774603677570029	0.295916579179679
0.851563637925210	0.277707854714293
0.933182354724426	0.300139393334426
0.967936448730863	0.287978060130374
0.060770729265239	0.342214773517851
0.111662312931535	0.333109032076460
0.185956622619055	0.364508774405580
0.210286722742088	0.343648596252000
0.289369760032131	0.313986404959342
0.374370555073109	0.369108651370417
0.433931053629827	0.341391052984724
0.479991060138562	0.326258524542502
0.508200588099589	0.368398880686355
0.615521346202125	0.323371565117471
0.630566935696538	0.348402961354797
0.740212867179702	0.356994023644248
0.750808701777903	0.366858091858299
0.846542850377514	0.326839579971121
0.901110757701358	0.352793574429884
0.992575802198280	0.363303137925873
0.000636597818960	0.378387615900344
0.119645471537869	0.427356812227484
0.127843891518503	0.377738673691693
0.246488872318060	0.410939833797966
0.272745341562607	0.394726066505473
0.340529109095929	0.413256363020804
0.380931369816170	0.376390190678972
0.439400785224722	0.427003451184021
0.509827810662060	0.419755046804728
0.562680266812136	0.387032550704207
0.661927520291514	0.403680901602768
0.742448909090005	0.390650372868555
0.811611892262383	0.376891080101345
0.871843200540017	0.387599957658700
0.875631069793746	0.435747943046910
0.958567592538560	0.381744909683882
0.032286306967094	0.467005921243575
0.104737900090925	0.477084167834740
0.134552778532857	0.496448221164511
0.221032646172338	0.498704966783106
0.252060235027354	0.440107360162681
0.322832597349266	0.438156261763805
0.432304846863799	0.457457850255295
0.482424071840342	0.489935288334367
0.534037920668846	0.444855955154601
0.578621454220526	0.491702477751347
0.636613222860408	0.497688734903393
0.698021576625882	0.464462544775326
0.752117301919990	0.494178208884941
0.843671620976220	0.460145505354192
0.894381082359324	0.475144287594628
0.952429277767644	0.492789766400305
0.050467863545163	0.501265309809536
0.099315225286250	0.517578944698926
0.148396056616538	0.514820059051812
0.200868333489254	0.504001093549072
0.285439400185235	0.513553135885986
0.363256575915324	0.527799188602436
0.434789699079653	0.526115800667581
0.458469201015185	0.523302903477057
0.527833002014745	0.561435091469073
0.611239206813914	0.546438132889205
0.658226504420332	0.518970764974125
0.698186417549310	0.523731201659825
0.796969794781057	0.511286308875141
0.819831278235030	0.512214471778067
0.898606482942381	0.515168552712460
0.967263525067774	0.527004961629167
0.003597442687279	0.565885854783907
0.094971342165366	0.601296344329905
0.144225753950124	0.622248481871152
0.210988837299749	0.594639248804222
0.291648756227607	0.586677940364270
0.373648461987299	0.617836269140904
0.436207746373538	0.602959554753723
0.460120445442763	0.594739929605797
0.549074847175291	0.623385313854293
0.590924032868567	0.609078352030268
0.657118167866631	0.564718509078892
0.701873568166484	0.618528559351347
0.811888783486068	0.616484263880757
0.827867207528410	0.613212421781084
0.905134366366578	0.567640142574706
0.980958453782592	0.565371789751894
0.038967821552411	0.670465405458926
0.121327257743414	0.638883453127668
0.182572809017746	0.640748910827853
0.204956478385128	0.647290131460710
0.289885579312077	0.641426729216805
0.326668560915666	0.654281844624617
0.405995819390168	0.677170387495931
0.439530348827720	0.669301945319004
0.515856558911818	0.669917616610745
0.583765027074554	0.629967192756587
0.625228113087413	0.638131416216640
0.725505486255979	0.637709108140601
0.775479305206793	0.637852201561409
0.818429038992252	0.652388304652969
0.889260477433391	0.676107695323557
0.970956487821754	0.671560799160870
0.042506297623624	0.721998165515135
0.103229586772092	0.730614052527960
0.150820452493108	0.738776229348447
0.219256058444561	0.698515222686929
0.276256569725521	0.733730724586926
0.344784929919356	0.701957539469459
0.391299585539102	0.693000240412774
0.490059133674963	0.737876292460802
0.502799582057120	0.737861113678166
0.571399318449292	0.742131336299267
0.632822692832635	0.747060417255168
0.730054949289201	0.726583125777329
0.806841227515680	0.714594790427269
0.854090563074940	0.708361188187464
0.912002494087094	0.713258706010123
0.996880434321794	0.703005628954970
0.026615104920723	0.805239535051570
0.123780180365145	0.776672616257955
0.182940869896659	0.767387491902310
0.247054924401933	0.770878247950663
0.279636167258638	0.774203718208988
0.349343231247469	0.793785434808532
0.407664626684311	0.811120549667655
0.485936225039404	0.771537825513873
0.507066410705928	0.810714635095376
0.621856543758618	0.782335615098671
0.639183559298209	0.787252960502462
0.736527531404637	0.776121827401482
0.758944653093103	0.806069164127942
0.847575109314657	0.793040309780752
0.909787559875354	0.806694031269684
0.979894757280684	0.809121814657497
0.046170893106882	0.820390296315982
0.072112061289282	0.838869373378430
0.125238535431036	0.844581060249959
0.234564992435524	0.847592195693309
0.259788402082000	0.835937882487997
0.320166030798612	0.825133372377635
0.393460638316106	0.843912922086058
0.494329320221867	0.839315073599996
0.521616488845697	0.871377314003505
0.617860376265682	0.833610372026127
0.666111865119569	0.813317414940874
0.744578099080729	0.825110271605107
0.756051866149891	0.855430063292251
0.819735049664680	0.835074320295261
0.898066603642205	0.865788548702441
0.982322586754412	0.832212101687261
0.005923070640635	0.936714865587236
0.122955167476427	0.889317838245611
0.157884666514672	0.918157615650715
0.232001002568170	0.921525456545997
0.296307311214927	0.904985808716152
0.316067469889197	0.900128547384550
0.415418620812804	0.913527987993678
0.493865482478604	0.909923922307772
0.509171370331704	0.880746488868200
0.588755100316777	0.903789150215171
0.636505641249592	0.881748617773817
0.687733785947839	0.877102985760337
0.761528078993207	0.899640005567842
0.813026392978040	0.903751596727816
0.910118824956035	0.919861871075668
0.942417870815242	0.921259314603815
0.047733974508646	0.985873277645063
0.099002662297921	0.973940376870204
0.167531449459500	0.999262268363792
0.198141707313629	0.943641364808693
0.299064577481259	0.973671691427862
0.347986867339464	0.953674321881536
0.399217553689777	0.998844736022606
0.492267356179600	0.948675216032699
0.531817587973042	0.951783998799926
0.612357611430310	0.961724536120711
0.634249844896083	0.946361112628682
0.706991542062487	0.960493803524411
0.768763157063225	0.982556133381453
0.856174091731355	0.991779089714233
0.876606817968797	0.995524466575129
0.947172797418240	0.954253144711664
#
0.037868365610570	0.005479584376556
0.117744641042139	0.018417219431935
0.183347745986736	0.032854003228213
0.225975661940401	0.025938746772809
0.282710430627389	0.049978154170089
0.346816569007192	0.007637962657059
0.399973704077996	0.062480246895570
0.458004216289964	0.039228062620207
0.509491031715179	0.011468506406287
0.623944224949564	0.031734863041606
0.663946804104826	0.017609409555469
0.712801840656973	0.022402808832098
0.765752637224098	0.012118322210065
0.827992542519465	0.043791076731587
0.883199349091318	0.031509801418057
0.977944040345713	0.045010962606759
0.030796295984950	0.065558780698469
0.076343836673499	0.108367446325921
0.165430055242132	0.079913257392452
0.194833994058970	0.073234389931484
0.255513928366246	0.114003323350685
0.321511504970028	0.106153966097896
0.387405000062404	0.116814569699186
0.472403054017318	0.077854926090304
0.522451235088508	0.071662682692791
0.623311592716680	0.079952413482231
0.642254541952222	0.111734823102419
0.737304867853481	0.079367192262287
0.762428493256431	0.116256964318165
0.826733802870552	0.088001605696744
0.886593606180184	0.080781108180126
0.995536671062707	0.092412506222588
0.040262884760802	0.135786418703684
0.068742681587171	0.151071330363879
0.130702550364240	0.137169439421191
0.248508604621400	0.150869681738752
0.251789283051456	0.166952439258912
0.328021376702939	0.140605540760585
0.382379979915540	0.184973201029928
0.447770542074640	0.179873739600269
0.545042850174951	0.148582074811236
0.572428508824070	0.161021459754212
0.681112936652757	0.140223334008531
0.711556898275520	0.161639024148262
0.774515538525771	0.166075473704509
0.869496127443736	0.142989571268668
0.923500129120308	0.140760729034841
0.997384818473920	0.174430286479632
0.019242155719372	0.201872057299333
0.099466246663236	0.195441243124181
0.131749532914662	0.219575123592414
0.209790113416335	0.203335383459538
0.255309954257754	0.205016067139226
0.352141924153464	0.245565140546082
0.423314362004356	0.246513453369614
0.459232539482003	0.206135849952962
0.522386933594799	0.203102967589070
0.583485547036046	0.233534568567652
0.682003685708508	0.238428572291957
0.741595738841942	0.234448813611397
0.759472724838292	0.190677765699378
0.834917658595931	0.214335872390502
0.895229928636744	0.188128723006376
0.954315949730067	0.213184623592110
0.032994315166840	0.273550166695740
0.112801990119694	0.298037400247538
0.178993158913565	0.269212920907120
0.238286400327526	0.268057062513092
0.283026210171060	0.311086100904175
0.342317371330531	0.280785713279221
0.418996882591512	0.290345224255660
0.485697458203812	0.265690893156731
0.505573594187287	0.301745392161362
0.596772544093959	0.290635714564271
0.672902195536392	0.294274195238662
0.698844806017318	0.308392522419079
0.777094002484715	0.270744457292777
0.865962086345177	0.300472054569510
0.923456461194660	0.256310257101737
0.958148236944258	0.308854917674641
0.006466236054307	0.362733452214215
0.109803769282835	0.340650312318036
0.127915612800958	0.321997639885405
0.249578864750121	0.327745927908748
0.294674111860728	0.345745410821574
0.325768297031933	0.357352490285377
0.376853471578647	0.360476625163103
0.481986977708756	0.333336358516439
0.501418530708509	0.358396872612274
0.577901682077884	0.359246258518367
0.632461230883482	0.337068420374898
0.737145389732822	0.371631868095517
0.804747909087396	0.340827332074015
0.839348505242809	0.326207693509340
0.927764967474566	0.326953013358161
0.991946646839950	0.361548437704693
0.041260506065157	0.408263404031928
0.088114702832679	0.405801865541330
0.158903381998861	0.381894965002871
0.198559264276656	0.434443333985853
0.263589729121558	0.419251327354985
0.339504251917709	0.421149654368323
0.402518441033903	0.379519498646147
0.479957040642029	0.427801078605186
0.556574119559157	0.426744397174158
0.615218343923967	0.397246647922380
0.682041487582503	0.418307705690574
0.694049387065822	0.436288168973706
0.794758367522680	0.429912094316076
0.823440894137821	0.436920393360062
0.933818278018459	0.417286670150884
0.979409402013270	0.412431418133185
0.024366832329395	0.480946010949194
0.110377035638755	0.485498151389299
0.184055678472867	0.478794356744921
0.205177447457141	0.499348292956559
0.259489570033501	0.470595505940284
0.327337630591317	0.491538550877371
0.416127565602918	0.483929922451249
0.451708443364293	0.445878649176070
0.538735536896562	0.447505391146989
0.620351592645247	0.442640178707112
0.639375350936170	0.495127624991030
0.707604220098025	0.463144916042952
0.773725916622492	0.478585567873340
0.853326261838858	0.496491012395474
0.904425240434223	0.494311382628933
0.966325920096442	0.493921646366693
0.039391761887677	0.530000028643990
0.073963027377371	0.503782810367710
0.163457741445968	0.549002441647230
0.228065254685484	0.555369770647462
0.284092476133744	0.555928763815534
0.346200113265356	0.550972800830140
0.391264965106678	0.555342285906743
0.455247511451074	0.505385318786810
0.561853179096792	0.523537807346680
0.606480160229020	0.527695886666234
0.654365283327495	0.555871091330394
0.748992719134314	0.523219270229623
0.812459887034483	0.513426205699431
0.849016538640488	0.537230316208962
0.875183195588804	0.548922944170521
0.996424267213192	0.529411862727583
0.017305356570823	0.624274054847605
0.106939686618149	0.623623525257833
0.166700109136105	0.568398661956517
0.239198350286856	0.593720941433269
0.298586821907919	0.576489906135595
0.365721749576210	0.598108239203717
0.388793551017017	0.578275548952696
0.488673604498309	0.601745388508832
0.516201137772575	0.608766672445058
0.591970609464210	0.596698517933651
0.636306705290639	0.618229000391026
0.737234381257378	0.582365134313555
0.787810578921998	0.593451344895515
0.871554152777315	0.617541638186677
0.920248542369867	0.608208649875179
0.967651475082420	0.588726291861089
0.020516176785579	0.683920156646385
0.067639655856797	0.685948046797059
0.150351797687554	0.668368618552542
0.193867243391314	0.639521345339488
0.265147353424143	0.640471139475231
0.354341293884055	0.639776575891831
0.418349317314185	0.646303631777713
0.476486424604428	0.644580011216942
0.560809937378115	0.662981882176358
0.595695094664277	0.635358317088186
0.637048513209342	0.663309664750893
0.734787989913553	0.636300592889614
0.751162447865042	0.633408891461070
0.850481765091648	0.672490835812057
0.917826392712380	0.636572837352071
0.993167959210269	0.664841588144736
0.003840363876391	0.736515963912596
0.109669935987836	0.711110908485393
0.175188709556868	0.746658090515798
0.241525668969035	0.690934987142900
0.293721882374660	0.715177729848697
0.359213327781580	0.717552253590560
0.389789162192561	0.704505958976691
0.496288870751459	0.716123979006923
0.540932473721549	0.712500240135705
0.621200037217047	0.747361382934582
0.631905615083968	0.697360910492102
0.706185647465448	0.724723598128120
0.794170150645466	0.722316059975958
0.830899725206755	0.690510964240066
0.883504960222287	0.735644389959202
0.958300986273866	0.688631192621223
0.030969056991969	0.767662647926519
0.086931250514912	0.760547993605269
0.176997587766265	0.779152137656149
0.229327265954187	0.789556061043301
0.285577271811333	0.779538128313617
0.340186912427351	0.760978610301036
0.417629397658778	0.761706550550113
0.467828458400403	0.806495026843970
0.513705136810594	0.807836150589361
0.570917779625374	0.756106242873614
0.679424009444058	0.795055233025354
0.746883927392630	0.770059947831337
0.775297265476616	0.780304083345762
0.851798624798958	0.794492219599661
0.906590391539873	0.797201391480561
0.964691345440734	0.770487355014888
0.025541852394361	0.813300499576330
0.093531311598730	0.871269488953699
0.162201045278856	0.840722769621811
0.190294314569396	0.859263290138162
0.289988539103649	0.856487946798789
0.372120339830201	0.874127563205344
0.380515519210723	0.825263132329626
0.493496692592394	0.849920503600133
0.520480082797115	0.868553589824250
0.602304863243435	0.855080274001830
0.683557715338785	0.852350267285330
0.739884762382108	0.839860350365602
0.750648546556627	0.845108906440462
0.863228298546334	0.848065102801324
0.932295843462878	0.832735515669974
0.988293256404179	0.844062882453800
0.019337919894452	0.921115906323217
0.089420205323123	0.919863957834864
0.174742729312797	0.902222349227458
0.218222134317207	0.912001649377519
0.279455834264391	0.930310650596002
0.355511752607536	0.919772698627150
0.376699877684982	0.875264038317316
0.473581172868978	0.932811586403477
0.528327964878601	0.900203389005084
0.582465569726183	0.896802620763612
0.679900377012068	0.905575440577947
0.730979507726380	0.931597957226121
0.785894421781621	0.909766593082986
0.859220749956840	0.888755017516379
0.907790386940537	0.892024374541832
0.951106998345025	0.932955688810431
0.036830070378918	0.967885463767542
0.116141259100670	0.937847993715049
0.173318064928362	0.996679177696160
0.199688448020534	0.938852334933787
0.262842308485495	0.989669630941858
0.350699058291665	0.954082929242072
0.437395199580326	0.998341353144111
0.472207223116934	0.984702152691247
0.528666225647010	0.962560960737770
0.595732778551344	0.945996935379458
0.666272914323204	0.981955612205075
0.714837547921887	0.971203308778629
0.801668721423291	0.980667789665905
0.872034334285891	0.991057003526030
0.917096422281954	0.991903015381401
0.964959884752743	0.988738056269646
