0.028676414985367	0.020018215877940
0.117602783617355	0.002631725773130
0.146248158989183	0.021603673934379
0.199464969587155	0.015495896168401
0.296388774393450	0.039559115752242
0.346915756389363	0.045980560633117
0.429327989300789	0.032853702949442
0.488009315912614	0.058276441820379
0.535303162506386	0.032764039548408
0.588900603476539	0.047314564868532
0.655000214064494	0.026785309345411
0.707601791005023	0.029527582802583
0.790878233451135	0.005142735245787
0.851003970814288	0.042577657130914
0.911318322390159	0.030769544835382
0.958848645333515	0.029967043803182
0.014042204685752	0.079465584702433
0.070776993061480	0.066147398786537
0.143067302652185	0.101147956922336
0.214429705555534	0.073925566571165
0.307748748497746	0.086575281084300
0.360144004527862	0.118528298071709
0.429403505519010	0.120150192173931
0.456517645526099	0.086051586205967
0.501663926741845	0.071623601196130
0.589709486149300	0.077120512130698
0.660131415884274	0.115641347115892
0.721230524556299	0.100137000388381
0.805035803858199	0.110153966288817
0.836145938015810	0.072844980839953
0.882201836082316	0.079144705920281
0.973848852468386	0.078410107849843
0.012445226503756	0.149988101539199
0.118395187803170	0.157354940857006
0.129872716746147	0.184816894659264
0.208738757884418	0.161034596117338
0.302208085120006	0.137433710598255
0.355217877494338	0.143801535178512
0.420647364673355	0.141200816117041
0.471923513156810	0.153954093365803
0.548376303715835	0.126480133855129
0.564079974516430	0.143578991283681
0.657589093658628	0.163988681504617
0.698917439937689	0.136131006630284
0.795972148432856	0.176808768735339
0.814187429903934	0.140543672521725
0.898221860354119	0.145831978782856
0.955103901160789	0.163932126824845
0.043293388424975	0.225131238542993
0.121126487748378	0.246381449526847
0.176455416306610	0.226705424351200
0.198506584786462	0.231792504720342
0.279339181731767	0.249702375818673
0.317033077489360	0.207547183720755
0.414178362212651	0.195242033050801
0.495346798545878	0.223773061873804
0.514036226511592	0.211418916156729
0.592043853721010	0.230865964021270
0.653136038198866	0.203433799808480
0.739024557039729	0.188846433826570
0.800770194747199	0.196993207604856
0.856359286476825	0.239422775351424
0.891529180986464	0.242261833407628
0.948144482684006	0.188596956213842
0.013303385730438	0.283684262067821
0.101863600002686	0.293199563612742
0.156756644915849	0.287543653824842
0.196056870832936	0.262894512608274
0.306011962659194	0.308052555627784
0.320516782698225	0.274008721104243
0.380295231095584	0.281229939493637
0.461002430156456	0.271728029363260
0.508610471386605	0.287683950294783
0.588780255339523	0.304260261675054
0.683979485590588	0.258439893487012
0.693682397920914	0.307635127289136
0.783711393517142	0.271214093595909
0.836711061585627	0.277248955308983
0.882768565397772	0.277882455636371
0.968477531940089	0.263408512782401
0.024804298204208	0.352143282181850
0.091860370440842	0.316297976519283
0.163933496029101	0.372622539798059
0.247401570100314	0.360041953212358
0.261763443954816	0.361621748623816
0.318595109567068	0.344315236674579
0.437025637554942	0.321225909576455
0.471154719220627	0.326029644656468
0.528901044009580	0.370367237627592
0.574312067084087	0.359145339429180
0.632472194834839	0.372233682806192
0.692843169921041	0.329995676355319
0.785887856816032	0.318798480760608
0.819598670730390	0.354250984829094
0.924474700860324	0.346763143251129
0.975999516138341	0.326802026643837
0.003309054533790	0.424139396051559
0.093410411172875	0.430118399408557
0.131021911468944	0.411012328849410
0.245783684745148	0.432607696681541
0.271023231272358	0.407117968476288
0.317502561681322	0.403942134543658
0.375218081666440	0.435586160863304
0.448969051608343	0.422587132252540
0.504548105179460	0.389568852104030
0.570726151987497	0.382818401487385
0.626486852096041	0.409859069252820
0.714591926173794	0.385568852218699
0.796846918787189	0.378366147372491
0.849964162008829	0.415024881173164
0.878748080999648	0.377139732576823
0.990800597411767	0.424495356765575
0.052407487249562	0.438813405460984
0.102626089408907	0.441174263310077
0.150491850049117	0.466298472681385
0.234314103447090	0.466296342804864
0.263063058260144	0.498953691596155
0.346997357199899	0.499904556389061
0.383963087939532	0.467469577306176
0.462087643571335	0.490416081154350
0.553564833489611	0.466422813005378
0.613765786966836	0.464573185155069
0.658560749253039	0.468620515435729
0.696704964519410	0.473919928460713
0.812438927227035	0.467503169849516
0.855433513303970	0.454634906407943
0.901834565177405	0.454009681318190
0.966576556594595	0.465357560569038
0.043351794108365	0.502608206021858
0.062631304797863	0.560053537220823
0.181215495888310	0.510134284241389
0.243814283631233	0.536283499627906
0.266738900031019	0.540481819504169
0.357803277434503	0.553057519993293
0.422608203440348	0.513624003567645
0.492588430510389	0.543494087159283
0.558573440487630	0.523147117511986
0.624551781205705	0.557350530506193
0.630534895464204	0.511211894207800
0.733213687529954	0.562142576498362
0.759023305045330	0.550056312739629
0.821754187929736	0.553976152788726
0.913795848356978	0.528055162975927
0.987321627468877	0.523199513618182
0.052316433966001	0.607118971176008
0.122111436211763	0.567981802146645
0.172455955104077	0.613372427001217
0.192262844038141	0.617624913631618
0.269592969057172	0.611783772471078
0.313352039797081	0.623994780602282
0.385068459467745	0.613509822648719
0.470873458289628	0.598912024835337
0.513440593352644	0.563550882259978
0.603565151347095	0.601906601858071
0.646258211190290	0.593083491876159
0.693650856411818	0.593111601636189
0.765955143582764	0.611489156025110
0.830431962069807	0.594833906092642
0.930726648626902	0.582028940222698
0.972598448520316	0.611731373308979
0.049774370327889	0.687456749030379
0.097920099659921	0.643218161396966
0.160914010987830	0.648975458307302
0.194850718807976	0.652571389312523
0.282019554615724	0.669347210259141
0.338245002180511	0.686416790558471
0.432789519093416	0.636907380673664
0.489618023331188	0.643588982788750
0.520534654967611	0.674324144256959
0.565339200737732	0.666894812917894
0.653095120148639	0.659143489094950
0.691273649922519	0.652833754261451
0.794471282507752	0.678070277060748
0.827596719118323	0.672063429021408
0.902408933666281	0.626388829667445
0.997766001891640	0.685579191601854
0.046668784048913	0.715646304778789
0.079163603081057	0.709588525268968
0.148964686135637	0.693918303980939
0.204370462601509	0.736263668015893
0.279474117203377	0.710661118724537
0.357969229542177	0.725083692051723
0.376670815123751	0.688940269290805
0.470637911108937	0.747465588777551
0.510692045226039	0.746939005460460
0.586601813009265	0.731335882704317
0.644763294510139	0.709588694551398
0.714051615089190	0.726442594279405
0.771449479148479	0.717911922205335
0.819372403728047	0.748916105366991
0.887079470211658	0.737016086056134
0.956854361012078	0.706759376441305
0.059762288582805	0.769604478981836
0.082679027521559	0.799275526366377
0.157188463439743	0.805686236299385
0.219373485473770	0.776701071014791
0.250928023320955	0.796101529787667
0.350762639509226	0.774482982981015
0.391535961713301	0.765948319040110
0.454693621974367	0.803231694922604
0.500166013589517	0.751269341082957
0.620242691495862	0.756857612157324
0.641289658135220	0.808468033413162
0.705927380568680	0.798713119129816
0.809270302982598	0.756601826958731
0.859750800733396	0.760156030827238
0.916810615798298	0.806649798569654
0.995382819381864	0.808893198772309
0.056303559640959	0.814933225207481
0.076215717231672	0.822383905748693
0.185449214826326	0.855185661882322
0.248961254546643	0.845209720406614
0.289504595299252	0.874051750579162
0.360609624691566	0.829344631132983
0.379408282301600	0.867947801014629
0.467812802998888	0.817361286274940
0.533680039014709	0.871095988214620
0.566164998338480	0.826106573632827
0.673603530882649	0.869105701333402
0.719198626880930	0.814991308042079
0.809886347429102	0.829917403262206
0.839286881708956	0.854205356236595
0.924443145032144	0.841669979730311
0.976957598244645	0.839985496021687
0.009793464620550	0.891101132936566
0.065349609839113	0.912869881949241
0.181266355428674	0.907692681947419
0.210108904813558	0.908805543768407
0.292633200190643	0.933326784520370
0.342351085382363	0.921734848288874
0.394770355332240	0.915033708554118
0.462759450258515	0.935219595863069
0.543582946872591	0.921354126414250
0.624185641121395	0.926286774932241
0.658507756649286	0.914825199486764
0.736312835415898	0.889846253401448
0.777134711496680	0.927784464130594
0.848547707291098	0.913728684981756
0.895809284183385	0.889153153944447
0.956619660723749	0.882883983826121
0.029698385805753	0.981047419695777
0.090224138525716	0.985537886878135
0.144590492292096	0.983300582836569
0.200539196058651	0.956898338878969
0.275027789617895	0.985437409337712
0.334934500313232	0.939603742692760
0.377237209206735	0.979226451551478
0.476681143170963	0.950583451939883
0.512179544533063	0.950644837724544
0.606685667207159	0.989086895742008
0.685690154874043	0.971378708280711
0.726638671558266	0.973651498171653
0.751932440427931	0.970086239096729
0.872207406281891	0.955466488875208
0.913063529392952	0.944346449936122
0.994104787880579	0.962188793453898
#
0.025807575386904	0.042320542090996
0.082056135438512	0.028751060547948
0.152018201558273	0.019126505508117
0.198049527901003	0.054881687841816
0.257483074850748	0.045569985271564
0.320383489191971	0.056661015171362
0.435511771312568	0.049487103996097
0.491206290867693	0.015788339591419
0.527942501597093	0.002890492353563
0.623459567402829	0.034368200424795
0.637609960004946	0.027260386696961
0.718086258326212	0.058624060692644
0.799257670860798	0.048720642964756
0.831074976031919	0.001868705047380
0.898180364229060	0.041586451605914
0.983532610752977	0.038134504642369
0.057787175507468	0.069273609611386
0.077292300997021	0.119603452708014
0.140940543326070	0.119552441187448
0.226805938402378	0.066582718079230
0.281616283748093	0.071378056442220
0.349257487055556	0.102575820181536
0.424984459573167	0.109573148594837
0.479497824499732	0.096334557056854
0.502234657703022	0.064363721714905
0.585538197226831	0.087311051180542
0.630641011653501	0.084360050159008
0.720628163479415	0.120306981799148
0.789661066019247	0.121188069125332
0.832256858794660	0.118664513035017
0.935350818762754	0.089028720313573
0.941906118664636	0.103632673223301
0.033830599110534	0.128065261408469
0.103578225515335	0.163245988218287
0.164595631964527	0.174995931473676
0.191980814751466	0.184449110208533
0.270316128041669	0.183120561529794
0.358646078089635	0.150525780589791
0.389004736297998	0.153887870204376
0.455530195297448	0.155768095639247
0.504262092044056	0.174430150986749
0.621153153507307	0.174448653703311
0.665946662770223	0.142721933360496
0.697132318326536	0.166047173285286
0.781114205608869	0.165084936563527
0.872783370926693	0.158973952253925
0.889095858470326	0.166613913994891
0.984452675049415	0.172748448891274
0.028914201196496	0.202118400997044
0.121372130494884	0.202449737644044
0.157222853078792	0.203096088971499
0.194797292309766	0.237281062593633
0.270976381919690	0.190726579866192
0.364567165158705	0.239875235417829
0.401095177678763	0.245656340643916
0.486303644237063	0.237601270517940
0.525737094902605	0.232202912778524
0.611479383671884	0.224985900591124
0.673043503771895	0.236337068429295
0.697842726268070	0.213849289174273
0.811758784533422	0.242768845504678
0.828825773384032	0.237438461973201
0.902402069134964	0.217567760824474
0.995513919870838	0.202810774007884
0.051810885558792	0.280654332214770
0.077703808903509	0.282576474586985
0.179398719364986	0.308565718150014
0.225930173759332	0.250824489849229
0.250038310827231	0.271867392196871
0.358800153404311	0.266323306354187
0.397412332260262	0.273241607681439
0.498515264814723	0.288861213188237
0.532978465322633	0.265456142038562
0.566539764550757	0.278026891864260
0.685650681072299	0.300678433862207
0.711817600930067	0.310145105860463
0.783958952212464	0.256200533696381
0.868105634667004	0.279407058849327
0.885630809384312	0.288769743559828
0.991805942101475	0.259400167533755
0.049127378308710	0.354221939017117
0.072999325859826	0.353464889335089
0.130051997666026	0.342401980283880
0.220935243626226	0.353967129451681
0.288013899955087	0.314422147290763
0.325893728007421	0.333909576530896
0.435592035282308	0.316820330715114
0.447579430011120	0.366898012505704
0.540491959948091	0.326551629000821
0.596648572224460	0.316991655288029
0.674794787887320	0.351097208747779
0.745783674878949	0.360177722086706
0.802194193352408	0.342748528586293
0.825590449097355	0.333317693138569
0.889653194800986	0.362909320506246
0.984910390932907	0.352924398330605
0.000194415202759	0.405011903123234
0.108131107259107	0.405643989470122
0.186246972865483	0.403248781504982
0.244353146523785	0.394519038852192
0.254892748883551	0.408555417605922
0.358655493528036	0.407709978470278
0.389260161424000	0.381391112650486
0.448817957835579	0.411807832971520
0.538572441126120	0.420359751642183
0.569641339870785	0.424152822056006
0.656442522718907	0.378078766269744
0.744578006515996	0.406478922486766
0.790327721008292	0.375150345586042
0.849533257839976	0.414301546517946
0.893218632369702	0.400186947392693
0.947429128066271	0.375167398917295
0.045987871006012	0.440010629274768
0.105848660484387	0.492717455416037
0.163676905673038	0.481108748597002
0.197037678374219	0.452255127925834
0.273172947699943	0.499104098314793
0.358230754452695	0.445256555993170
0.437457243198868	0.498996348440181
0.473455954744354	0.468619652856402
0.553824039217742	0.454933595178284
0.588801981756418	0.458929255566078
0.673105081758254	0.437993724976083
0.721275750875654	0.487509049414077
0.801674136831233	0.493782273579571
0.837599526965665	0.480687802711196
0.911417737975465	0.445144720246351
0.996960008778134	0.497169780587933
0.014294246506014	0.559460861840509
0.119060982148294	0.557652718692006
0.162543708059831	0.561992252289083
0.198474858031486	0.557153522850632
0.298383808065761	0.519618464973084
0.332478263245425	0.528677576199099
0.385118957436671	0.509142124489099
0.472612418926464	0.529341719716750
0.504053819008766	0.512211217023947
0.616157701731696	0.559749609630031
0.639282150008199	0.504816283545763
0.746702811796382	0.544906718870603
0.812389496975785	0.524998207611497
0.820642397391643	0.542905468547345
0.912313832910106	0.561550187223253
0.996825441149838	0.552668322297434
0.017147057795582	0.610033439905390
0.083053864266969	0.610086372293319
0.139042115628031	0.586572114631201
0.188602330425312	0.612709984675215
0.262475844053546	0.589897827280778
0.335294311114772	0.597419390244740
0.398523973364738	0.623695662404922
0.489880175720290	0.612138832770786
0.509455529276621	0.582590723138440
0.616325752720313	0.604069614923575
0.646799276078655	0.563407004956600
0.747925365154032	0.596296513417339
0.773645020561210	0.593779237482529
0.860130484110590	0.623361545730932
0.879047545707214	0.576141406566869
0.947132661402489	0.595815595319917
0.006202476930037	0.667970943172805
0.117383158502025	0.626510417001906
0.128083978678469	0.652383610190564
0.189343640522995	0.641386946885355
0.289827646449517	0.645205832644181
0.331538422285006	0.674947981661523
0.401415242514088	0.638705797467545
0.440853489432683	0.639265556037255
0.503598708936735	0.648886911532932
0.588817580565535	0.675195125132495
0.628172766694490	0.649614635977106
0.687610252469338	0.685090898972142
0.766211891696139	0.646807982431331
0.863243940472776	0.639556375175495
0.912347332030150	0.640398976876843
0.959696733034145	0.681335089406659
0.047430256232603	0.732404551915802
0.099676176288555	0.732782869814030
0.149881007068297	0.696593218208662
0.238879943875102	0.746747014388500
0.251130859469676	0.722034766681500
0.331977284838091	0.725889543458677
0.411546928641979	0.700466358484227
0.477354361335713	0.695148350599955
0.550676185867790	0.691763884374351
0.611602700705198	0.743179281327915
0.670157536947554	0.735047929916775
0.714213722027888	0.720919013540474
0.799631180646161	0.728336091890427
0.869684877134786	0.724527107443900
0.878633882865807	0.705314809184129
0.955259067825451	0.737353253801086
0.012015135612342	0.803414935942487
0.092509913760007	0.803031549641288
0.125627527581092	0.774433377990367
0.199844423989962	0.791612012947237
0.299335116022694	0.760678175446386
0.326667375021886	0.781960906526530
0.396283768806323	0.764009746667931
0.475955737268891	0.807290451032410
0.545539682756187	0.806475024348818
0.575346129250910	0.788238992224969
0.682379354852573	0.792103464812297
0.739304329455319	0.808902106974600
0.766833019010218	0.768157105329599
0.824505656974974	0.780111484556718
0.881091640346821	0.760428004056548
0.992900846568030	0.750271548720838
0.039409315761158	0.854299909299426
0.089746396907663	0.855930945962535
0.153253098388843	0.824643998715245
0.194540771395443	0.846917158626466
0.281436470169908	0.868215120046682
0.338264694923597	0.836805455581473
0.391473060870537	0.814278109436105
0.471465529561733	0.824162210762538
0.534832986501822	0.860108381555790
0.618202563373652	0.874956286745136
0.671859055186356	0.843360984064839
0.741226011113898	0.874448637637996
0.773854270539329	0.854886277530432
0.837425390133268	0.855934304995680
0.876065097327476	0.839658677889886
0.999289549799703	0.819903833414988
0.016009270217272	0.893019796164129
0.111002743939404	0.892346446755656
0.129090470990420	0.925951847367327
0.236597359599335	0.928475267804688
0.279952777483839	0.901741418193383
0.350585687099510	0.910797989455354
0.413086344525937	0.935716913546952
0.441421950818953	0.910040526979147
0.550555596430915	0.891798849367024
0.617179314604071	0.891722244156227
0.685900274576480	0.886972428549657
0.747922968570009	0.926985542796782
0.807337448436263	0.935799563943478
0.871667524449683	0.895708230154288
0.923453174120736	0.884047094181657
0.972225403799611	0.933025959135971
0.053455318278506	0.966258349864222
0.112980380840711	0.966022429645183
0.137475216895103	0.962093073502088
0.211018841690039	0.995414171163089
0.255427039098676	0.979942577551688
0.334580851767580	0.949415183716201
0.436478973249667	0.949287789614589
0.470173655856674	0.991229887627701
0.555460206769747	0.971612328002023
0.590598463625786	0.940731664145303
0.656562250493225	0.977709341381609
0.717963575727298	0.969358164548026
0.783370446639804	0.961528875375872
0.841535856386539	0.998594548407382
0.910904015655607	0.949344909679923
0.956254997280486	0.945228515995021
#
0.042909820937880	0.040463499923461
0.065613078274325	0.025833278958647
0.187366783997246	0.013444175670376
0.216808285192658	0.050448963430349
0.251002154051327	0.039689913299445
0.352931684663736	0.020203023775295
0.398608771754920	0.026420435714284
0.485608807892564	0.025022534848545
0.515170546863268	0.027599985033763
0.617616560439374	0.001671440768794
0.686789340921512	0.053007478459740
0.689241398882992	0.021555849850773
0.790048027216701	0.020192963468771
0.859251821206243	0.002736827242825
0.881740880142139	0.020696128010330
0.980324717117549	0.004961995758340
0.059534963670777	0.120236587622258
0.081258321025236	0.090192204056702
0.178556361393667	0.107715276298745
0.239390825515588	0.124559309348012
0.284637353245550	0.109477446731058
0.367257692412766	0.086961074446901
0.404861048860443	0.108492622119024
0.465149538612494	0.082625006985065
0.549615997788989	0.101345472075940
0.602630306728564	0.097040219458761
0.663423607411311	0.086648540475091
0.742381437126869	0.094294888833374
0.804240040915725	0.094019345553596
0.829256075307321	0.062857437704307
0.918395719020836	0.081754334813858
0.953414480482092	0.101647767014603
0.054880301175262	0.167024593242566
0.065730693314278	0.180294028176063
0.128301994599356	0.175436228641876
0.224113704892600	0.183115667516975
0.293794511434691	0.154016957173943
0.334399580407632	0.144484597873987
0.378158600579635	0.144283310485604
0.492070317630323	0.152298014835640
0.521645547929021	0.187050275489932
0.600023273663834	0.168268095697455
0.660054860164541	0.126505101885764
0.696536303863753	0.173580596482167
0.800831738449245	0.128531410301461
0.831123543019901	0.129134980788020
0.909754164277635	0.140450954528165
0.982081935620420	0.160016399292512
0.051621589778019	0.195838214191221
0.122679718449404	0.243405985571655
0.149452486168466	0.201575157745177
0.204039080639845	0.246452277205291
0.303983870600696	0.192046580429782
0.320501483687666	0.227868120486468
0.436600970744412	0.222351185985573
0.488896986263315	0.245343415240139
0.519473146622645	0.221330749824720
0.584337325204242	0.211310828997826
0.649340598936970	0.201079777750671
0.712967537436743	0.217162412670944
0.770717820550366	0.238230681888114
0.860787857800789	0.222619309636676
0.921210081923918	0.234876018494222
0.981464638545053	0.206743735271563
0.009941851460594	0.267475285571412
0.093016259859553	0.307662791324002
0.160212223004250	0.285332163964126
0.196983885808029	0.262340489865127
0.269134327133450	0.269238709447495
0.312533492106021	0.291294743331101
0.420295646613882	0.284866539929613
0.437922235069080	0.308913954285419
0.561024564114289	0.287214898120080
0.595879293418461	0.251952264021838
0.632866806105097	0.255567103247290
0.703142453978221	0.299384219685310
0.807641578196814	0.300055467389770
0.851453193516110	0.278138809945816
0.904751930174476	0.258395027313008
0.964897388380463	0.271428981888208
0.023680103569916	0.313397615798958
0.089580910606794	0.342607039470483
0.149232802525333	0.353436048210351
0.203065508761924	0.362597266849502
0.298239227875774	0.349938824344994
0.317181371968398	0.321564773812789
0.436844962459720	0.374536860821428
0.464662442368493	0.323935776165788
0.559452842556511	0.365076575134899
0.598737013010829	0.315269771149096
0.628155551138487	0.345348313051008
0.692785911175955	0.353832585222864
0.797736113960328	0.355773747661331
0.860945596778403	0.363855729662780
0.888835043751480	0.342298494891682
0.990233163623543	0.330990152204989
0.001307213781124	0.386469048159539
0.087237116202534	0.434316921061677
0.161106620734466	0.390680064392667
0.220573011240473	0.382842228094894
0.274941525675226	0.437239581166007
0.328336915004960	0.407680470984238
0.430343039564985	0.401727643175802
0.441402489946085	0.434831887235593
0.516592425938368	0.392558510506656
0.607866146350365	0.386714092662259
0.680628110187391	0.395477658418933
0.743259468259816	0.400597040009009
0.761279820758216	0.413678605249426
0.830528547249392	0.425453115921224
0.888914565980997	0.427364122920522
0.950562295608819	0.402596116479858
0.039555422301533	0.454202865632647
0.084890876581751	0.477791080493548
0.172002503179131	0.493906076515886
0.237503070541425	0.498347076179540
0.311831060491230	0.499793495197034
0.332118399460362	0.488511742744830
0.418741909695380	0.447469959488946
0.448582005980676	0.451207182635252
0.520045604052149	0.499760930368155
0.604211688618923	0.447991515672298
0.668439954471178	0.446377300091874
0.687538030600999	0.441030045098981
0.786351118594490	0.494288462387465
0.831677510727704	0.473550737654686
0.887150358964491	0.488292953578823
0.969396290434966	0.462092126463445
0.041164765900738	0.537507097594791
0.088014226456409	0.524113478275624
0.131394993762694	0.560678256515106
0.247290941667694	0.511079145685322
0.282938151133232	0.505828311537236
0.344042491742653	0.518715365081144
0.396745590367179	0.560223705134756
0.462805298875972	0.511829088386574
0.525550099168450	0.546670587205833
0.586458767187772	0.536982159560891
0.653601621531672	0.545606797484357
0.723752225204662	0.550458145776172
0.764970618696527	0.508506144326182
0.860444519359838	0.527229627586140
0.924470741502468	0.546108608988838
0.981319425754207	0.514100911651994
0.029484592064862	0.585900883588684
0.107124409954325	0.599200225327327
0.183673646954976	0.575040301514682
0.192139177060369	0.614101388154459
0.276566751831343	0.600672645808820
0.314076705632400	0.575708890220432
0.398791418227202	0.610529464360566
0.470494496701982	0.591311150950219
0.517145187248742	0.571387973470587
0.583299892537366	0.575921612940361
0.676882803088376	0.599112251651034
0.700303235545359	0.566913181393038
0.799190711896329	0.577642608568455
0.849305288394518	0.595014281098268
0.878092289335465	0.614923365921114
0.970963541964526	0.601222973325924
0.019362688767575	0.660966725155238
0.071674634020700	0.648389179090361
0.129754232520297	0.637167552154201
0.197184191160413	0.662931858221519
0.268627077476384	0.679283609888350
0.366471659884898	0.642682164387703
0.408768280897352	0.635338539667506
0.444465391586876	0.666326217042824
0.518646166926167	0.637114412124994
0.574158680235073	0.641569571020447
0.685948692247260	0.627353090007639
0.714860572165893	0.669717646578145
0.768571476121683	0.686129664536246
0.868430393702800	0.636335522914034
0.891393504531331	0.630660745156501
0.941361059712097	0.655451693011669
0.027970755057286	0.696731969701762
0.094527665212990	0.732333155461199
0.136923543020250	0.722163124483699
0.197075109072513	0.732386141371072
0.286425211751816	0.732670338412903
0.341599075072235	0.691094438735418
0.379208607876605	0.708287208476869
0.492245629136973	0.726352061008534
0.506614477549823	0.717548946958862
0.623281229869062	0.706313720151971
0.686182749195416	0.708348616758792
0.749084911265314	0.722405358458614
0.811233141226399	0.703702926610411
0.830814371442728	0.726807185472410
0.912829670147116	0.734010853538991
0.996494753518257	0.741398398966156
0.031356486280881	0.756856476336684
0.080171714235370	0.767891775777189
0.159673295428435	0.776479231607280
0.221796437698485	0.750230567297021
0.303177639708896	0.785781442487096
0.330077254886873	0.799529872846215
0.397577397996228	0.755739440677161
0.457315919139612	0.781800544289709
0.503125562915375	0.763424007399805
0.598650213019259	0.803256596043533
0.637686362754946	0.782340102050765
0.723608380221089	0.811003676047782
0.798373653113580	0.791866680631499
0.836368623879125	0.811889175150867
0.903926433740167	0.757988950646945
0.945659116043397	0.775193562242248
0.025499738656916	0.818240980589935
0.069740429420429	0.817506209468121
0.171577985220141	0.867619214548641
0.232468059326049	0.816365343810493
0.267774354466883	0.847689937706499
0.361729586377444	0.858414700934876
0.411774818430253	0.812751209203329
0.446990487808243	0.824612199142485
0.560734683283543	0.865699613042688
0.563000050722738	0.817993877355008
0.660385045042002	0.859491438775903
0.733593090084287	0.844032009983559
0.755217086859680	0.859980160279661
0.833570726933789	0.869940215080264
0.905681608295576	0.832781314665401
0.982207249089192	0.817179006510922
0.050331323972282	0.915897766617918
0.092311819149137	0.879483571670014
0.152973286741291	0.892218571029305
0.216471103419659	0.885850990819361
0.252811528801176	0.933807352062153
0.360865648876262	0.911995437048491
0.400450833569735	0.897991902593172
0.455788259398725	0.915562968725120
0.532131583757496	0.905124621443712
0.575090299334282	0.897901332593267
0.678812454714513	0.878247371293429
0.748461900831541	0.915880662005716
0.780401739910106	0.879288335157160
0.818552248297737	0.898479500543554
0.897707288668074	0.916467124373062
0.960280108561921	0.880215114755024
0.043777134366980	0.968539170491518
0.090539521951703	0.973873309697693
0.152476214184420	0.980882118247888
0.242547950414603	0.962895031907920
0.305991718020172	0.938725486499892
0.363750237706990	0.977219365037097
0.381441659179153	0.954363954315629
0.486192997701860	0.948414221481284
0.514985290519540	0.982399623953365
0.587846499422529	0.989168058336169
0.647890290498126	0.981166085107523
0.744147600051749	0.952200876319478
0.784902202788485	0.993054945107562
0.839862272717259	0.991029355279992
0.914252684649954	0.942220399972219
0.958918364869062	0.973090771783164
#
0.009506326854929	0.011051492142387
0.115005729368424	0.060012717454232
0.131157189710917	0.001045129713264
0.207345206033170	0.012535535384094
0.284593401746730	0.051733780664330
0.333869006358755	0.047493236223234
0.381783965569172	0.025920072343647
0.475500657508499	0.039204017210101
0.541244302915000	0.050747467042121
0.566160890594744	0.058653302431608
0.629874361898372	0.010871387132996
0.689025736297836	0.052448543630296
0.765910785125082	0.043668064604552
0.859789211459525	0.032419180999840
0.905694074004584	0.004386564775926
0.949192572315036	0.037876757452701
0.036670922062865	0.099899752408941
0.090498834156431	0.117894302164296
0.155404342752975	0.107965372949947
0.205080906238891	0.083890752435287
0.265010855833537	0.117319972107029
0.372241104341168	0.083840108408788
0.392708634190543	0.095634544683419
0.464413918444634	0.064226800154249
0.508210063142635	0.097964930851121
0.569991128942927	0.106801112090890
0.655503741618130	0.100235029539963
0.696942069046069	0.073842029584651
0.753935887246378	0.083876251699141
0.815215101684494	0.102985621206575
0.916604868800869	0.115884357319070
0.988967589944128	0.069389576821562
0.002653615389754	0.174554177455035
0.075897485355590	0.173258802850209
0.154429787311105	0.139215802995422
0.229068593408230	0.139873655152594
0.251941086244639	0.184343932079348
0.373455375549024	0.142680257373764
0.414697957248939	0.153856037045795
0.450366813998056	0.157816987710613
0.540757017874452	0.177677384619060
0.585548756693152	0.141296814636164
0.639605686333870	0.150933256029602
0.743078856523633	0.155076597285824
0.799188538742412	0.139211250210463
0.819599858836061	0.163167223925276
0.890328574172530	0.150256736471843
0.979684934961187	0.159827257558314
0.029161017613174	0.234313493969225
0.085257524746181	0.223527596835286
0.187383363401723	0.213349056319764
0.230359884862057	0.249453934811627
0.289296727505698	0.229711008064265
0.348311502771292	0.240316240551257
0.427305273665652	0.197719294274626
0.479596120460680	0.238091699383359
0.554707332352341	0.226256220450452
0.585497554251458	0.218212053215995
0.683682166752099	0.244526792229043
0.738977477170172	0.220928327319196
0.791763861629708	0.227655774064515
0.816029045964482	0.195260953989406
0.928933811270151	0.198874536773394
0.943495459943310	0.223078111413186
0.043453788118426	0.312436997905010
0.122655009559275	0.271533229276895
0.141885010253029	0.287162549336712
0.218887308343287	0.307935433985068
0.274621085284073	0.289760273512164
0.370935968791818	0.276244834813696
0.376507442983335	0.270414490810459
0.497934099504592	0.285350923551095
0.556506028339268	0.266847761148086
0.616198253743047	0.266225024188455
0.633922865514509	0.283207022447187
0.698146333818591	0.278083764488828
0.785662913688729	0.302395809133862
0.831421681829710	0.304869110767001
0.906615510633941	0.261688308589321
0.958551106018957	0.258412461322363
0.034226331169304	0.331301536779222
0.114312629503969	0.335424946524535
0.163500497315778	0.315698403283767
0.190521657103794	0.330270764160149
0.304060367254205	0.351827732223744
0.326991548605028	0.371045663704524
0.388890698933716	0.340105815040322
0.458935971391372	0.337259266720447
0.524445011984661	0.360218042882676
0.580858329649982	0.327581604102180
0.630154096493533	0.372691562500594
0.728812799987805	0.353271396985690
0.762758924061260	0.355604129635171
0.839845334025995	0.327696075229951
0.932938593642423	0.315709042581895
0.945861679023565	0.337516656733355
0.049522647791198	0.393277235420718
0.089913690949304	0.431117387472446
0.129328373267625	0.426481697967737
0.198551888711181	0.432691870649041
0.296671037674921	0.410959054942583
0.314592475916048	0.432119891279056
0.392861786055230	0.419466292830642
0.480824874942383	0.413169634246307
0.508087509066236	0.386266061296632
0.609706885017736	0.434185490695337
0.631297739369631	0.409922785977815
0.706952506055113	0.404643547320655
0.775384129365646	0.398520360386120
0.829317163738147	0.418266006260707
0.887035392751460	0.381555673493202
0.989645854582113	0.408310361883675
0.004767972947976	0.442389650009547
0.087557907134774	0.443181027164841
0.135093606195900	0.452726720792178
0.207332578797902	0.499861988311718
0.286101581842779	0.484119168158881
0.358635667853205	0.438767460742678
0.430669697480199	0.440649117460276
0.462546985544042	0.466222445938322
0.549649730190786	0.449130470226898
0.570441653531846	0.482868416521900
0.634210379781833	0.462432007878654
0.736069603281461	0.485997317180968
0.761334521553091	0.481254289096979
0.820898495863867	0.471182664223873
0.883514683768389	0.446837344107180
0.985198018850688	0.446494634090689
0.059015293633918	0.509865076894608
0.113727117231169	0.521398477523215
0.175639727790407	0.552645107656169
0.217042763491520	0.535082452822263
0.288025037656311	0.552852455800831
0.350814757819361	0.517802843013267
0.404297568449238	0.558942728980664
0.462023624442989	0.509260530454749
0.505288228626663	0.518768082828323
0.620315883642253	0.520632380857280
0.675898863742105	0.507286405323489
0.705231525793842	0.514700467003207
0.790544283207400	0.539168261306283
0.830024917395791	0.530596888995053
0.883418750529159	0.537792644908836
0.938941145461621	0.519478508363124
0.012493441728291	0.598556695121470
0.117278070856649	0.583410046315615
0.130193343212640	0.569430140649069
0.218090484871783	0.585074051812425
0.283821369907544	0.562642715944127
0.349373822327325	0.589515794860668
0.432113264817072	0.569701770962496
0.479919463726091	0.577191047563029
0.510178194834776	0.613933142068315
0.577534856481951	0.575385105042459
0.680215358412293	0.618693146169231
0.741030468443299	0.562638819901654
0.761360154344318	0.598315423915818
0.857224903778342	0.593396434509404
0.903439116903683	0.602277523090545
0.947805421036390	0.571171112695283
0.025414864858709	0.675729034072889
0.122865002310803	0.627864017151963
0.184333625292483	0.680808335570225
0.247407184010932	0.635055814289967
0.293390307221769	0.661552668164729
0.350612396514186	0.682467024364734
0.381920383444387	0.680802900444437
0.459016238897228	0.628127933946235
0.552830266371097	0.625468355618177
0.623256152349817	0.642634619031482
0.656920009227335	0.678100872040517
0.720412913557471	0.646664090867076
0.771487181385510	0.636774698231433
0.844763890294652	0.654743633647390
0.929058694700724	0.633143107699729
0.970255677203009	0.646179024266004
0.004016476495079	0.740475070005743
0.119451740813547	0.720192702189133
0.162835059085124	0.736367238056582
0.245019989901925	0.700171179242938
0.297918817083216	0.707584049280869
0.354375225457916	0.748744833806703
0.413920524786557	0.745999120698776
0.461601739784028	0.744273563103465
0.547470789486535	0.694136594409155
0.586075265940995	0.691749064019939
0.683752519921691	0.697188063992580
0.699758035861249	0.721168255324864
0.758757106161503	0.702252971826762
0.821036376162906	0.717384567272939
0.927080759237772	0.730412965985111
0.940317593748406	0.707285035420741
0.015732318603139	0.756371656303264
0.089513673802608	0.792022313335799
0.186965601736904	0.782647563035751
0.195706421001979	0.763001638322138
0.273347373838967	0.792390147801463
0.313878160697962	0.770065300505973
0.394261261103503	0.777965569438638
0.460683494840791	0.764611504858968
0.504969269984278	0.805036439849654
0.589595425865752	0.810241605329267
0.673649676868494	0.776762990549152
0.746142422983223	0.767191448878658
0.792842974808962	0.755815425568916
0.828893577727464	0.788850913619122
0.899883540847777	0.785278792777746
0.950122102064807	0.779723423147160
0.014766465963276	0.820647876478766
0.079136150048961	0.830548508751799
0.138622292422485	0.850137290902817
0.231030214457081	0.855681426644018
0.260729444550404	0.856409628187285
0.345537593101160	0.867459114100775
0.415897011562692	0.849263241552227
0.476921416813722	0.871072282664495
0.506862089388739	0.873689894578697
0.613510192471093	0.843772911677666
0.632069370681902	0.867492715433471
0.744777642742213	0.824127111979557
0.805469568700755	0.845637419894486
0.861491833795791	0.854364364475912
0.910771674746827	0.834617917591151
0.984198495145351	0.814788175907402
0.053982589872084	0.909509075246055
0.065355049461442	0.905210180942717
0.180817938873851	0.884514544088630
0.244182382796235	0.891544027985433
0.287377718932083	0.921525937661418
0.361545684904336	0.891953299582692
0.400898810103745	0.889247559741896
0.452421946425438	0.900064207168194
0.546365612299150	0.925315699624553
0.604738573669977	0.905432309147537
0.658941995753311	0.899617018111077
0.735623887663969	0.923797408726834
0.794423541239096	0.885855407965918
0.822421880484890	0.881787199295775
0.901910788400427	0.920520115275988
0.949640387555617	0.895605463204697
0.007534647362198	0.950156759793790
0.087650886480732	0.991869828894704
0.176178788967356	0.986152031120996
0.193514348533008	0.983048857593222
0.276658122943285	0.980290428206858
0.347657101528057	0.964020992591749
0.419581924284478	0.949649136705475
0.470759425480096	0.938341727087587
0.559585682654191	0.964897299380949
0.571423508941993	0.948304332038575
0.655589015972356	0.971340705430214
0.743008215109703	0.982740890114275
0.810158532563401	0.949314917527795
0.857440491377479	0.984111353867713
0.917989605276494	0.948814927079090
0.948889002788670	0.972411073374076
#
0.041858245177278	0.029073053060931
0.104843452553578	0.035688681725457
0.177188016413638	0.001321432603016
0.244884517129949	0.053539227386596
0.289195635859900	0.011793691769543
0.340764953164795	0.039234295089085
0.430594878575205	0.030003926083446
0.477977262557363	0.004867621523996
0.550993705675004	0.030143898700514
0.590269764877220	0.033421057429728
0.651114937520729	0.029895501116383
0.731208469437833	0.024841738783252
0.807753969943210	0.057111414395532
0.874869120467307	0.044607466984798
0.895553755884304	0.034237868495224
0.961366310895855	0.032581280808100
0.016832518482542	0.063793601788649
0.064054276852765	0.097041370398840
0.140866192206942	0.103044874815514
0.223216498919231	0.068503783304129
0.282815061706424	0.088293403873288
0.346553248521302	0.065177731216577
0.392080472509745	0.081230586137094
0.466765412121724	0.107007734400571
0.518138703195876	0.079810066938472
0.570550944352418	0.113132343784820
0.636414430703482	0.092940941823866
0.748509714103073	0.087349383588263
0.770393612595599	0.123154703891057
0.845565843854697	0.069409063174834
0.875016068559493	0.079116051743998
0.944939733397318	0.117198304576962
0.014098783827293	0.153087476405918
0.117934255990068	0.171670049570773
0.129685216642610	0.150932084702289
0.216661530437218	0.163692434603859
0.306340263340119	0.139451205733803
0.361566182964962	0.126610203355460
0.421480101296674	0.167458797421995
0.461690874324807	0.135318388015222
0.549314253713078	0.150320168415858
0.613793891895631	0.180621041783742
0.684897116486658	0.151172444477834
0.732758534340597	0.170874587008933
0.767674815626856	0.187143685761756
0.870500246498385	0.133011504354773
0.926861046709088	0.182188896810331
0.964294025113176	0.134799899622984
0.048251213415235	0.219963329604353
0.103732829588403	0.208662337861294
0.135458927196557	0.200110916007569
0.218313648983793	0.232927199259965
0.265660216744444	0.202098180776136
0.359808756238736	0.201606799327793
0.402392028677252	0.244953879939847
0.443602227898338	0.211775983834936
0.501523456711211	0.210091055448887
0.622145156317191	0.236034912999844
0.638564190073769	0.236665756554963
0.704569934522051	0.234828145850875
0.779291278558502	0.217336561639639
0.829094222124921	0.221780801156252
0.908614859938648	0.243182027070593
0.960065901881332	0.239074621041439
0.047532974156792	0.311983080828093
0.119887575331351	0.279987129797225
0.127056077195927	0.301724078655062
0.222065408562092	0.267714401187309
0.280396256748446	0.258862444259893
0.320108618807306	0.265957918647550
0.415331637015993	0.256682977387491
0.493824661722482	0.285709628305214
0.550030426948804	0.292420728782290
0.623857606172994	0.258347393204655
0.634453498032981	0.250970396315323
0.737502772270819	0.265721185165625
0.764037743810689	0.286853693114094
0.870008837998032	0.295732517184395
0.929728763976537	0.256934992024776
0.948642839345532	0.285452953766322
0.011093561089037	0.333942524759085
0.111311812270738	0.324952536672925
0.131478165627103	0.336336799408038
0.206759108613306	0.335269636421644
0.278334800407951	0.353150486984674
0.331959933105265	0.323311605158567
0.422018055698606	0.365327569872101
0.482257484963573	0.351718543717689
0.515936051353564	0.324104731977942
0.614945511651446	0.320179247313686
0.663358090658057	0.338861006652904
0.729562942239470	0.315575419518416
0.759179939299747	0.370562246999601
0.840055378451374	0.374470558002817
0.889806288807259	0.368251963997202
0.990080177301443	0.369869170490971
0.046715439249928	0.398467894940048
0.096871075170201	0.422306275777474
0.130887295557393	0.375463764925479
0.193709619621213	0.376235250849564
0.272583244853905	0.387130764883391
0.373339970202846	0.437384772012565
0.436410981332048	0.377989120476527
0.487604755657982	0.405258836551863
0.551372930710524	0.405430573147705
0.570283411101621	0.397563427910223
0.638155174837600	0.437424264280690
0.707899189791735	0.385589674525100
0.774707732116735	0.401405897928962
0.853855215852115	0.428140521396566
0.932142474963829	0.430909925720983
0.962809445502425	0.417728349896550
0.014644587314023	0.491652330483578
0.120659355640681	0.499436501588076
0.185857738644317	0.466358662502342
0.247935861654215	0.440638517146730
0.297770076908118	0.497815355716230
0.342621702882490	0.477058936065193
0.419277877135151	0.455723150928557
0.457341126651117	0.484057100806166
0.520255107175385	0.476453647113860
0.564690927582488	0.438610658690126
0.661608435760510	0.474271436594257
0.744823407162289	0.490565769153895
0.752817205372340	0.443686469066582
0.870967309630003	0.482126262151200
0.933970355107791	0.461727892621823
0.953250953174604	0.485305458085566
0.062474818696495	0.524636827953424
0.104431889742713	0.550506803902799
0.183720288666366	0.530369905834754
0.205319678807938	0.502938591090017
0.294555127747486	0.533191069371694
0.337455989114814	0.560757144470293
0.431331403246459	0.530633596987029
0.485802921346809	0.558075988766056
0.549563242672492	0.549655001491111
0.573750102604099	0.513689760907714
0.663010179612439	0.513363990077252
0.736130169836951	0.562058616836918
0.758863449433437	0.524451558542077
0.872442690800513	0.561804933502410
0.879371545511384	0.504601421476016
0.980122822739678	0.528853228962713
0.036752726527455	0.574514489681929
0.069977337205195	0.623453161795263
0.163787130013524	0.607472218670876
0.191402174169524	0.563380798005006
0.261771308988512	0.617149695781327
0.317327343074099	0.592845862389157
0.379364181179987	0.563711124239771
0.449225102801394	0.573378740856046
0.544246769535063	0.580153804945912
0.565828029125307	0.602815684086018
0.673017189499926	0.573401965683653
0.716753162377689	0.563231719235944
0.773071709836501	0.573699048446421
0.837499947263859	0.603707265700495
0.876168834176769	0.620681041908842
0.945884187445832	0.587443189977771
0.051520542180869	0.661360001039891
0.123221624423918	0.652663243809986
0.172593892344761	0.633386792966255
0.239003077059519	0.684814518404266
0.255947092971403	0.685384306677823
0.354122284809505	0.654359872561614
0.416446510159049	0.649462872816241
0.484676133619430	0.625880941181299
0.509411215609734	0.675143555662395
0.578031824221376	0.660785858076598
0.686493561661102	0.663971067473518
0.723562481137589	0.626265908999198
0.750647392065881	0.682235463928602
0.858036309986035	0.649628184290400
0.916379273471278	0.667625480923482
0.965692857912670	0.646287184999391
0.047445477870630	0.702627101654682
0.118816938220714	0.694052249412996
0.165868965932952	0.721927906889335
0.205809977753859	0.745090039809605
0.280810833712064	0.748438485839506
0.336149203072686	0.728105807351672
0.398926894258807	0.705648467923898
0.471711586193813	0.747860582719524
0.561493204149649	0.737926821192477
0.602622254455374	0.734587847906418
0.655376159680396	0.688586532196749
0.707152214662557	0.728790984396774
0.780009214947934	0.699894472275603
0.831644810522358	0.746545046974566
0.886264812553130	0.735052784275625
0.941654642710149	0.716841130567910
0.047981722058724	0.807376624447614
0.066131665866969	0.811749099069682
0.126296266680885	0.800627067682363
0.209861226254111	0.797548482598515
0.294539337667995	0.786607037161385
0.318074152195029	0.800221979178656
0.406721566563757	0.785695154519215
0.446702918229090	0.798101496486483
0.537845823369651	0.793723311387287
0.574923195631691	0.774726927955571
0.650955412601110	0.791632185699798
0.717965143070432	0.800603289692803
0.804828156220570	0.780494295897194
0.833112875440999	0.807276083751879
0.925700392935122	0.776103449569457
0.956211014189457	0.755026089014142
0.035148474963533	0.860932685169609
0.101456214639232	0.814593866322444
0.134032137708630	0.842597380811371
0.216891446390513	0.820934260033172
0.308463794454807	0.870726628242579
0.324136160069410	0.844568893219011
0.418997206095140	0.826067305988066
0.493204335345818	0.825009822062568
0.519579114076816	0.850057983896127
0.598606420747495	0.824956426618145
0.637563849351151	0.832593471354943
0.731176581331221	0.841452783009492
0.811701782847918	0.864219075197289
0.813756388845215	0.838370357660663
0.902249919096881	0.815353445505689
0.968294429076089	0.814746210395765
0.041929162524624	0.925432953718801
0.101382148577571	0.883357533299331
0.155553735479609	0.932168767917242
0.230519272309732	0.913442837039694
0.301340176110119	0.901568940875951
0.330813009907332	0.896581179700229
0.386101228638692	0.919842390936064
0.465333609178856	0.892139018138903
0.501177831072984	0.932155578861631
0.574210439884153	0.881125329689501
0.631061736481162	0.935701630485291
0.696922807810927	0.936040755622913
0.775392049929451	0.898853095384863
0.820453196416598	0.919906383667236
0.925433880515731	0.892230571455376
0.985057091249632	0.888363683250119
0.018101460697502	0.953994147439719
0.086910598567783	0.998087816565667
0.172684771121755	0.942542121150191
0.220266648852328	0.965607813696984
0.296764623952160	0.943720758530246
0.322939648353597	0.973053599497781
0.407831754630392	0.960341084928448
0.467662034374117	0.989717013171110
0.554142776147146	0.962072016909852
0.611679752514274	0.991312290568909
0.632784438728770	0.982572780277713
0.717131500590390	0.940039140580348
0.797139123209552	0.970883160342552
0.834626989226003	0.994323288249276
0.905232067474334	0.966235896972063
0.985977893400932	0.958162317566611
#
0.042476206693094	0.025223513285216
0.065755555537938	0.017616393965463
0.148865972796657	0.021508474868375
0.231217409741650	0.060760133753824
0.294682081042482	0.008671565274399
0.320754776710704	0.047464883897329
0.399034111227732	0.035185625304628
0.487669232313095	0.019389962214485
0.539807142990131	0.027440854558358
0.583634396641546	0.044550562331465
0.683606942532609	0.059861225482859
0.726899373135972	0.062407251243691
0.776373305174958	0.007330775291736
0.842868934552620	0.031652065743495
0.884962742131893	0.059202048490220
0.981588868318146	0.048954527312646
0.028255812990422	0.070789986088241
0.101843738762975	0.075854039259337
0.150019771105149	0.122244880432204
0.194971090955653	0.108680577391917
0.274096643223101	0.089746063130383
0.360056603251155	0.116404386380782
0.404091664771338	0.106504817779992
0.439034270748737	0.098425450044667
0.539518948056972	0.062706071854384
0.571998388057574	0.097810625165075
0.667517084769210	0.110585390208425
0.719871258370665	0.065792449808980
0.794729399956351	0.063048973723326
0.818503827876645	0.114833282246216
0.921942328259335	0.064499853557674
0.964435290100387	0.069989115205242
0.021526161178836	0.137890602625066
0.088249196740973	0.147352960635292
0.181378280975362	0.135668470715910
0.240911543905598	0.181551544125320
0.254705131113228	0.178587566360619
0.322606958334825	0.173329897760025
0.381806263017772	0.154973948628752
0.453068870880075	0.129411740607911
0.561393466705082	0.175603676046153
0.577661627819799	0.143246274081931
0.677873337740980	0.148841235573949
0.728881189405541	0.159332419331612
0.784237265522065	0.134014465193384
0.812698992056586	0.140839428673694
0.908112021025296	0.148906911990816
0.942121514265803	0.185680193986204
0.022742608159953	0.216856308957645
0.120410825750537	0.223760115500484
0.130389024839478	0.241700310112606
0.239821669235784	0.227167399594832
0.252490140658335	0.196149631143466
0.346845063723588	0.201192059833834
0.402140542114419	0.232955562543463
0.451647962752415	0.205876411670674
0.512704018739216	0.238513981062224
0.564542305539838	0.248306001972711
0.632392078072273	0.231223960198980
0.700628516616562	0.233091131314424
0.781256206020773	0.227371801733359
0.818522275223169	0.190626965690899
0.927247751967457	0.194222463762090
0.979578470762837	0.188185382663665
0.003580078672636	0.258366785363380
0.088683819011479	0.298134914057594
0.154506424230525	0.266022052255813
0.199746760964567	0.268899246428953
0.312353379340459	0.273200362955267
0.335900330528594	0.252889750977138
0.391298594102566	0.252295193757698
0.480814127829115	0.268111119603997
0.515276816953620	0.267768037786071
0.608072684273490	0.306727824425727
0.676591323016698	0.290415941877970
0.708499801146332	0.273605559288665
0.811041426204271	0.251690848003302
0.837520475141360	0.289739903552048
0.930568027250252	0.276831968882897
0.979707510918893	0.267072490900655
0.021903578153440	0.353508385839176
0.088831947089367	0.312595684299617
0.164730637198019	0.332794749459204
0.187664644108774	0.316152375978104
0.307390311804458	0.340882703421144
0.319182686465602	0.369663260468436
0.378438103071749	0.369147566058474
0.438263780946905	0.321928252977535
0.541838311483580	0.355060993732782
0.589301414706698	0.346993851439793
0.686379281599978	0.370068691582435
0.715131673182508	0.346874186820787
0.778085504999753	0.342963243477969
0.866581165200700	0.319812153205814
0.891403328718479	0.352676074786618
0.998254316043634	0.346875153489964
0.025706444829285	0.398152055631660
0.073402337019425	0.377887995550499
0.156131434494427	0.421581565980818
0.205128544101638	0.388164532213859
0.272321094691246	0.424792131857200
0.343658401114205	0.410606641839982
0.398746557262784	0.407331184447937
0.488153866504006	0.418122035242995
0.507157500747628	0.388377578961285
0.600324011562118	0.408450639174192
0.657545621179753	0.429840746537629
0.723411264444797	0.393519884445360
0.786518090427625	0.400689042062892
0.817707963027108	0.377076908728242
0.929576229462301	0.423384292629986
0.983163817417962	0.426542204976790
0.052033851008055	0.487334758462346
0.082311299896057	0.467268970263486
0.164460276961201	0.491403461650224
0.234509937708967	0.464898787809047
0.283754280092254	0.438042319016075
0.314990796105701	0.455725325159315
0.431254359033484	0.486003284484847
0.482755960426935	0.466139856863567
0.505346744628122	0.476438138060956
0.579389563605513	0.447475599811290
0.638718881531087	0.471022657024679
0.724677556115710	0.444150492754218
0.812476950886770	0.451741290718606
0.819254443211075	0.445050206168101
0.930149999721942	0.472330892568531
0.974837888099099	0.481880803049864
0.013107674141207	0.536781037700544
0.103043675664939	0.522447957778920
0.143708737367696	0.557999872557819
0.195768942243482	0.526409072880379
0.285068698672128	0.530633634516418
0.373758765009991	0.553224161672574
0.424803413025756	0.523216762323449
0.448893637631879	0.507080189667079
0.549037439352609	0.514524996531435
0.577908495808465	0.532429236576992
0.660028140592628	0.556611529448212
0.701562046949766	0.525009218085327
0.758003216122278	0.542717620361996
0.841846895571064	0.516967508160036
0.929633814374016	0.508610216437050
0.953679231755943	0.511384080297752
0.017761153318631	0.596853915158858
0.087703420393566	0.620361822714415
0.182027591405676	0.572900657166122
0.241821887624525	0.583216486969198
0.291996109483763	0.611190023232179
0.352564526309158	0.590886222685428
0.413736769123640	0.605925589271571
0.471016982287056	0.613404462897080
0.532647711436182	0.589792696532629
0.586025922128122	0.624829300111702
0.679873554849153	0.611002233749256
0.698101815464464	0.583347636076121
0.771771623146900	0.600070382127904
0.837249951297359	0.594457228064294
0.911077212114138	0.604067283619444
0.963732350900241	0.609349593065411
0.059323334629141	0.678528370755615
0.109778174239276	0.664203195157857
0.183676710002165	0.648958859839816
0.246240193256233	0.639037344622551
0.288300244626775	0.646231745331020
0.322529232408276	0.649070814388471
0.411891585821144	0.675013051292629
0.483343398281919	0.666759637281475
0.529733736569698	0.676999541972065
0.577337963058925	0.631097609833488
0.680479839049624	0.686480305768545
0.733304764242099	0.680481342102397
0.783507161112155	0.658186727924200
0.823781992078592	0.631128688780854
0.936284850074743	0.668107269996686
0.939624935345404	0.680334139147968
0.033397043291688	0.732987241640917
0.086421588557754	0.720330419433962
0.159608090522724	0.708412417695721
0.197014080188124	0.709363806794133
0.282488526696686	0.743432375775518
0.350993543857707	0.710755542799191
0.387213315337364	0.705831462186955
0.492135531645533	0.707306771398244
0.543452226610610	0.700004360539607
0.619291719644515	0.691698095194692
0.626302108867397	0.723244160000059
0.710769326125916	0.749650523692172
0.753943690070637	0.746581460057428
0.852533665378586	0.727172603461582
0.936602622386790	0.716229643475667
0.955770772231224	0.722202820464085
0.026872857218113	0.764761148606139
0.098271393851207	0.811605026043045
0.178930983687502	0.775089208857410
0.198015046672201	0.781761981976280
0.264824006055091	0.809026261790778
0.348695288275181	0.806616263069822
0.425002031156328	0.751920184746715
0.482488177276097	0.771818864120710
0.507953508540628	0.778659617782375
0.600211693070063	0.750172895117470
0.675958603472323	0.783717408900549
0.688356583938202	0.793363810803477
0.794760088970596	0.772465480322127
0.856460657097390	0.794825486674631
0.936084068700109	0.805209396361655
0.993304343194073	0.795723868864757
0.021904502738478	0.843544383729702
0.101217214827476	0.854354590027210
0.166052869123186	0.814605590043847
0.231939986314843	0.849624660165777
0.290252680172038	0.824800001591165
0.314443736308474	0.874343837363842
0.418890805255829	0.864565056615291
0.442965887502759	0.855144782511085
0.504838520502052	0.869511545896416
0.577762954551788	0.866126280406869
0.686314845442845	0.867730766838703
0.694396490931254	0.849046185897674
0.773126470308780	0.868971756614389
0.860718171414504	0.853309580832908
0.876319667630321	0.845355825637317
0.992610223138498	0.870383814208997
0.030479950400880	0.920345671849289
0.099595326866162	0.911387392721113
0.175385680468843	0.893649634865846
0.224256317256195	0.876892789427515
0.260934448439729	0.910338735638149
0.361892471683536	0.884069990310601
0.396631274857589	0.889903881721525
0.449531638968510	0.903196397185837
0.512510099989597	0.926018347335285
0.579938542407457	0.914019876925512
0.638313087506875	0.930531482807252
0.747819956944515	0.888175886447582
0.765431744181070	0.909895257275760
0.841953271410184	0.903901619930729
0.916289181196198	0.920790916668668
0.987384647200789	0.936766686921885
0.010296210183365	0.986382655548836
0.107980243275636	0.968539206172814
0.152511391896990	0.964544398483598
0.202096797398314	0.998180844995235
0.278629954678153	0.981100295302132
0.314901625912730	0.997077918494371
0.408451327159640	0.972274859298434
0.439389167586781	0.955676486268797
0.509307195012646	0.939942213212476
0.614656098271873	0.953276443822723
0.682333265066224	0.979739342229380
0.732038146171728	0.956742170125768
0.756944180365988	0.971840912964391
0.819261494705398	0.940101183165703
0.898390096253923	0.957368174208647
0.975336499753836	0.973407313803539
#
0.000058661666130	0.058455049947010
0.118662332619695	0.051669807258102
0.178535258133438	0.047114054858013
0.245858100052774	0.004592801488958
0.289123799893801	0.021504281253788
0.337367429141856	0.058527378655511
0.406895403874082	0.017762497318970
0.446624359161738	0.043136361123327
0.525748661754362	0.041527296848136
0.599246301071077	0.045945812769571
0.673056593365166	0.044306626641030
0.697707162488417	0.041303698012210
0.777161421464328	0.056567588339459
0.819005721657655	0.050572889184829
0.926696163395931	0.022722745115804
0.959211044469665	0.014913152513889
0.016734747190898	0.110486924921392
0.098040892096013	0.093453576126125
0.173987042039281	0.093554191182147
0.238536015688683	0.068865568189385
0.274731134332188	0.119389629528599
0.360738843399621	0.087141020724001
0.394530803799171	0.118789877639220
0.463371930504421	0.096487994109976
0.554002246424556	0.087863179860954
0.615735271623296	0.097176414966159
0.632620172926136	0.081910671830855
0.727234504005693	0.121279378784536
0.750837375366440	0.116046133594598
0.851544583618302	0.098513428086534
0.896067201994259	0.079291642822044
0.981266211102779	0.077032503107803
0.014948420855787	0.128879232158391
0.111303392692656	0.142297085058479
0.163917933788946	0.175054699048645
0.244850554414990	0.159048498310509
0.276833285627499	0.175326051726082
0.345642109714831	0.186194725785450
0.392356028609759	0.176304460413243
0.489948269719595	0.166603617103329
0.539454350431788	0.159635032506109
0.609266028008253	0.155086599224616
0.665585505509070	0.184074343486939
0.702191484498836	0.163254250475614
0.803582321326500	0.164933855276307
0.869459021631502	0.177862224559733
0.911807073565271	0.179835898465206
0.964868156536801	0.183284828016368
0.047468538741807	0.243794155334773
0.120477836068714	0.211298328451532
0.150806601660048	0.219627610066004
0.191366061612816	0.195024529706576
0.282594588825618	0.221036012845239
0.323091052358642	0.229717852979600
0.404873383864149	0.231522452402050
0.499594900960707	0.193347973008255
0.507490088946649	0.209711136767224
0.602889625990738	0.221115830085733
0.665395756115996	0.220916894868928
0.709386202075259	0.209378422053852
0.772556037254412	0.219173403798876
0.852116869888179	0.222047952404723
0.898233616177047	0.207715541027187
0.970692651092120	0.249467856352443
0.011445089915405	0.291805647497951
0.104092606644051	0.276152556360735
0.168817750581381	0.311907464812837
0.215161817009249	0.259262423149604
0.307202177877701	0.302456933711645
0.362690905469980	0.293850972603855
0.388608243435996	0.271982493568091
0.480611270987571	0.280676033136709
0.536561347334427	0.301596749847894
0.592553289017536	0.296237188445809
0.625211605860435	0.269419375476874
0.732544527530564	0.279500660027727
0.764688068451287	0.293642187195630
0.860605579346443	0.282820630535209
0.897050047705893	0.272000859118300
0.989402136675641	0.272972703363740
0.003860282625272	0.343823303723201
0.062816783538511	0.370942744614660
0.180762333488269	0.342688022959672
0.234360384416501	0.356993127653723
0.291369022665631	0.347179692610442
0.349203504979774	0.328494518315069
0.420379908780539	0.357008580521682
0.452381608356345	0.330040936580636
0.555408600774340	0.322284234355270
0.621612583489998	0.359345767672487
0.681789068925844	0.351368271754791
0.739562774874983	0.313651913195185
0.805656796479751	0.320845926924573
0.820611282384631	0.365053944432888
0.890066640600578	0.352971943177509
0.978317411916986	0.326757795224376
0.019005022961997	0.410274921808223
0.104511758598851	0.417636183493337
0.172074790371017	0.398416536399959
0.220720800564327	0.388327464275255
0.289123162912816	0.409271573845011
0.364389456689681	0.395259791291379
0.393373579824314	0.402727715386480
0.460286693623705	0.379910151737256
0.539769233257340	0.411352441028890
0.587489762029142	0.428802334992518
0.683970242039410	0.392250041786989
0.733287868464433	0.423510651886698
0.787010890600390	0.398220312568760
0.816794815648881	0.419698549022944
0.899621069975458	0.425760574301416
0.958727605747694	0.387225238842011
0.027483901684751	0.448896372024062
0.123607127912367	0.493417676536696
0.132425465724646	0.445420718157063
0.203357002832544	0.447636596511616
0.251839936944153	0.496316491727209
0.329731198002638	0.462784179055664
0.405174275066861	0.439141867828239
0.437579419245613	0.489315717318518
0.536238046706128	0.489875575205049
0.579846737037261	0.486301085049939
0.674737677717288	0.497426391738683
0.706785425650139	0.486923412096669
0.784329360693653	0.444047845290403
0.816657458389331	0.480814094898131
0.899507186352161	0.447448649969871
0.987796786340255	0.482359881566921
0.027876469385898	0.543891282485889
0.085497531506814	0.515152055220714
0.158111971985342	0.549508362394294
0.227504994845950	0.502795816559879
0.284908371403559	0.500391601992397
0.371305127758255	0.545313910591722
0.425380338591728	0.517640353941275
0.449160542065315	0.550330736889814
0.509924639528018	0.541843236404667
0.567572008994192	0.539880104168523
0.679007843032947	0.522513707551992
0.709999126591137	0.525931633898507
0.788158266100953	0.534840836125040
0.819836663418644	0.526968872573802
0.900956375006576	0.538943274363164
0.948222163310443	0.519080006827503
0.052894952661101	0.583089525175884
0.079431111360768	0.623257172409971
0.143378694895277	0.575783575349670
0.206717718862746	0.563714862379412
0.260991230434969	0.573775346015178
0.345781129952702	0.562895873357867
0.414467094198793	0.607088893967934
0.443761276184526	0.579204551355612
0.532095490860426	0.608847596824367
0.610217344652679	0.621329677523191
0.651658769324808	0.563222667988325
0.718384750936736	0.611633240547761
0.798928261906008	0.613285849348359
0.840897571200248	0.622180542194909
0.885827880558983	0.596717771674557
0.991086919353364	0.596816231009857
0.042966497606357	0.680662773038648
0.116617911697044	0.631226145081740
0.169754204510770	0.635087765377268
0.204327684379958	0.645224231882073
0.307089768494384	0.634205301512663
0.363055568214752	0.677112267612156
0.428091599429164	0.674030358550728
0.461037745617455	0.654782716730210
0.515054196675786	0.641638277408001
0.599000928466325	0.634629486276449
0.664844800319952	0.646338585536307
0.701373205494339	0.656222705183603
0.773878224054090	0.634051198010927
0.815736925870468	0.652393592382407
0.917021048483327	0.684440999349333
0.994853661117925	0.628288457520140
0.023338256947659	0.727093483898112
0.070678716963897	0.696018844684823
0.136961440558536	0.741496377011411
0.188009185003585	0.740899481706647
0.285112784223192	0.742077975532058
0.372011406783017	0.720522962227236
0.394705727439072	0.688121483792346
0.496417400731919	0.745335415470259
0.533559892290751	0.739412819629515
0.609456700720349	0.711280974550471
0.683378390588536	0.726321421776391
0.719405899632118	0.716898596183024
0.752380010919850	0.701354293388746
0.846329950677191	0.692617870548302
0.930507678435069	0.691707902021405
0.946616234070765	0.723605054802868
0.059797356675797	0.779636688217203
0.093971510439639	0.811063266649973
0.141902489198698	0.801860003307662
0.212245817796734	0.803714011313560
0.268411527901402	0.753210255745964
0.357428547092697	0.784889000665254
0.414444161209847	0.791201063528704
0.498964003083288	0.791767872152098
0.511744905746133	0.768451271568414
0.574353064675083	0.783380789384451
0.677327309630887	0.779854900457979
0.701382537550266	0.784348443857010
0.751482493928397	0.784310954296219
0.835854665483547	0.810747982831846
0.916485182426750	0.810992167985763
0.979773844049143	0.784873634744988
0.060391663282153	0.857682427489241
0.086092685689473	0.864336752810478
0.154683510925314	0.860998637156095
0.188711884228096	0.866312735973930
0.300224022471282	0.844949560567609
0.320604891576363	0.858552414890973
0.431423730433784	0.840436842764713
0.437756914194384	0.846645674763514
0.512584783197982	0.820305825343892
0.563299062996707	0.847082089218796
0.661669055459595	0.828399132693512
0.721857879493469	0.828225564011542
0.755845656750804	0.872791816101594
0.866466309029252	0.839709921964609
0.914041599413390	0.864127142468730
0.980017929871687	0.851984444389116
0.053378757160012	0.931559045579415
0.074029864091200	0.888900737805269
0.140979886568030	0.905196709900092
0.195940679392298	0.909021662163204
0.275111832443534	0.902953277173907
0.349759713318725	0.916298585225897
0.413949361458409	0.893415006362115
0.458258067204328	0.913290380727451
0.519236479497453	0.890254696834659
0.601043434880800	0.875851151140721
0.668827303302550	0.903573250870354
0.707440094415783	0.916715269743399
0.760925917437632	0.876120133660412
0.861055254874764	0.931373025987733
0.918533402039561	0.884173958753625
0.985390494443218	0.923503965529032
0.029064720430543	0.980489258839048
0.110720365872425	0.977066689893153
0.145507058584599	0.963528466489755
0.219869939457828	0.977753848050547
0.271001986305579	0.967122951529367
0.330169631012289	0.971681518226206
0.420163829821433	0.991159675990036
0.478716365551510	0.996721783870417
0.555000910155359	0.940528432490078
0.600524508563225	0.956474618641421
0.654807945458407	0.975530848075992
0.723286573856204	0.999586156001800
0.789000484155608	0.951249748515256
0.838488736763477	0.961270570265774
0.919396605454827	0.990392929129976
0.967182475600201	0.960576634437446
#
0.001034684916035	0.038616731539047
0.092336766661572	0.038491028617367
0.165076095707499	0.008812749658551
0.218776178160630	0.062347469996858
0.311966323395485	0.023471831495052
0.331970775097020	0.022231239175827
0.412372622109221	0.055503773370409
0.497322175505646	0.038766839957975
0.529985438151631	0.056942262248938
0.587462851288720	0.010204790176988
0.658984605696514	0.010071750034129
0.739009139198230	0.043294888611020
0.802674698466476	0.042146762289840
0.861342751054057	0.059270535493100
0.884619689708836	0.045481747870911
0.951474751712865	0.040209994486116
0.004459816687033	0.070869100893235
0.101906946374664	0.070930380085118
0.187287909677203	0.079305396477414
0.208620570343016	0.067783810737958
0.269561306607109	0.109629133756303
0.366284324261659	0.091777812245250
0.415469243389780	0.098432128456987
0.452276007275743	0.079017875356138
0.528513727046902	0.080033085647745
0.608958819149751	0.116852654709796
0.627246256146987	0.104413507952568
0.687607358646371	0.097116827390766
0.778281195168565	0.066674003625911
0.867531371941448	0.119224957436492
0.934784609940202	0.110325925339788
0.964789089549400	0.065276578113035
0.042829979031889	0.175060559803401
0.095134798968824	0.137490583601173
0.176448429364583	0.128571552778262
0.218497734582284	0.130579163350765
0.270811913103287	0.160452690696798
0.347285646225742	0.169779740939215
0.387097206929954	0.154874475476070
0.491900238061068	0.126334561530113
0.554120467755506	0.171995684471795
0.584887147260571	0.126846882777020
0.645742819009056	0.154686033485268
0.735647423611522	0.141155013600051
0.763099993189238	0.140619830668583
0.827441820267109	0.182344801941036
0.887450660887396	0.131385955684559
0.938347454052034	0.144391484315715
0.046589702917051	0.224648805620300
0.063942353052307	0.204817378722904
0.163985289555040	0.236568992037575
0.222063572968953	0.218065439570478
0.285837371929278	0.231195515162823
0.356363890775564	0.234556251056389
0.428053203909787	0.228167516945551
0.463436022435999	0.188977459911601
0.531383557339754	0.204400746621401
0.588579073088728	0.240394654143111
0.631995432109571	0.206549268336745
0.702391021117193	0.198096640235883
0.809333826516367	0.211426436411898
0.853495529280276	0.227615840029348
0.885468506766010	0.217046751865895
0.991159268667376	0.226369362973810
0.042145356036407	0.278639135234090
0.120885408977253	0.265174459203885
0.137733797138262	0.298135962071977
0.196616738178212	0.273508416756175
0.260998410131666	0.305958675946681
0.350544095310160	0.282599822567450
0.408338377551022	0.286963823303688
0.458551319481002	0.251697926229494
0.553124026582372	0.308404659269355
0.590454857351830	0.309957039149002
0.682317171666612	0.273690618449168
0.702129724016909	0.308498638521065
0.797535518995727	0.309282144807345
0.864399401599518	0.258364654366361
0.926067364239382	0.308174155083991
0.949470459209865	0.250188345031391
0.025288460461956	0.350185349796127
0.116512144404466	0.364778658489180
0.177128872016824	0.355892319155017
0.248082035730030	0.349288701772291
0.266017091755294	0.322505678925665
0.320718693985422	0.354884357623496
0.388811044179907	0.333790398353313
0.464553940188967	0.333796035692514
0.515282354597650	0.330906981199143
0.567792442613931	0.348634709088629
0.659940355494605	0.359928439062188
0.740511288078388	0.335514091091583
0.809990946595788	0.322016149179432
0.836409559158820	0.320666296816935
0.907233329992097	0.344448922180326
0.938887060707525	0.338462350255801
0.008257602110565	0.381630421734096
0.086825059878017	0.379732766902827
0.153766315902762	0.399426258669567
0.201907653219394	0.432215395222235
0.262500846965122	0.401726450297103
0.324093321632034	0.407165182674575
0.386468407875269	0.391858404156952
0.466525335701072	0.412675484281540
0.559230125304714	0.405913472924943
0.614055790310156	0.409167898070106
0.648306921158989	0.427869564705847
0.716142735450678	0.417208909226979
0.770826897370472	0.417974913284526
0.871823279870284	0.418228230027186
0.881290623672258	0.412090965729926
0.972662916778974	0.405214091478897
0.007447852798493	0.472940775588607
0.068914335033371	0.484323648266570
0.148506978546737	0.445557989895008
0.231539996482092	0.470763868063400
0.255558966587544	0.491018249229183
0.314188757897166	0.457129406427180
0.394457549821692	0.491647428467206
0.488410832852454	0.447927850548394
0.500530447811012	0.445873892009462
0.593020599197019	0.474600137336436
0.682178839414189	0.465382841524059
0.737565049622223	0.497595852094841
0.783383154434474	0.494066115030801
0.873538904546536	0.451892130152996
0.902032832665027	0.466598241291148
0.966225565170456	0.496754120103259
0.012462581641731	0.507473946448875
0.069065908611884	0.560525318010600
0.176976661413670	0.500624363689130
0.244095237749651	0.534447741833736
0.255694124965392	0.522280210255943
0.360087878140059	0.506020408619898
0.380771101235475	0.501515883981836
0.444682075745585	0.544694266583467
0.513543689582973	0.511119297067895
0.608072612037783	0.552045117406418
0.675436534581342	0.508065687465264
0.703863999941122	0.548195094929122
0.758252433663177	0.530976220914390
0.859794331245309	0.500126947241399
0.887499306673999	0.531696795405982
0.981459779907940	0.506952506360703
0.046226249218156	0.601798859841493
0.108646556280122	0.620115099633721
0.166182688854444	0.565353002749116
0.221647200269892	0.611901168170013
0.278495206358725	0.611345971916766
0.315892227475041	0.596604472892732
0.405961458374737	0.575904005283002
0.439826707283460	0.570615515420357
0.547387042792371	0.598273908422159
0.588210133317790	0.618895398786151
0.636429042354326	0.593233247600317
0.704390491683011	0.611889439471855
0.805327479332995	0.609935656666624
0.814211616365754	0.598616122261997
0.892628178470216	0.586396322460239
0.963497719879029	0.568943058243939
0.014595378237333	0.662536668701804
0.124126589929598	0.645039568805378
0.184656375916595	0.646673042041173
0.189248472117877	0.686759481031741
0.286255139589486	0.675271192373538
0.369861470868895	0.652198073184047
0.384594753910693	0.676163156979872
0.485999176057172	0.643987065593011
0.525953053357302	0.685429748089036
0.583393606711387	0.682401965560252
0.676977867665579	0.627573821767018
0.695917210223483	0.626358186346213
0.785994562037754	0.645093741875047
0.828075560701097	0.642136316139283
0.881081231856621	0.672834023407855
0.974619639172945	0.649386043374982
0.042566460407122	0.718906131813164
0.068846080118987	0.691752697356686
0.161419307021173	0.724963407521128
0.212315914503372	0.722165959895278
0.292778504440277	0.696987784702677
0.371344808560993	0.729721702063042
0.428975072076189	0.712174067410448
0.463113307740566	0.749866116049785
0.551301892334898	0.693572824254765
0.596470629920711	0.741557691753623
0.634792610728716	0.722680659856456
0.734495697961421	0.692110200500956
0.755144445867079	0.703218558661341
0.813969846931628	0.730314594965385
0.915153165357223	0.708325957782410
0.956792544403414	0.745993702205828
0.050938710014671	0.793916528268931
0.076777000929410	0.781427717702214
0.145777249655402	0.750170870058395
0.228060931733474	0.780923929232737
0.307055977914030	0.760180472456892
0.348871300703932	0.802135373303233
0.406999805731350	0.806536994116389
0.443987694454027	0.807677281451802
0.520290394318358	0.758849681720917
0.616076121686743	0.771755736311724
0.627911414238720	0.801211317707484
0.718582458888665	0.796676509515191
0.753743527239711	0.781725046625180
0.834988291686165	0.781161832019259
0.880430566017267	0.808196374941779
0.947772904970980	0.809348150461295
0.031277824564320	0.823361677120175
0.077387428933263	0.817998751897365
0.155817133512655	0.848407327758825
0.245778002789774	0.814440826885854
0.282988109488037	0.838135029195257
0.352823760020622	0.865412790922661
0.435730326571090	0.841934156014336
0.438094293000315	0.827217796573466
0.513824213590432	0.826611979416714
0.601011090135088	0.832223597496567
0.631465629952486	0.868183755663499
0.699743152933601	0.868693595459613
0.792131660195797	0.823722315983899
0.830687041907964	0.850376655763918
0.931287334590169	0.843841452144282
0.948410816114841	0.824708768053029
0.014244599023774	0.903179157691933
0.079745835948793	0.885043876699066
0.141122456134442	0.901240983751193
0.245924360219721	0.905285358697941
0.295894260048725	0.878145797615439
0.315288313650593	0.885206226552885
0.390160886312407	0.903627605620685
0.481120815423462	0.923916462121745
0.556506173567382	0.888725891494245
0.596419611502537	0.903367852580470
0.640158086960474	0.928050542277179
0.718206290381077	0.933503004226601
0.755850565053604	0.925637692283056
0.817531986337861	0.923149071805097
0.924966632793068	0.925946952059387
0.961664282082153	0.897498214578954
0.039126489684364	0.989364327671208
0.124685905015139	0.969548081215366
0.129015146464579	0.969495806268415
0.228100102331513	0.987131280646923
0.282159497052119	0.942179762875820
0.318265073977705	0.953911120250451
0.403591692730806	0.992320345014408
0.442369049939995	0.984915805336767
0.534898564838781	0.983973106234677
0.575930131515123	0.989034930998235
0.672373723831813	0.967417620915202
0.720577245585871	0.961431940324589
0.753264555533711	0.988879314140971
0.818650680319092	0.979691471041225
0.884115981551380	0.953719296627380
0.958977509164013	0.994477523853299
#
0.057201601927448	0.007515569452084
0.088787448132943	0.004728380082461
0.146017852418827	0.030422000963688
0.225724208628695	0.006532359797049
0.296550010749267	0.038856725872345
0.342898080278048	0.039474433908349
0.409141652424969	0.032500384368468
0.473528246010777	0.040509278109649
0.505147858873277	0.055355520044187
0.614073222136724	0.044589298918631
0.653623406578233	0.055048767941200
0.721845772794761	0.025855686143240
0.765777326600109	0.035674613414024
0.860287409912629	0.022013944768001
0.876498595447978	0.012813097843973
0.984134805821612	0.034808513629206
0.012427403187013	0.115288367754614
0.109467874437563	0.112090298902963
0.175651868642460	0.101399011249630
0.211671382121665	0.084482378782584
0.291904048902077	0.062856553078829
0.364183863331374	0.075537431595274
0.394443727277555	0.104106201887272
0.437946145713899	0.108038270856612
0.527018817089735	0.062922769924724
0.592270219574513	0.087438033346538
0.665763546154663	0.089397156297205
0.700505609670772	0.121541956875367
0.755600677906326	0.083887330625180
0.814475373772899	0.106966456554240
0.917622798248805	0.110046463098271
0.962198643543455	0.101649241880316
0.016166102537808	0.187053002271464
0.120526474142803	0.138598483713832
0.160347748352296	0.140993978380806
0.244705130024744	0.143625308181770
0.253889525761220	0.186798497495893
0.349206060208777	0.182883749860428
0.413574776533892	0.157838424471635
0.472441840721281	0.168339276419915
0.552772682681743	0.132910588175969
0.574828094645596	0.136903567664419
0.673305490662066	0.163326156669256
0.720651268384687	0.139415350789650
0.751756220372453	0.170706675253042
0.824232120113269	0.144168989722773
0.886356031364728	0.145582677699412
0.945304054492224	0.170710649366540
0.044914399458774	0.212856877033565
0.108179452825147	0.200900384053448
0.127787693811764	0.243331392497833
0.243962740553301	0.209698123396886
0.266341022350556	0.214455946616818
0.335620022384245	0.192587718747111
0.416100193464919	0.229818422444472
0.462940732765231	0.188651871300221
0.520125191663421	0.246373090368317
0.611754622860289	0.225315485056563
0.644131275800553	0.239052491871187
0.747726967514080	0.191973390888184
0.780155695312460	0.234051964067400
0.865513185386200	0.193512351297194
0.905694912078487	0.210203118482070
0.949237694093431	0.222198116790317
0.017715791084388	0.298620120662642
0.067044696989945	0.301447138420527
0.165738298217938	0.297346631876390
0.211977307559451	0.250014356977775
0.264674614478060	0.292394357263086
0.352056907266275	0.274358849046835
0.408858931616731	0.277324071436847
0.494971123813878	0.267921928233216
0.518648591144278	0.264864761633185
0.591957495336411	0.288404762564670
0.630132731546213	0.279561692957548
0.723540529049593	0.298174558946205
0.752742323966870	0.283702418565215
0.854144190564203	0.308804245315563
0.915930025725609	0.276877321440116
0.998600091028167	0.306830569067232
0.040008242455080	0.369819380778312
0.097199047792749	0.313390731258758
0.149703957742826	0.330264969485641
0.222590620244758	0.336129593144550
0.260653305524763	0.335528973728192
0.324281489042747	0.355319169112556
0.411374833981710	0.328574476650933
0.467716798135130	0.325593841687216
0.547792518609854	0.347338970089294
0.619516818797453	0.328311864290343
0.633563104495072	0.349547529136075
0.689075685383071	0.312784330526549
0.805516886363159	0.322498167445301
0.831492186470188	0.343043194887122
0.925736842004870	0.323921857637219
0.948706350422862	0.364548686671082
0.042197404089895	0.412276684271585
0.109886071233751	0.428998499641078
0.162479324464216	0.436542872542991
0.245007718984854	0.381899378467793
0.251456119105908	0.401531454283751
0.365062687107144	0.413356838247473
0.429546399665891	0.435184971327005
0.489505776449108	0.395380520295673
0.553770233525725	0.400199805173953
0.574492368718957	0.377373094438196
0.651452591779864	0.415515311086321
0.702678165402072	0.399370844074146
0.804870034246093	0.408149676637992
0.872803326084466	0.404625073562405
0.887483291025270	0.382980005992106
0.953502866472351	0.399326640376082
0.034962798025800	0.438399733160832
0.102934579228851	0.439886058433886
0.176473644021077	0.494836761367586
0.192376231470233	0.491216879394189
0.307852676253615	0.498300828999677
0.330726594886679	0.476987526586626
0.394615555041147	0.456827524020762
0.460098913352145	0.456921972891880
0.548026991495403	0.448273317381570
0.583813208480438	0.489981935342653
0.652526940443792	0.452053507080314
0.722700413935864	0.477018988540401
0.751825489686296	0.481623555791244
0.838682789230645	0.486698560442705
0.922340082539557	0.441783012415814
0.989769408753437	0.446181494177129
0.036845611111341	0.525142293589339
0.074809668181071	0.534457242269874
0.125131004126191	0.537232726326267
0.236960863531442	0.554645380396313
0.300124378057109	0.535029012528837
0.355176931271604	0.521971806306851
0.384303901390360	0.521277464712918
0.486473890804097	0.545958905215016
0.543161899356209	0.511983440333159
0.619348282371496	0.510146279108628
0.653287435568238	0.557889874805205
0.694159010092066	0.511473037334269
0.798122074669954	0.535403720125999
0.858486033666643	0.541173188840312
0.920039541593296	0.501803548905138
0.954466890489442	0.558820998950121
0.009366656553900	0.617875644717220
0.093981508012857	0.564252110518690
0.145329950192904	0.591970784785685
0.232579485116312	0.567272850546234
0.270306397132298	0.607205319068675
0.369738748164903	0.581924825329200
0.408535336632290	0.582176853630733
0.473415056761218	0.579802987722751
0.508752862633847	0.576696645660954
0.574882483883966	0.596919199285195
0.646843627784248	0.566535848557608
0.707045190957618	0.566921183724054
0.751287295366937	0.589904704137567
0.847497220581280	0.578164163718620
0.904159079254409	0.584180545809022
0.987554055562954	0.598530337950455
0.004331990364434	0.645402878789558
0.115805281367690	0.658257632902418
0.162667187841764	0.654445306812284
0.238495976734207	0.681660041022501
0.287267261164325	0.672976158352214
0.315812046713152	0.682829069030781
0.390210734814804	0.685354454180425
0.478430439742149	0.631835693451421
0.504805391480868	0.649273301771440
0.616205132986350	0.658326437631814
0.627746158920402	0.630772722449799
0.739974988534808	0.674389616583216
0.795483472971358	0.643156613765903
0.868347159061429	0.665663252695967
0.928791684678591	0.628036919210697
0.978259774400098	0.626167028706094
0.049347952063393	0.705796129743870
0.079298066590400	0.700464087337713
0.144856559975854	0.710225785985874
0.248076073257387	0.705442037350252
0.308960680441572	0.696866354659867
0.354566006596332	0.718987469845216
0.385757016195161	0.729485906393846
0.482023095344082	0.737244025364575
0.525954663701345	0.740391036973542
0.601105590228947	0.693946453438594
0.628206125883317	0.736243246949451
0.744144671362393	0.743331482399565
0.779247647667478	0.749412954537411
0.845614689453648	0.743498197900713
0.882164397438677	0.735630664549100
0.971891202593546	0.694176272257854
0.000161804549899	0.793640309212762
0.072370425305532	0.798218248743382
0.181486183397702	0.769794091572355
0.191489916979682	0.782208492128343
0.253682390569286	0.752567779084218
0.329727689856018	0.776672625702148
0.399851626969723	0.780184135124479
0.454433436451231	0.765728636735754
0.549699065519892	0.809179974791869
0.618517222172468	0.760857534873848
0.638337101543051	0.803332156135778
0.692610669140148	0.808137228085691
0.757077929158015	0.782246681607153
0.848686337523089	0.795885060386123
0.912411742590464	0.788298713343287
0.995086876237785	0.806535920985401
0.038659296254897	0.832532466350247
0.080785981631089	0.848089547588744
0.141680455261185	0.830106681900822
0.211298771571903	0.839036790791209
0.268056432429714	0.869677495224676
0.357710660314819	0.842513890696576
0.375249473523639	0.867398331522103
0.485792869000182	0.843791710365632
0.529063927947791	0.819283463135195
0.566092486013913	0.836255606342167
0.651336474059228	0.863362901812271
0.718781426337962	0.861115243078935
0.810315825903163	0.843312543285618
0.816860308362371	0.831861966963476
0.899624188465444	0.853270825095421
0.966083833212285	0.873838559709568
0.061318752835812	0.914755667612715
0.080544749671953	0.921146222226356
0.132734798158690	0.923138502996447
0.188319969296763	0.887490517797412
0.262783912682856	0.875184576187209
0.368141057433826	0.920589012424599
0.412930690939638	0.933673820719396
0.449331325088705	0.921144965930410
0.508026052151813	0.889678397175665
0.587977480483935	0.914768312135657
0.680227357063030	0.934030543706387
0.693552989150293	0.890140014529494
0.780650188120350	0.881384500449380
0.842216401789853	0.904003390772618
0.925451404324954	0.879552416460834
0.949712813369048	0.877776814290620
0.003298223368660	0.962807041104023
0.069233841773643	0.942408330434097
0.175788522738914	0.967436381971914
0.212317820003912	0.968078156809341
0.306262332333429	0.947296185712283
0.355302952021664	0.998615338102941
0.402525326578185	0.945051450662443
0.441747032252431	0.999632853592544
0.534925911278097	0.952486954225457
0.572581224888000	0.968662019433375
0.653188288334801	0.982149695987964
0.748512060570301	0.941769422091141
0.777056729863877	0.982607039851743
0.847756611264254	0.978922283068281
0.920900260429108	0.979011554178784
0.991307748072154	0.976703818343627
#
0.032474773041316	0.044725748051360
0.064809879608757	0.006836989852445
0.151821814454585	0.014323626691900
0.204559743510224	0.015223704965954
0.280033083552270	0.054929235424481
0.361251903243538	0.013082048553178
0.425361554513886	0.033327691250208
0.462181359462482	0.021120521477684
0.549540632852479	0.031481598118316
0.619686582066279	0.001501144608832
0.665735410215737	0.026844858474644
0.718152857261745	0.052465719081221
0.789838576509463	0.014474614512169
0.832160185503229	0.005324507016997
0.878006560845069	0.041394186404975
0.964653241745465	0.013744299841636
0.059401838966739	0.076157362974751
0.094089135273031	0.087788981071275
0.138529000050279	0.062510814430427
0.188973863362096	0.080017821794613
0.280661600183384	0.121644064128432
0.320585893279776	0.070412470902762
0.413121617116994	0.082407609185881
0.498001967046992	0.121813194185219
0.516724014207540	0.064714771972437
0.592329509257648	0.108120954707992
0.678955765802869	0.098699715695390
0.708176917386748	0.063585690441212
0.807266878748724	0.121401931842301
0.819564196006293	0.089700944538857
0.904206394515747	0.076638830581596
0.981802030753298	0.079848630881717
0.053890804045110	0.143796770008350
0.115575353583688	0.173015713179022
0.132330824433554	0.139972628825338
0.236437985146520	0.141890778544916
0.310632328691574	0.172299837413547
0.364775668856403	0.182706777558244
0.414975534842810	0.164884205698591
0.486182976729163	0.158132905701206
0.546263540989315	0.173023881983949
0.611743605605267	0.137054285633972
0.676991904064662	0.161012033503738
0.694435945597230	0.141145304824143
0.773518244915995	0.161615153812248
0.821035705756172	0.163073168363323
0.930850149247178	0.127418684599087
0.987342263365244	0.147445905536866
0.009533048857011	0.203989573496275
0.100245727962522	0.233149858609692
0.140627189412044	0.203009382053979
0.244303476966290	0.210000846205512
0.266083045895464	0.193595022764894
0.348652657275356	0.195309320422893
0.427698884229804	0.215783469720228
0.473706609039499	0.213892960592381
0.543119457283900	0.214691450330939
0.586819160589790	0.227208981998197
0.637004610444886	0.218738147166729
0.691396516224811	0.222564440490693
0.762380170696969	0.208120117871002
0.854731753638417	0.224966637697063
0.903689751844781	0.205676171714597
0.980648879801307	0.196837450045123
0.023246647111547	0.274116038292208
0.112131068436343	0.295868783283133
0.156140606683013	0.277763147117282
0.197497061179601	0.276677067106747
0.267101008201624	0.279960513238320
0.363961050255215	0.274686316048537
0.404426591477689	0.278712989128826
0.465150122697267	0.286978295328905
0.534684942373933	0.311914614226998
0.580459564782903	0.268027933813405
0.674579340743269	0.272774015514942
0.739076674476749	0.256126260837453
0.778531136216137	0.268799430607771
0.872809406936939	0.288761720448677
0.925681616613451	0.253687319186560
0.940078241023602	0.267573672016168
0.034280964719779	0.372857702124249
0.119461829030645	0.370067298571246
0.148522647336014	0.321815118676008
0.195283062641458	0.333068318233259
0.274466457214897	0.367496246339287
0.344106273849403	0.366026934248751
0.407038097801162	0.317277768467850
0.484567699091758	0.369434490012805
0.523457059496654	0.314850409981411
0.576770015122432	0.359663269217048
0.646062894423623	0.370529849794235
0.723635774987316	0.326362209412354
0.809968800996423	0.313056158935199
0.824970044984359	0.357894337702984
0.919843385122913	0.318526347183745
0.943774077999120	0.328285593281217
0.050108803375067	0.406443635096411
0.115900012895209	0.434836489089610
0.132932248046955	0.375505566931797
0.219362964919271	0.416554979189312
0.276323242904926	0.384214278705584
0.332183082490736	0.383727675480472
0.423455206659496	0.398859108017958
0.495541625465975	0.385069240556347
0.525381583755459	0.410749844109116
0.588190297543930	0.405144248004687
0.636094671123683	0.385592996494517
0.696689375794770	0.436275960236968
0.809648440247902	0.383455954057503
0.859469607905361	0.387463348876909
0.890656383115136	0.424005129022176
0.982494864885228	0.384491819468558
0.057931477814082	0.473261128202607
0.103015991432014	0.495490693486177
0.166086148305583	0.459150048923714
0.206201065525227	0.471189017968413
0.251583107558331	0.447781950572455
0.368226108561672	0.462051857108495
0.415531506887761	0.446542335414338
0.448707438469563	0.496347387829760
0.550117636227542	0.490797551739565
0.613497257491922	0.465886400829974
0.647218074509226	0.462220674357312
0.687832935946140	0.476365955453684
0.750359976824340	0.477831667764190
0.872704917549902	0.498117943905089
0.907520351298740	0.446870730857335
0.965670937722472	0.447236549577149
0.033630770682621	0.543639910199246
0.067582321732790	0.513456684991474
0.180356743030799	0.504879624103750
0.199814669456057	0.550672581969568
0.304153987233679	0.506933473212280
0.334012273427568	0.504304206319923
0.427090460825034	0.534052395371616
0.455136136679825	0.506712582516883
0.556259514980777	0.539346809333504
0.596014894189084	0.548805175491447
0.644932703832731	0.551553121998220
0.739700801027869	0.509497707391739
0.809073225114046	0.522089218682281
0.819859448370957	0.505376530172158
0.909359105375912	0.552051816569770
0.947408237816977	0.544939964234349
0.058823285157868	0.601647618366789
0.074536501971198	0.591595579629437
0.184031698124374	0.612576015363465
0.247917166750510	0.607312396746667
0.312001391619444	0.593254992148898
0.331321169670280	0.565065389150420
0.387732311416821	0.575421920689503
0.438331516401570	0.589664365127605
0.550763385702335	0.598538857471090
0.596842245701547	0.602954605429073
0.676562603633283	0.576208330912331
0.699374799517536	0.624591728104765
0.792440705491449	0.588551160405285
0.858267247018117	0.602885651207852
0.932901466089627	0.570312454628947
0.966265482965686	0.607362646067017
0.017182526662872	0.634204714633921
0.083323615171440	0.666254134538177
0.158061678077924	0.636668287365853
0.227823037794517	0.683775817450666
0.286572919832327	0.626831149508206
0.316228127107892	0.628073891727387
0.386463282356030	0.630477096144570
0.438143102234030	0.640198859680723
0.514159187896098	0.654554633008562
0.577328554110678	0.660037568603884
0.670466275954495	0.659499692855053
0.700923042127612	0.630276627432387
0.805947763756487	0.666112117638954
0.854898990069027	0.664572106989117
0.935969807178124	0.678876255680545
0.960964781354057	0.636935695877633
0.031093803474469	0.729045683032960
0.090750633891032	0.730278748752381
0.175814654005997	0.717739595238292
0.203338538984148	0.711258830289882
0.295816522087743	0.713466865293092
0.339610149246200	0.729361849351987
0.435237201061155	0.706506323815907
0.439334057068181	0.705638857911839
0.514401237920253	0.720124989930220
0.579121696417365	0.726400637091464
0.666046295018994	0.733625346092420
0.710770193449168	0.725879080398795
0.773746925993764	0.725321873361902
0.848880013590418	0.727365301582000
0.882693180103133	0.711070530194806
0.953171877048600	0.716248672593210
0.021164630995752	0.781552581065696
0.064483987633601	0.770549928119418
0.165254654939695	0.782663415179160
0.232076732597681	0.753780873449585
0.279185956394460	0.800851659570088
0.315144038192263	0.780323003178421
0.425133145891627	0.811696617412776
0.477091532311656	0.761108237816046
0.553098536647297	0.792904503478879
0.597097229322441	0.752269328470521
0.667186869812940	0.795687221321437
0.739658441726854	0.754205404374331
0.753237430778271	0.768748158520611
0.843767693884733	0.772781857629372
0.875596108133461	0.779095788653147
0.956595388754875	0.750262617177275
0.023703861710663	0.873128287624714
0.118043939712351	0.872984411718320
0.168597337407083	0.816290202886167
0.188301284244703	0.844803444714007
0.269648712642293	0.816379211145425
0.370254458349141	0.864267973154031
0.393650541610236	0.838710439237466
0.470379934333703	0.852063841006501
0.550107919855534	0.855807506693133
0.619995411993585	0.855195855047832
0.676844033613881	0.835767403701499
0.729987921450517	0.870930054587878
0.770918660845705	0.841535796447200
0.823530985001365	0.869023028541478
0.902372715360805	0.859313566117620
0.986510112325547	0.823031297305257
0.050494492807890	0.919626405967778
0.114477258405992	0.906863743490391
0.156678042061785	0.918505438497175
0.193032065902495	0.906951425458992
0.272690959833025	0.875942665370750
0.359503467621865	0.918510904938684
0.384467908227110	0.935556711774100
0.491607935544245	0.912716631131530
0.507471464255934	0.901403915710725
0.579714095136666	0.911138863849602
0.671461974004973	0.912148080949473
0.745946365887869	0.911288661876179
0.763535707930228	0.904909471799016
0.839443437121097	0.914481985377376
0.894663011761653	0.892147485723753
0.952882166402503	0.911829742960825
0.024417420694818	0.968061631770819
0.108448409660707	0.966026705783682
0.127878896950949	0.946916775270811
0.235565828199747	0.992017648573853
0.260182396976785	0.966055644042454
0.337352935143247	0.938938270483384
0.434846568953909	0.986520891453028
0.442951413221995	0.978012917208954
0.508217236087242	0.978690085200055
0.590043690847825	0.966830433396816
0.625963599741450	0.998668097104800
0.723619299396202	0.954495410613482
0.772719543185136	0.946331487315784
0.831995579360401	0.942086757161791
0.901938474903451	0.996792383083792
0.973934751769163	0.960025779835420
