0	0	8	8	4	12	12	4	2	10	10	2	6	6	14	14	1	15	9	7	5	3	13	11	3	5	11	13	7	9	15	1	4118	4949
0	0	10	10	5	15	15	5	8	2	2	8	13	13	7	7	4	3	14	9	1	12	11	6	12	1	6	11	9	14	3	4	4221	298
0	1	8	9	4	13	12	5	2	11	10	3	6	7	14	15	1	14	9	6	5	2	13	10	3	4	11	12	7	8	15	0	845	874
0	1	10	11	5	14	15	4	8	3	2	9	13	12	7	6	4	2	14	8	1	13	11	7	12	0	6	10	9	15	3	5	4096	1877
0	2	8	10	4	14	12	6	2	8	10	0	6	4	14	12	1	13	9	5	5	1	13	9	3	7	11	15	7	11	15	3	4641	4887
0	2	10	8	5	13	15	7	8	0	2	10	13	15	7	5	4	1	14	11	1	14	11	4	12	3	6	9	9	12	3	6	4096	1920
0	3	8	11	4	15	12	7	2	9	10	1	6	5	14	13	1	12	9	4	5	0	13	8	3	6	11	14	7	10	15	2	1074	4913
0	3	10	9	5	12	15	6	8	1	2	11	13	14	7	4	4	0	14	10	1	15	11	5	12	2	6	8	9	13	3	7	4140	1794
0	4	8	12	4	8	12	0	2	14	10	6	6	2	14	10	1	11	9	3	5	7	13	15	3	1	11	9	7	13	15	5	1129	972
0	4	10	14	5	11	15	1	8	6	2	12	13	9	7	3	4	7	14	13	1	8	11	2	12	5	6	15	9	10	3	0	6002	20
0	5	8	13	4	9	12	1	2	15	10	7	6	3	14	11	1	10	9	2	5	6	13	14	3	0	11	8	7	12	15	4	616	972
0	5	10	15	5	10	15	0	8	7	2	13	13	8	7	2	4	6	14	12	1	9	11	3	12	4	6	14	9	11	3	1	5470	4291
0	6	8	14	4	10	12	2	2	12	10	4	6	0	14	8	1	9	9	1	5	5	13	13	3	3	11	11	7	15	15	7	1385	4096
0	6	10	12	5	9	15	3	8	4	2	14	13	11	7	1	4	5	14	15	1	10	11	0	12	7	6	13	9	8	3	2	1621	5068
0	7	8	15	4	11	12	3	2	13	10	5	6	1	14	9	1	8	9	0	5	4	13	12	3	2	11	10	7	14	15	6	875	810
0	7	10	13	5	8	15	2	8	5	2	15	13	10	7	0	4	4	14	14	1	11	11	1	12	6	6	12	9	9	3	3	5981	40
0	8	8	0	4	4	12	12	2	2	10	10	6	14	14	6	1	7	9	15	5	11	13	3	3	13	11	5	7	1	15	9	1128	11299
0	8	10	2	5	7	15	13	8	10	2	0	13	5	7	15	4	11	14	1	1	4	11	14	12	9	6	3	9	6	3	12	4959	150
0	9	8	1	4	5	12	13	2	3	10	11	6	15	14	7	1	6	9	14	5	10	13	2	3	12	11	4	7	0	15	8	534	11299
0	9	10	3	5	6	15	12	8	11	2	1	13	4	7	14	4	10	14	0	1	5	11	15	12	8	6	2	9	7	3	13	4205	11364
0	10	8	2	4	6	12	14	2	0	10	8	6	12	14	4	1	5	9	13	5	9	13	1	3	15	11	7	7	3	15	11	562	11315
0	10	10	0	5	5	15	15	8	8	2	2	13	7	7	13	4	9	14	3	1	6	11	12	12	11	6	1	9	4	3	14	4698	0
0	11	8	3	4	7	12	15	2	1	10	9	6	13	14	5	1	4	9	12	5	8	13	0	3	14	11	6	7	2	15	10	534	3304
0	11	10	1	5	4	15	14	8	9	2	3	13	6	7	12	4	8	14	2	1	7	11	13	12	10	6	0	9	5	3	15	22	168
0	12	8	4	4	0	12	8	2	6	10	14	6	10	14	2	1	3	9	11	5	15	13	7	3	9	11	1	7	5	15	13	4096	9881
0	12	10	6	5	3	15	9	8	14	2	4	13	1	7	11	4	15	14	5	1	0	11	10	12	13	6	7	9	2	3	8	42	105
0	13	8	5	4	1	12	9	2	7	10	15	6	11	14	3	1	2	9	10	5	14	13	6	3	8	11	0	7	4	15	12	562	11468
0	13	10	7	5	2	15	8	8	15	2	5	13	0	7	10	4	14	14	4	1	1	11	11	12	12	6	6	9	3	3	9	40	3605
0	14	8	6	4	2	12	10	2	4	10	12	6	8	14	0	1	1	9	9	5	13	13	5	3	11	11	3	7	7	15	15	4101	11348
0	14	10	4	5	1	15	11	8	12	2	6	13	3	7	9	4	13	14	7	1	2	11	8	12	15	6	5	9	0	3	10	125	106
0	15	8	7	4	3	12	11	2	5	10	13	6	9	14	1	1	0	9	8	5	12	13	4	3	10	11	2	7	6	15	14	4101	11434
0	15	10	5	5	0	15	10	8	13	2	7	13	2	7	8	4	12	14	6	1	3	11	9	12	14	6	4	9	1	3	11	1834	8192
1	0	9	8	5	12	13	4	3	10	11	2	7	6	15	14	0	15	8	7	4	3	12	11	2	5	10	13	6	9	14	1	4096	5734
1	0	11	10	4	15	14	5	9	2	3	8	12	13	6	7	5	3	15	9	0	12	10	6	13	1	7	11	8	14	2	4	63	106
1	1	9	9	5	13	13	5	3	11	11	3	7	7	15	15	0	14	8	6	4	2	12	10	2	4	10	12	6	8	14	0	4132	4133
1	1	11	11	4	14	14	4	9	3	3	9	12	12	6	6	5	2	15	8	0	13	10	7	13	0	7	10	8	15	2	5	4096	343
1	2	9	10	5	14	13	6	3	8	11	0	7	4	15	12	0	13	8	5	4	1	12	9	2	7	10	15	6	11	14	3	4186	4250
1	2	11	8	4	13	14	7	9	0	3	10	12	15	6	5	5	1	15	11	0	14	10	4	13	3	7	9	8	12	2	6	4096	258
1	3	9	11	5	15	13	7	3	9	11	1	7	5	15	13	0	12	8	4	4	0	12	8	2	6	10	14	6	10	14	2	4178	4906
1	3	11	9	4	12	14	6	9	1	3	11	12	14	6	4	5	0	15	10	0	15	10	5	13	2	7	8	8	13	2	7	4938	4889
1	4	9	12	5	8	13	0	3	14	11	6	7	2	15	10	0	11	8	3	4	7	12	15	2	1	10	9	6	13	14	5	588	4883
1	4	11	14	4	11	14	1	9	6	3	12	12	9	6	3	5	7	15	13	0	8	10	2	13	5	7	15	8	10	2	0	1917	4100
1	5	9	13	5	9	13	1	3	15	11	7	7	3	15	11	0	10	8	2	4	6	12	14	2	0	10	8	6	12	14	4	562	5056
1	5	11	15	4	10	14	0	9	7	3	13	12	8	6	2	5	6	15	12	0	9	10	3	13	4	7	14	8	11	2	1	4974	85
1	6	9	14	5	10	13	2	3	12	11	4	7	0	15	8	0	9	8	1	4	5	12	13	2	3	10	11	6	15	14	7	5732	4879
1	6	11	12	4	9	14	3	9	4	3	14	12	11	6	1	5	5	15	15	0	10	10	0	13	7	7	13	8	8	2	2	1877	4331
1	7	9	15	5	11	13	3	3	13	11	5	7	1	15	9	0	8	8	0	4	4	12	12	2	2	10	10	6	14	14	6	4096	2665
1	7	11	13	4	8	14	2	9	5	3	15	12	10	6	0	5	4	15	14	0	11	10	1	13	6	7	12	8	9	2	3	86	234
1	8	9	0	5	4	13	12	3	2	11	10	7	14	15	6	0	7	8	15	4	11	12	3	2	13	10	5	6	1	14	9	4096	10598
1	8	11	2	4	7	14	13	9	10	3	0	12	5	6	15	5	11	15	1	0	4	10	14	13	9	7	3	8	6	2	12	4900	150
1	9	9	1	5	5	13	13	3	3	11	11	7	15	15	7	0	6	8	14	4	10	12	2	2	12	10	4	6	0	14	8	5737	11504
1	9	11	3	4	6	14	12	9	11	3	1	12	4	6	14	5	10	15	0	0	5	10	15	13	8	7	2	8	7	2	13	4690	0
1	10	9	2	5	6	13	14	3	0	11	8	7	12	15	4	0	5	8	13	4	9	12	1	2	15	10	7	6	3	14	11	4977	1074
1	10	11	0	4	5	14	15	9	8	3	2	12	7	6	13	5	9	15	3	0	6	10	12	13	11	7	1	8	4	2	14	4161	2113
1	11	9	3	5	7	13	15	3	1	11	9	7	13	15	5	0	4	8	12	4	8	12	0	2	14	10	6	6	2	14	10	588	11464
1	11	11	1	4	4	14	14	9	9	3	3	12	6	6	12	5	8	15	2	0	7	10	13	13	10	7	0	8	5	2	15	4981	8265
1	12	9	4	5	0	13	8	3	6	11	14	7	10	15	2	0	3	8	11	4	15	12	7	2	9	10	1	6	5	14	13	4977	9337
1	12	11	6	4	3	14	9	9	14	3	4	12	1	6	11	5	15	15	5	0	0	10	10	13	13	7	7	8	2	2	8	4942	11416
1	13	9	5	5	1	13	9	3	7	11	15	7	11	15	3	0	2	8	10	4	14	12	6	2	8	10	0	6	4	14	12	1385	8192
1	13	11	7	4	2	14	8	9	15	3	5	12	0	6	10	5	14	15	4	0	1	10	11	13	12	7	6	8	3	2	9	4100	2112
1	14	9	6	5	2	13	10	3	4	11	12	7	8	15	0	0	1	8	9	4	13	12	5	2	11	10	3	6	7	14	15	4132	8356
1	14	11	4	4	1	14	11	9	12	3	6	12	3	6	9	5	13	15	7	0	2	10	8	13	15	7	5	8	0	2	10	1879	8382
1	15	9	7	5	3	13	11	3	5	11	13	7	9	15	1	0	0	8	8	4	12	12	4	2	10	10	2	6	6	14	14	535	11314
1	15	11	5	4	0	14	10	9	13	3	7	12	2	6	8	5	12	15	6	0	3	10	9	13	14	7	4	8	1	2	11	4934	8342
2	0	8	10	7	15	13	5	10	2	0	8	15	13	5	7	6	3	12	9	3	12	9	6	14	1	4	11	11	14	1	4	1922	4136
2	0	10	8	6	12	14	4	0	10	8	2	4	6	12	14	3	15	11	7	7	3	15	11	1	5	9	13	5	9	13	1	4876	1100
2	1	8	11	7	14	13	4	10	3	0	9	15	12	5	6	6	2	12	8	3	13	9	7	14	0	4	10	11	15	1	5	426	0
2	1	10	9	6	13	14	5	0	11	8	3	4	7	12	15	3	14	11	6	7	2	15	10	1	4	9	12	5	8	13	0	4228	853
2	2	8	8	7	13	13	7	10	0	0	10	15	15	5	5	6	1	12	11	3	14	9	4	14	3	4	9	11	12	1	6	42	150
2	2	10	10	6	14	14	6	0	8	8	0	4	4	12	12	3	13	11	5	7	1	15	9	1	7	9	15	5	11	13	3	534	4899
2	3	8	9	7	12	13	6	10	1	0	11	15	14	5	4	6	0	12	10	3	15	9	5	14	2	4	8	11	13	1	7	20	426
2	3	10	11	6	15	14	7	0	9	8	1	4	5	12	13	3	12	11	4	7	0	15	8	1	6	9	14	5	10	13	2	808	789
2	4	8	14	7	11	13	1	10	6	0	12	15	9	5	3	6	7	12	13	3	8	9	2	14	5	4	15	11	10	1	0	1960	4226
2	4	10	12	6	8	14	0	0	14	8	6	4	2	12	10	3	11	11	3	7	7	15	15	1	1	9	9	5	13	13	5	4915	4504
2	5	8	15	7	10	13	0	10	7	0	13	15	8	5	2	6	6	12	12	3	9	9	3	14	4	4	14	11	11	1	1	130	86
2	5	10	13	6	9	14	1	0	15	8	7	4	3	12	11	3	10	11	2	7	6	15	14	1	0	9	8	5	12	13	4	936	982
2	6	8	12	7	9	13	3	10	4	0	14	15	11	5	1	6	5	12	15	3	10	9	0	14	7	4	13	11	8	1	2	4994	4329
2	6	10	14	6	10	14	2	0	12	8	4	4	0	12	8	3	9	11	1	7	5	15	13	1	3	9	11	5	15	13	7	4096	6502
2	7	8	13	7	8	13	2	10	5	0	15	15	10	5	0	6	4	12	14	3	11	9	1	14	6	4	12	11	9	1	3	1792	4288
2	7	10	15	6	11	14	3	0	13	8	5	4	1	12	9	3	8	11	0	7	4	15	12	1	2	9	10	5	14	13	6	5692	6595
2	8	8	2	7	7	13	13	10	10	0	0	15	5	5	15	6	11	12	1	3	4	9	14	14	9	4	3	11	6	1	12	4136	2049
2	8	10	0	6	4	14	12	0	2	8	10	4	14	12	6	3	7	11	15	7	11	15	3	1	13	9	5	5	1	13	9	1202	11314
2	9	8	3	7	6	13	12	10	11	0	1	15	4	5	14	6	10	12	0	3	5	9	15	14	8	4	2	11	7	1	13	40	21
2	9	10	1	6	5	14	13	0	3	8	11	4	15	12	7	3	6	11	14	7	10	15	2	1	12	9	4	5	0	13	8	562	11315
2	10	8	0	7	5	13	15	10	8	0	2	15	7	5	13	6	9	12	3	3	6	9	12	14	11	4	1	11	4	1	14	424	8192
2	10	10	2	6	6	14	14	0	0	8	8	4	12	12	4	3	5	11	13	7	9	15	1	1	15	9	7	5	3	13	11	946	3241
2	11	8	1	7	4	13	14	10	9	0	3	15	6	5	12	6	8	12	2	3	7	9	13	14	10	4	0	11	5	1	15	5546	8387
2	11	10	3	6	7	14	15	0	1	8	9	4	13	12	5	3	4	11	12	7	8	15	0	1	14	9	6	5	2	13	10	1046	11315
2	12	8	6	7	3	13	9	10	14	0	4	15	1	5	11	6	15	12	5	3	0	9	10	14	13	4	7	11	2	1	8	5930	20
2	12	10	4	6	0	14	8	0	6	8	14	4	10	12	2	3	3	11	11	7	15	15	7	1	9	9	1	5	5	13	13	4907	1128
2	13	8	7	7	2	13	8	10	15	0	5	15	0	5	10	6	14	12	4	3	1	9	11	14	12	4	6	11	3	1	9	5009	11437
2	13	10	5	6	1	14	9	0	7	8	15	4	11	12	3	3	2	11	10	7	14	15	6	1	8	9	0	5	4	13	12	4498	3284
2	14	8	4	7	1	13	11	10	12	0	6	15	3	5	9	6	13	12	7	3	2	9	8	14	15	4	5	11	0	1	10	5045	150
2	14	10	6	6	2	14	10	0	4	8	12	4	8	12	0	3	1	11	9	7	13	15	5	1	11	9	3	5	7	13	15	4096	2710
2	15	8	5	7	0	13	10	10	13	0	7	15	2	5	8	6	12	12	6	3	3	9	9	14	14	4	4	11	1	1	11	40	232
2	15	10	7	6	3	14	11	0	5	8	13	4	9	12	1	3	0	11	8	7	12	15	4	1	10	9	2	5	6	13	14	5692	9788
3	0	9	10	6	15	12	5	11	2	1	8	14	13	4	7	7	3	13	9	2	12	8	6	15	1	5	11	10	14	0	4	21	20
3	0	11	8	7	12	15	4	1	10	9	2	5	6	13	14	2	15	10	7	6	3	14	11	0	5	8	13	4	9	12	1	780	874
3	1	9	11	6	14	12	4	11	3	1	9	14	12	4	6	7	2	13	8	2	13	8	7	15	0	5	10	10	15	0	5	298	40
3	1	11	9	7	13	15	5	1	11	9	3	5	7	13	15	2	14	10	6	6	2	14	10	0	4	8	12	4	8	12	0	562	4883
3	2	9	8	6	13	12	7	11	0	1	10	14	15	4	5	7	1	13	11	2	14	8	4	15	3	5	9	10	12	0	6	4156	5515
3	2	11	10	7	14	15	6	1	8	9	0	5	4	13	12	2	13	10	5	6	1	14	9	0	7	8	15	4	11	12	3	534	4907
3	3	9	9	6	12	12	6	11	1	1	11	14	14	4	4	7	0	13	10	2	15	8	5	15	2	5	8	10	13	0	7	1832	20
3	3	11	11	7	15	15	7	1	9	9	1	5	5	13	13	2	12	10	4	6	0	14	8	0	6	8	14	4	10	12	2	4879	5787
3	4	9	14	6	11	12	1	11	6	1	12	14	9	4	3	7	7	13	13	2	8	8	2	15	5	5	15	10	10	0	0	20	6229
3	4	11	12	7	8	15	0	1	14	9	6	5	2	13	10	2	11	10	3	6	7	14	15	0	1	8	9	4	13	12	5	791	2964
3	5	9	15	6	10	12	0	11	7	1	13	14	8	4	2	7	6	13	12	2	9	8	3	15	4	5	14	10	11	0	1	41	4242
3	5	11	13	7	9	15	1	1	15	9	7	5	3	13	11	2	10	10	2	6	6	14	14	0	0	8	8	4	12	12	4	662	4941
3	6	9	12	6	9	12	3	11	4	1	14	14	11	4	1	7	5	13	15	2	10	8	0	15	7	5	13	10	8	0	2	4098	2219
3	6	11	14	7	10	15	2	1	12	9	4	5	0	13	8	2	9	10	1	6	5	14	13	0	3	8	11	4	15	12	7	4225	4133
3	7	9	13	6	8	12	2	11	5	1	15	14	10	4	0	7	4	13	14	2	11	8	1	15	6	5	12	10	9	0	3	22	170
3	7	11	15	7	11	15	3	1	13	9	5	5	1	13	9	2	8	10	0	6	4	14	12	0	2	8	10	4	14	12	6	808	845
3	8	9	2	6	7	12	13	11	10	1	0	14	5	4	15	7	11	13	1	2	4	8	14	15	9	5	3	10	6	0	12	5418	8387
3	8	11	0	7	4	15	12	1	2	9	10	5	14	13	6	2	7	10	15	6	11	14	3	0	13	8	5	4	1	12	9	937	3314
3	9	9	3	6	6	12	12	11	11	1	1	14	4	4	14	7	10	13	0	2	5	8	15	15	8	5	2	10	7	0	13	5013	11303
3	9	11	1	7	5	15	13	1	3	9	11	5	15	13	7	2	6	10	14	6	10	14	2	0	12	8	4	4	0	12	8	4225	8356
3	10	9	0	6	5	12	15	11	8	1	2	14	7	4	13	7	9	13	3	2	6	8	12	15	11	5	1	10	4	0	14	5030	11417
3	10	11	2	7	6	15	14	1	0	9	8	5	12	13	4	2	5	10	13	6	9	14	1	0	15	8	7	4	3	12	11	4122	11434
3	11	9	1	6	4	12	14	11	9	1	3	14	6	4	12	7	8	13	2	2	7	8	13	15	10	5	0	10	5	0	15	1832	8193
3	11	11	3	7	7	15	15	1	1	9	9	5	13	13	5	2	4	10	12	6	8	14	0	0	14	8	6	4	2	12	10	4899	11657
3	12	9	6	6	3	12	9	11	14	1	4	14	1	4	11	7	15	13	5	2	0	8	10	15	13	5	7	10	2	0	8	5893	8212
3	12	11	4	7	0	15	8	1	6	9	14	5	10	13	2	2	3	10	11	6	15	14	7	0	9	8	1	4	5	12	13	1428	11504
3	13	9	7	6	2	12	8	11	15	1	5	14	0	4	10	7	14	13	4	2	1	8	11	15	12	5	6	10	3	0	9	170	233
3	13	11	5	7	1	15	9	1	7	9	15	5	11	13	3	2	2	10	10	6	14	14	6	0	8	8	0	4	4	12	12	534	11476
3	14	9	4	6	1	12	11	11	12	1	6	14	3	4	9	7	13	13	7	2	2	8	8	15	15	5	5	10	0	0	10	5017	170
3	14	11	6	7	2	15	10	1	4	9	12	5	8	13	0	2	1	10	9	6	13	14	5	0	11	8	3	4	7	12	15	4097	10390
3	15	9	5	6	0	12	10	11	13	1	7	14	2	4	8	7	12	13	6	2	3	8	9	15	14	5	4	10	1	0	11	5925	0
3	15	11	7	7	3	15	11	1	5	9	13	5	9	13	1	2	0	10	8	6	12	14	4	0	10	8	2	4	6	12	14	780	3158
4	0	12	8	0	12	8	4	6	10	14	2	2	6	10	14	5	15	13	7	1	3	9	11	7	5	15	13	3	9	11	1	2710	4096
4	0	14	10	1	15	11	5	12	2	6	8	9	13	3	7	0	3	10	9	5	12	15	6	8	1	2	11	13	14	7	4	20	21
4	1	12	9	0	13	8	5	6	11	14	3	2	7	10	15	5	14	13	6	1	2	9	10	7	4	15	12	3	8	11	0	4178	4949
4	1	14	11	1	14	11	4	12	3	6	9	9	12	3	6	0	2	10	8	5	13	15	7	8	0	2	10	13	15	7	5	4246	4949
4	2	12	10	0	14	8	6	6	8	14	0	2	4	10	12	5	13	13	5	1	1	9	9	7	7	15	15	3	11	11	3	4096	5785
4	2	14	8	1	13	11	7	12	0	6	10	9	15	3	5	0	1	10	11	5	14	15	4	8	3	2	9	13	12	7	6	341	4096
4	3	12	11	0	15	8	7	6	9	14	1	2	5	10	13	5	12	13	4	1	0	9	8	7	6	15	14	3	10	11	2	2956	4883
4	3	14	9	1	12	11	6	12	1	6	11	9	14	3	4	0	0	10	10	5	15	15	5	8	2	2	8	13	13	7	7	6218	20
4	4	12	12	0	8	8	0	6	14	14	6	2	2	10	10	5	11	13	3	1	7	9	15	7	1	15	9	3	13	11	5	2774	4879
4	4	14	14	1	11	11	1	12	6	6	12	9	9	3	3	0	7	10	13	5	8	15	2	8	5	2	15	13	10	7	0	4288	2113
4	5	12	13	0	9	8	1	6	15	14	7	2	3	10	11	5	10	13	2	1	6	9	14	7	0	15	8	3	12	11	4	4096	2710
4	5	14	15	1	10	11	0	12	7	6	13	9	8	3	2	0	6	10	12	5	9	15	3	8	4	2	14	13	11	7	1	5077	4246
4	6	12	14	0	10	8	2	6	12	14	4	2	0	10	8	5	9	13	1	1	5	9	13	7	3	15	11	3	15	11	7	716	5100
4	6	14	12	1	9	11	3	12	4	6	14	9	11	3	1	0	5	10	15	5	10	15	0	8	7	2	13	13	8	7	2	4874	105
4	7	12	15	0	11	8	3	6	13	14	5	2	1	10	9	5	8	13	0	1	4	9	12	7	2	15	10	3	14	11	6	853	873
4	7	14	13	1	8	11	2	12	5	6	15	9	10	3	0	0	4	10	14	5	11	15	1	8	6	2	12	13	9	7	3	4096	2282
4	8	12	0	0	4	8	12	6	2	14	10	2	14	10	6	5	7	13	15	1	11	9	3	7	13	15	5	3	1	11	9	4957	3221
4	8	14	2	1	7	11	13	12	10	6	0	9	5	3	15	0	11	10	1	5	4	15	14	8	9	2	3	13	6	7	12	6154	8322
4	9	12	1	0	5	8	13	6	3	14	11	2	15	10	7	5	6	13	14	1	10	9	2	7	12	15	4	3	0	11	8	4250	8353
4	9	14	3	1	6	11	12	12	11	6	1	9	4	3	14	0	10	10	0	5	5	15	15	8	8	2	2	13	7	7	13	4936	150
4	10	12	2	0	6	8	14	6	0	14	8	2	12	10	4	5	5	13	13	1	9	9	1	7	15	15	7	3	3	11	11	4096	10649
4	10	14	0	1	5	11	15	12	8	6	2	9	7	3	13	0	9	10	3	5	6	15	12	8	11	2	1	13	4	7	14	4291	9642
4	11	12	3	0	7	8	15	6	1	14	9	2	13	10	5	5	4	13	12	1	8	9	0	7	14	15	6	3	2	11	10	6617	11504
4	11	14	1	1	4	11	14	12	9	6	3	9	6	3	12	0	8	10	2	5	7	15	13	8	10	2	0	13	5	7	15	2325	8387
4	12	12	4	0	0	8	8	6	6	14	14	2	10	10	2	5	3	13	11	1	15	9	7	7	9	15	1	3	5	11	13	2956	11464
4	12	14	6	1	3	11	9	12	14	6	4	9	1	3	11	0	15	10	5	5	0	15	10	8	13	2	7	13	2	7	8	6225	8232
4	13	12	5	0	1	8	9	6	7	14	15	2	11	10	3	5	2	13	10	1	14	9	6	7	8	15	0	3	4	11	12	534	11341
4	13	14	7	1	2	11	8	12	15	6	5	9	0	3	10	0	14	10	4	5	1	15	11	8	12	2	6	13	3	7	9	4161	11936
4	14	12	6	0	2	8	10	6	4	14	12	2	8	10	0	5	1	13	9	1	13	9	5	7	11	15	3	3	7	11	15	791	10422
4	14	14	4	1	1	11	11	12	12	6	6	9	3	3	9	0	13	10	7	5	2	15	8	8	15	2	5	13	0	7	10	4309	8362
4	15	12	7	0	3	8	11	6	5	14	13	2	9	10	1	5	0	13	8	1	12	9	4	7	10	15	2	3	6	11	14	6294	8228
4	15	14	5	1	0	11	10	12	13	6	7	9	2	3	8	0	12	10	6	5	3	15	9	8	14	2	4	13	1	7	11	4116	11962
5	0	13	8	1	12	9	4	7	10	15	2	3	6	11	14	4	15	12	7	0	3	8	11	6	5	14	13	2	9	10	1	2711	4879
5	0	15	10	0	15	10	5	13	2	7	8	8	13	2	7	1	3	11	9	4	12	14	6	9	1	3	11	12	14	6	4	64	22
5	1	13	9	1	13	9	5	7	11	15	3	3	7	11	15	4	14	12	6	0	2	8	10	6	4	14	12	2	8	10	0	788	853
5	1	15	11	0	14	10	4	13	3	7	9	8	12	2	6	1	2	11	8	4	13	14	7	9	0	3	10	12	15	6	5	4311	1794
5	2	13	10	1	14	9	6	7	8	15	0	3	4	11	12	4	13	12	5	0	1	8	9	6	7	14	15	2	11	10	3	916	808
5	2	15	8	0	13	10	7	13	0	7	10	8	15	2	5	1	1	11	11	4	14	14	4	9	3	3	9	12	12	6	6	469	4098
5	3	13	11	1	15	9	7	7	9	15	1	3	5	11	13	4	12	12	4	0	0	8	8	6	6	14	14	2	10	10	2	2966	819
5	3	15	9	0	12	10	6	13	1	7	11	8	14	2	4	1	0	11	10	4	15	14	5	9	2	3	8	12	13	6	7	5017	5030
5	4	13	12	1	8	9	0	7	14	15	6	3	2	11	10	4	11	12	3	0	7	8	15	6	1	14	9	2	13	10	5	2710	4096
5	4	15	14	0	11	10	1	13	6	7	12	8	9	2	3	1	7	11	13	4	8	14	2	9	5	3	15	12	10	6	0	4242	5081
5	5	13	13	1	9	9	1	7	15	15	7	3	3	11	11	4	10	12	2	0	6	8	14	6	0	14	8	2	12	10	4	534	5060
5	5	15	15	0	10	10	0	13	7	7	13	8	8	2	2	1	6	11	12	4	9	14	3	9	4	3	14	12	11	6	1	23	2
5	6	13	14	1	10	9	2	7	12	15	4	3	0	11	8	4	9	12	1	0	5	8	13	6	3	14	11	2	15	10	7	534	1000
5	6	15	12	0	9	10	3	13	4	7	14	8	11	2	1	1	5	11	15	4	10	14	0	9	7	3	13	12	8	6	2	213	233
5	7	13	15	1	11	9	3	7	13	15	5	3	1	11	9	4	8	12	0	0	4	8	12	6	2	14	10	2	14	10	6	4228	4933
5	7	15	13	0	8	10	2	13	5	7	15	8	10	2	0	1	4	11	14	4	11	14	1	9	6	3	12	12	9	6	3	2068	4224
5	8	13	0	1	4	9	12	7	2	15	10	3	14	11	6	4	7	12	15	0	11	8	3	6	13	14	5	2	1	10	9	2964	11314
5	8	15	2	0	7	10	13	13	10	7	0	8	5	2	15	1	11	11	1	4	4	14	14	9	9	3	3	12	6	6	12	4224	2113
5	9	13	1	1	5	9	13	7	3	15	11	3	15	11	7	4	6	12	14	0	10	8	2	6	12	14	4	2	0	10	8	534	3095
5	9	15	3	0	6	10	12	13	11	7	1	8	4	2	14	1	10	11	0	4	5	14	15	9	8	3	2	12	7	6	13	4177	8309
5	10	13	2	1	6	9	14	7	0	15	8	3	12	11	4	4	5	12	13	0	9	8	1	6	15	14	7	2	3	10	11	4101	11434
5	10	15	0	0	5	10	15	13	8	7	2	8	7	2	13	1	9	11	3	4	6	14	12	9	11	3	1	12	4	6	14	23	234
5	11	13	3	1	7	9	15	7	1	15	9	3	13	11	5	4	4	12	12	0	8	8	0	6	14	14	6	2	2	10	10	2710	8192
5	11	15	1	0	4	10	14	13	9	7	3	8	6	2	12	1	8	11	2	4	7	14	13	9	10	3	0	12	5	6	15	4881	170
5	12	13	4	1	0	9	8	7	6	15	14	3	10	11	2	4	3	12	11	0	15	8	7	6	9	14	1	2	5	10	13	7070	3284
5	12	15	6	0	3	10	9	13	14	7	4	8	1	2	11	1	15	11	5	4	0	14	10	9	13	3	7	12	2	6	8	22	85
5	13	13	5	1	1	9	9	7	7	15	15	3	11	11	3	4	2	12	10	0	14	8	6	6	8	14	0	2	4	10	12	534	11340
5	13	15	7	0	2	10	8	13	15	7	5	8	0	2	10	1	14	11	4	4	1	14	11	9	12	3	6	12	3	6	9	4426	8232
5	14	13	6	1	2	9	10	7	4	15	12	3	8	11	0	4	1	12	9	0	13	8	5	6	11	14	3	2	7	10	15	588	11404
5	14	15	4	0	1	10	11	13	12	7	6	8	3	2	9	1	13	11	7	4	2	14	8	9	15	3	5	12	0	6	10	5019	8342
5	15	13	7	1	3	9	11	7	5	15	13	3	9	11	1	4	0	12	8	0	12	8	4	6	10	14	2	2	6	10	14	2711	11504
5	15	15	5	0	0	10	10	13	13	7	7	8	2	2	8	1	12	11	6	4	3	14	9	9	14	3	4	12	1	6	11	4693	11404
6	0	12	10	3	15	9	5	14	2	4	8	11	13	1	7	2	3	8	9	7	12	13	6	10	1	0	11	15	14	5	4	7150	4161
6	0	14	8	2	12	10	4	4	10	12	2	0	6	8	14	7	15	15	7	3	3	11	11	5	5	13	13	1	9	9	1	2956	4913
6	1	12	11	3	14	9	4	14	3	4	9	11	12	1	6	2	2	8	8	7	13	13	7	10	0	0	10	15	15	5	5	4773	4112
6	1	14	9	2	13	10	5	4	11	12	3	0	7	8	15	7	14	15	6	3	2	11	10	5	4	13	12	1	8	9	0	744	4899
6	2	12	8	3	13	9	7	14	0	4	10	11	15	1	5	2	1	8	11	7	14	13	4	10	3	0	9	15	12	5	6	6314	4913
6	2	14	10	2	14	10	6	4	8	12	0	0	4	8	12	7	13	15	5	3	1	11	9	5	7	13	15	1	11	9	3	908	917
6	3	12	9	3	12	9	6	14	1	4	11	11	14	1	4	2	0	8	10	7	15	13	5	10	2	0	8	15	13	5	7	4136	4369
6	3	14	11	2	15	10	7	4	9	12	1	0	5	8	13	7	12	15	4	3	0	11	8	5	6	13	14	1	10	9	2	808	808
6	4	12	14	3	11	9	1	14	6	4	12	11	9	1	3	2	7	8	13	7	8	13	2	10	5	0	15	15	10	5	0	232	21
6	4	14	12	2	8	10	0	4	14	12	6	0	2	8	10	7	11	15	3	3	7	11	15	5	1	13	9	1	13	9	5	780	917
6	5	12	15	3	10	9	0	14	7	4	13	11	8	1	2	2	6	8	12	7	9	13	3	10	4	0	14	15	11	5	1	169	192
6	5	14	13	2	9	10	1	4	15	12	7	0	3	8	11	7	10	15	2	3	6	11	14	5	0	13	8	1	12	9	4	4451	5006
6	6	12	12	3	9	9	3	14	4	4	14	11	11	1	1	2	5	8	15	7	10	13	0	10	7	0	13	15	8	5	2	235	6314
6	6	14	14	2	10	10	2	4	12	12	4	0	0	8	8	7	9	15	1	3	5	11	13	5	3	13	11	1	15	9	7	811	7017
6	7	12	13	3	8	9	2	14	5	4	15	11	10	1	0	2	4	8	14	7	11	13	1	10	6	0	12	15	9	5	3	2283	40
6	7	14	15	2	11	10	3	4	13	12	5	0	1	8	9	7	8	15	0	3	4	11	12	5	2	13	10	1	14	9	6	3022	5056
6	8	12	2	3	7	9	13	14	10	4	0	11	5	1	15	2	11	8	1	7	4	13	14	10	9	0	3	15	6	5	12	5068	9637
6	8	14	0	2	4	10	12	4	2	12	10	0	14	8	6	7	7	15	15	3	11	11	3	5	13	13	5	1	1	9	9	3022	11267
6	9	12	3	3	6	9	12	14	11	4	1	11	4	1	14	2	10	8	0	7	5	13	15	10	8	0	2	15	7	5	13	4650	8257
6	9	14	1	2	5	10	13	4	3	12	11	0	15	8	7	7	6	15	14	3	10	11	2	5	12	13	4	1	0	9	8	4455	11314
6	10	12	0	3	5	9	15	14	8	4	2	11	7	1	13	2	9	8	3	7	6	13	12	10	11	0	1	15	4	5	14	4201	11434
6	10	14	2	2	6	10	14	4	0	12	8	0	12	8	4	7	5	15	13	3	9	11	1	5	15	13	7	1	3	9	11	589	11379
6	11	12	1	3	4	9	14	14	9	4	3	11	6	1	12	2	8	8	2	7	7	13	13	10	10	0	0	15	5	5	15	7086	11480
6	11	14	3	2	7	10	15	4	1	12	9	0	13	8	5	7	4	15	12	3	8	11	0	5	14	13	6	1	2	9	10	2857	11299
6	12	12	6	3	3	9	9	14	14	4	4	11	1	1	11	2	15	8	5	7	0	13	10	10	13	0	7	15	2	5	8	4974	65
6	12	14	4	2	0	10	8	4	6	12	14	0	10	8	2	7	3	15	11	3	15	11	7	5	9	13	1	1	5	9	13	2857	11340
6	13	12	7	3	2	9	8	14	15	4	5	11	0	1	10	2	14	8	4	7	1	13	11	10	12	0	6	15	3	5	9	6727	8252
6	13	14	5	2	1	10	9	4	7	12	15	0	11	8	3	7	2	15	10	3	14	11	6	5	8	13	0	1	4	9	12	716	11500
6	14	12	4	3	1	9	11	14	12	4	6	11	3	1	9	2	13	8	7	7	2	13	8	10	15	0	5	15	0	5	10	4647	40
6	14	14	6	2	2	10	10	4	4	12	12	0	8	8	0	7	1	15	9	3	13	11	5	5	11	13	3	1	7	9	15	616	3284
6	15	12	5	3	0	9	10	14	13	4	7	11	2	1	8	2	12	8	6	7	3	13	9	10	14	0	4	15	1	5	11	0	2218
6	15	14	7	2	3	10	11	4	5	12	13	0	9	8	1	7	0	15	8	3	12	11	4	5	10	13	2	1	6	9	14	2956	11404
7	0	13	10	2	15	8	5	15	2	5	8	10	13	0	7	3	3	9	9	6	12	12	6	11	1	1	11	14	14	4	4	5094	85
7	0	15	8	3	12	11	4	5	10	13	2	1	6	9	14	6	15	14	7	2	3	10	11	4	5	12	13	0	9	8	1	780	854
7	1	13	11	2	14	8	4	15	3	5	9	10	12	0	6	3	2	9	8	6	13	12	7	11	0	1	10	14	15	4	5	234	22
7	1	15	9	3	13	11	5	5	11	13	3	1	7	9	15	6	14	14	6	2	2	10	10	4	4	12	12	0	8	8	0	616	4915
7	2	13	8	2	13	8	7	15	0	5	10	10	15	0	5	3	1	9	11	6	14	12	4	11	3	1	9	14	12	4	6	4138	4138
7	2	15	10	3	14	11	6	5	8	13	0	1	4	9	12	6	13	14	5	2	1	10	9	4	7	12	15	0	11	8	3	5089	4886
7	3	13	9	2	12	8	6	15	1	5	11	10	14	0	4	3	0	9	10	6	15	12	5	11	2	1	8	14	13	4	7	2282	4096
7	3	15	11	3	15	11	7	5	9	13	1	1	5	9	13	6	12	14	4	2	0	10	8	4	6	12	14	0	10	8	2	973	936
7	4	13	14	2	11	8	1	15	6	5	12	10	9	0	3	3	7	9	13	6	8	12	2	11	5	1	15	14	10	4	0	170	23
7	4	15	12	3	8	11	0	5	14	13	6	1	2	9	10	6	11	14	3	2	7	10	15	4	1	12	9	0	13	8	5	4096	6553
7	5	13	15	2	10	8	0	15	7	5	13	10	8	0	2	3	6	9	12	6	9	12	3	11	4	1	14	14	11	4	1	384	4288
7	5	15	13	3	9	11	1	5	15	13	7	1	3	9	11	6	10	14	2	2	6	10	14	4	0	12	8	0	12	8	4	7017	791
7	6	13	12	2	9	8	3	15	4	5	14	10	11	0	1	3	5	9	15	6	10	12	0	11	7	1	13	14	8	4	2	4096	6218
7	6	15	14	3	10	11	2	5	12	13	4	1	0	9	8	6	9	14	1	2	5	10	13	4	3	12	11	0	15	8	7	616	5068
7	7	13	13	2	8	8	2	15	5	5	15	10	10	0	0	3	4	9	14	6	11	12	1	11	6	1	12	14	9	4	3	5028	5094
7	7	15	15	3	11	11	3	5	13	13	5	1	1	9	9	6	8	14	0	2	4	10	12	4	2	12	10	0	14	8	6	780	936
7	8	13	2	2	7	8	13	15	10	5	0	10	5	0	15	3	11	9	1	6	4	12	14	11	9	1	3	14	6	4	12	4128	386
7	8	15	0	3	4	11	12	5	2	13	10	1	14	9	6	6	7	14	15	2	11	10	3	4	13	12	5	0	1	8	9	872	3092
7	9	13	3	2	6	8	12	15	11	5	1	10	4	0	14	3	10	9	0	6	5	12	15	11	8	1	2	14	7	4	13	4096	8530
7	9	15	1	3	5	11	13	5	3	13	11	1	15	9	7	6	6	14	14	2	10	10	2	4	12	12	4	0	0	8	8	5064	3377
7	10	13	0	2	5	8	15	15	8	5	2	10	7	0	13	3	9	9	3	6	6	12	12	11	11	1	1	14	4	4	14	6730	8387
7	10	15	2	3	6	11	14	5	0	13	8	1	12	9	4	6	5	14	13	2	9	10	1	4	15	12	7	0	3	8	11	717	11312
7	11	13	1	2	4	8	14	15	9	5	3	10	6	0	12	3	8	9	2	6	7	12	13	11	10	1	0	14	5	4	15	4291	2538
7	11	15	3	3	7	11	15	5	1	13	9	1	13	9	5	6	4	14	12	2	8	10	0	4	14	12	6	0	2	8	10	2857	3115
7	12	13	6	2	3	8	9	15	14	5	4	10	1	0	11	3	15	9	5	6	0	12	10	11	13	1	7	14	2	4	8	5026	8265
7	12	15	4	3	0	11	8	5	6	13	14	1	10	9	2	6	3	14	11	2	15	10	7	4	9	12	1	0	5	8	13	1001	3156
7	13	13	7	2	2	8	8	15	15	5	5	10	0	0	10	3	14	9	4	6	1	12	11	11	12	1	6	14	3	4	9	4291	10916
7	13	15	5	3	1	11	9	5	7	13	15	1	11	9	3	6	2	14	10	2	14	10	6	4	8	12	0	0	4	8	12	4451	11496
7	14	13	4	2	1	8	11	15	12	5	6	10	3	0	9	3	13	9	7	6	2	12	8	11	15	1	5	14	0	4	10	4647	8224
7	14	15	6	3	2	11	10	5	4	13	12	1	8	9	0	6	1	14	9	2	13	10	5	4	11	12	3	0	7	8	15	2665	8192
7	15	13	5	2	0	8	10	15	13	5	7	10	2	0	8	3	12	9	6	6	3	12	9	11	14	1	4	14	1	4	11	4942	11350
7	15	15	7	3	3	11	11	5	5	13	13	1	9	9	1	6	0	14	8	2	12	10	4	4	10	12	2	0	6	8	14	4129	3242
8	0	0	8	12	12	4	4	10	10	2	2	14	6	6	14	9	15	1	7	13	3	5	11	11	5	3	13	15	9	7	1	3092	845
8	0	2	10	13	15	7	5	0	2	10	8	5	13	15	7	12	3	6	9	9	12	3	6	4	1	14	11	1	14	11	4	11303	4693
8	1	0	9	12	13	4	5	10	11	2	3	14	7	6	15	9	14	1	6	13	2	5	10	11	4	3	12	15	8	7	0	11348	789
8	1	2	11	13	14	7	4	0	3	10	9	5	12	15	6	12	2	6	8	9	13	3	7	4	0	14	10	1	15	11	5	215	341
8	2	0	10	12	14	4	6	10	8	2	0	14	4	6	12	9	13	1	5	13	1	5	9	11	7	3	15	15	11	7	3	1046	791
8	2	2	8	13	13	7	7	0	0	10	10	5	15	15	5	12	1	6	11	9	14	3	4	4	3	14	9	1	12	11	6	9445	40
8	3	0	11	12	15	4	7	10	9	2	1	14	5	6	13	9	12	1	4	13	0	5	8	11	6	3	14	15	10	7	2	3476	4915
8	3	2	9	13	12	7	6	0	1	10	11	5	14	15	4	12	0	6	10	9	15	3	5	4	2	14	8	1	13	11	7	343	4096
8	4	0	12	12	8	4	0	10	14	2	6	14	2	6	10	9	11	1	3	13	7	5	15	11	1	3	9	15	13	7	5	3221	4949
8	4	2	14	13	11	7	1	0	6	10	12	5	9	15	3	12	7	6	13	9	8	3	2	4	5	14	15	1	10	11	0	84	150
8	5	0	13	12	9	4	1	10	15	2	7	14	3	6	11	9	10	1	2	13	6	5	14	11	0	3	8	15	12	7	4	10390	4097
8	5	2	15	13	10	7	0	0	7	10	13	5	8	15	2	12	6	6	12	9	9	3	3	4	4	14	14	1	11	11	1	9554	4291
8	6	0	14	12	10	4	2	10	12	2	4	14	0	6	8	9	9	1	1	13	5	5	13	11	3	3	11	15	15	7	7	3095	2921
8	6	2	12	13	9	7	3	0	4	10	14	5	11	15	1	12	5	6	15	9	10	3	0	4	7	14	13	1	8	11	2	9637	5068
8	7	0	15	12	11	4	3	10	13	2	5	14	1	6	9	9	8	1	0	13	4	5	12	11	2	3	10	15	14	7	6	8336	5034
8	7	2	13	13	8	7	2	0	5	10	15	5	10	15	0	12	4	6	14	9	11	3	1	4	6	14	12	1	9	11	3	11349	4201
8	8	0	0	12	4	4	12	10	2	2	10	14	14	6	6	9	7	1	15	13	11	5	3	11	13	3	5	15	1	7	9	3092	3092
8	8	2	2	13	7	7	13	0	10	10	0	5	5	15	15	12	11	6	1	9	4	3	14	4	9	14	3	1	6	11	12	23	86
8	9	0	1	12	5	4	13	10	3	2	11	14	15	6	7	9	6	1	14	13	10	5	2	11	12	3	4	15	0	7	8	3157	3286
8	9	2	3	13	6	7	12	0	11	10	1	5	4	15	14	12	10	6	0	9	5	3	15	4	8	14	2	1	7	11	13	8224	386
8	10	0	2	12	6	4	14	10	0	2	8	14	12	6	4	9	5	1	13	13	9	5	1	11	15	3	7	15	3	7	11	10390	8320
8	10	2	0	13	5	7	15	0	8	10	2	5	7	15	13	12	9	6	3	9	6	3	12	4	11	14	1	1	4	11	14	9301	11378
8	11	0	3	12	7	4	15	10	1	2	9	14	13	6	5	9	4	1	12	13	8	5	0	11	14	3	6	15	2	7	10	11442	3433
8	11	2	1	13	4	7	14	0	9	10	3	5	6	15	12	12	8	6	2	9	7	3	13	4	10	14	0	1	5	11	15	11379	8618
8	12	0	4	12	0	4	8	10	6	2	14	14	10	6	2	9	3	1	11	13	15	5	7	11	9	3	1	15	5	7	13	3222	3092
8	12	2	6	13	3	7	9	0	14	10	4	5	1	15	11	12	15	6	5	9	0	3	10	4	13	14	7	1	2	11	8	213	8257
8	13	0	5	12	1	4	9	10	7	2	15	14	11	6	3	9	2	1	10	13	14	5	6	11	8	3	0	15	4	7	12	1075	11464
8	13	2	7	13	2	7	8	0	15	10	5	5	0	15	10	12	14	6	4	9	1	3	11	4	12	14	6	1	3	11	9	9285	20
8	14	0	6	12	2	4	10	10	4	2	12	14	8	6	0	9	1	1	9	13	13	5	5	11	11	3	3	15	7	7	15	1430	8192
8	14	2	4	13	1	7	11	0	12	10	6	5	3	15	9	12	13	6	7	9	2	3	8	4	15	14	5	1	0	11	10	8565	8382
8	15	0	7	12	3	4	11	10	5	2	13	14	9	6	1	9	0	1	8	13	12	5	4	11	10	3	2	15	6	7	14	3092	3176
8	15	2	5	13	0	7	10	0	13	10	7	5	2	15	8	12	12	6	6	9	3	3	9	4	14	14	4	1	1	11	11	386	8194
9	0	1	8	13	12	5	4	11	10	3	2	15	6	7	14	8	15	0	7	12	3	4	11	10	5	2	13	14	9	6	1	3123	617
9	0	3	10	12	15	6	5	1	2	11	8	4	13	14	7	13	3	7	9	8	12	2	6	5	1	15	11	0	14	10	4	215	1834
9	1	1	9	13	13	5	5	11	11	3	3	15	7	7	15	8	14	0	6	12	2	4	10	10	4	2	12	14	8	6	0	10470	811
9	1	3	11	12	14	6	4	1	3	11	9	4	12	14	6	13	2	7	8	8	13	2	7	5	0	15	10	0	15	10	5	148	4114
9	2	1	10	13	14	5	6	11	8	3	0	15	4	7	12	8	13	0	5	12	1	4	9	10	7	2	15	14	11	6	3	1046	819
9	2	3	8	12	13	6	7	1	0	11	10	4	15	14	5	13	1	7	11	8	14	2	4	5	3	15	9	0	12	10	6	20	169
9	3	1	11	13	15	5	7	11	9	3	1	15	5	7	13	8	12	0	4	12	0	4	8	10	6	2	14	14	10	6	2	8229	4265
9	3	3	9	12	12	6	6	1	1	11	11	4	14	14	4	13	0	7	10	8	15	2	5	5	2	15	8	0	13	10	7	10325	5041
9	4	1	12	13	8	5	0	11	14	3	6	15	2	7	10	8	11	0	3	12	7	4	15	10	1	2	9	14	13	6	5	3476	5060
9	4	3	14	12	11	6	1	1	6	11	12	4	9	14	3	13	7	7	13	8	8	2	2	5	5	15	15	0	10	10	0	2	86
9	5	1	13	13	9	5	1	11	15	3	7	15	3	7	11	8	10	0	2	12	6	4	14	10	0	2	8	14	12	6	4	3092	790
9	5	3	15	12	10	6	0	1	7	11	13	4	8	14	2	13	6	7	12	8	9	2	3	5	4	15	14	0	11	10	1	0	341
9	6	1	14	13	10	5	2	11	12	3	4	15	0	7	8	8	9	0	1	12	5	4	13	10	3	2	11	14	15	6	7	3223	4933
9	6	3	12	12	9	6	3	1	4	11	14	4	11	14	1	13	5	7	15	8	10	2	0	5	7	15	13	0	8	10	2	8613	4335
9	7	1	15	13	11	5	3	11	13	3	5	15	1	7	9	8	8	0	0	12	4	4	12	10	2	2	10	14	14	6	6	3222	808
9	7	3	13	12	8	6	2	1	5	11	15	4	10	14	0	13	4	7	14	8	11	2	1	5	6	15	12	0	9	10	3	11362	4201
9	8	1	0	13	4	5	12	11	2	3	10	15	14	7	6	8	7	0	15	12	11	4	3	10	13	2	5	14	1	6	9	3222	3092
9	8	3	2	12	7	6	13	1	10	11	0	4	5	14	15	13	11	7	1	8	4	2	14	5	9	15	3	0	6	10	12	85	22
9	9	1	1	13	5	5	13	11	3	3	11	15	15	7	7	8	6	0	14	12	10	4	2	10	12	2	4	14	0	6	8	1047	11314
9	9	3	3	12	6	6	12	1	11	11	1	4	4	14	14	13	10	7	0	8	5	2	15	5	8	15	2	0	7	10	13	8407	8565
9	10	1	2	13	6	5	14	11	0	3	8	15	12	7	4	8	5	0	13	12	9	4	1	10	15	2	7	14	3	6	11	10438	11377
9	10	3	0	12	5	6	15	1	8	11	2	4	7	14	13	13	9	7	3	8	6	2	12	5	11	15	1	0	4	10	14	2113	8322
9	11	1	3	13	7	5	15	11	1	3	9	15	13	7	5	8	4	0	12	12	8	4	0	10	14	2	6	14	2	6	10	11333	8370
9	11	3	1	12	4	6	14	1	9	11	3	4	6	14	12	13	8	7	2	8	7	2	13	5	10	15	0	0	5	10	15	215	232
9	12	1	4	13	0	5	8	11	6	3	14	15	10	7	2	8	3	0	11	12	15	4	7	10	9	2	1	14	5	6	13	9364	8321
9	12	3	6	12	3	6	9	1	14	11	4	4	1	14	11	13	15	7	5	8	0	2	10	5	13	15	7	0	2	10	8	215	168
9	13	1	5	13	1	5	9	11	7	3	15	15	11	7	3	8	2	0	10	12	14	4	6	10	8	2	0	14	4	6	12	3092	3113
9	13	3	7	12	2	6	8	1	15	11	5	4	0	14	10	13	14	7	4	8	1	2	11	5	12	15	6	0	3	10	9	8343	11333
9	14	1	6	13	2	5	10	11	4	3	12	15	8	7	0	8	1	0	9	12	13	4	5	10	11	2	3	14	7	6	15	1174	3276
9	14	3	4	12	1	6	11	1	12	11	6	4	3	14	9	13	13	7	7	8	2	2	8	5	15	15	5	0	0	10	10	149	8264
9	15	1	7	13	3	5	11	11	5	3	13	15	9	7	1	8	0	0	8	12	12	4	4	10	10	2	2	14	6	6	14	3123	1174
9	15	3	5	12	0	6	10	1	13	11	7	4	2	14	8	13	12	7	6	8	3	2	9	5	14	15	4	0	1	10	11	11349	150
10	0	0	10	15	15	5	5	2	2	8	8	7	13	13	7	14	3	4	9	11	12	1	6	6	1	12	11	3	14	9	4	11378	4889
10	0	2	8	14	12	6	4	8	10	0	2	12	6	4	14	11	15	3	7	15	3	7	11	9	5	1	13	13	9	5	1	3369	4899
10	1	0	11	15	14	5	4	2	3	8	9	7	12	13	6	14	2	4	8	11	13	1	7	6	0	12	10	3	15	9	5	11315	5466
10	1	2	9	14	13	6	5	8	11	0	3	12	7	4	15	11	14	3	6	15	2	7	10	9	4	1	12	13	8	5	0	11464	1075
10	2	0	8	15	13	5	7	2	0	8	10	7	15	13	5	14	1	4	11	11	14	1	4	6	3	12	9	3	12	9	6	170	151
10	2	2	10	14	14	6	6	8	8	0	0	12	4	4	12	11	13	3	5	15	1	7	9	9	7	1	15	13	11	5	3	3113	808
10	3	0	9	15	12	5	6	2	1	8	11	7	14	13	4	14	0	4	10	11	15	1	5	6	2	12	8	3	13	9	7	11481	5030
10	3	2	11	14	15	6	7	8	9	0	1	12	5	4	13	11	12	3	4	15	0	7	8	9	6	1	14	13	10	5	2	1387	4879
10	4	0	14	15	11	5	1	2	6	8	12	7	9	13	3	14	7	4	13	11	8	1	2	6	5	12	15	3	10	9	0	8264	214
10	4	2	12	14	8	6	0	8	14	0	6	12	2	4	10	11	11	3	3	15	7	7	15	9	1	1	9	13	13	5	5	11657	5069
10	5	0	15	15	10	5	0	2	7	8	13	7	8	13	2	14	6	4	12	11	9	1	3	6	4	12	14	3	11	9	1	105	4885
10	5	2	13	14	9	6	1	8	15	0	7	12	3	4	11	11	10	3	2	15	6	7	14	9	0	1	8	13	12	5	4	3240	854
10	6	0	12	15	9	5	3	2	4	8	14	7	11	13	1	14	5	4	15	11	10	1	0	6	7	12	13	3	8	9	2	2283	40
10	6	2	14	14	10	6	2	8	12	0	4	12	0	4	8	11	9	3	1	15	5	7	13	9	3	1	11	13	15	5	7	1075	5056
10	7	0	13	15	8	5	2	2	5	8	15	7	10	13	0	14	4	4	14	11	11	1	1	6	6	12	12	3	9	9	3	11378	4770
10	7	2	15	14	11	6	3	8	13	0	5	12	1	4	9	11	8	3	0	15	4	7	12	9	2	1	10	13	14	5	6	3369	4940
10	8	0	2	15	7	5	13	2	10	8	0	7	5	13	15	14	11	4	1	11	4	1	14	6	9	12	3	3	6	9	12	11379	9301
10	8	2	0	14	4	6	12	8	2	0	10	12	14	4	6	11	7	3	15	15	11	7	3	9	13	1	5	13	1	5	9	8225	11426
10	9	0	3	15	6	5	12	2	11	8	1	7	4	13	14	14	10	4	0	11	5	1	15	6	8	12	2	3	7	9	13	10376	8322
10	9	2	1	14	5	6	13	8	3	0	11	12	15	4	7	11	6	3	14	15	10	7	2	9	12	1	4	13	0	5	8	8192	10598
10	10	0	0	15	5	5	15	2	8	8	2	7	7	13	13	14	9	4	3	11	6	1	12	6	11	12	1	3	4	9	14	11297	105
10	10	2	2	14	6	6	14	8	0	0	8	12	12	4	4	11	5	3	13	15	9	7	1	9	15	1	7	13	3	5	11	3114	3241
10	11	0	1	15	4	5	14	2	9	8	3	7	6	13	12	14	8	4	2	11	7	1	13	6	10	12	0	3	5	9	15	256	8320
10	11	2	3	14	7	6	15	8	1	0	9	12	13	4	5	11	4	3	12	15	8	7	0	9	14	1	6	13	2	5	10	1385	8192
10	12	0	6	15	3	5	9	2	14	8	4	7	1	13	11	14	15	4	5	11	0	1	10	6	13	12	7	3	2	9	8	193	149
10	12	2	4	14	0	6	8	8	6	0	14	12	10	4	2	11	3	3	11	15	15	7	7	9	9	1	1	13	5	5	13	3114	3241
10	13	0	7	15	2	5	8	2	15	8	5	7	0	13	10	14	14	4	4	11	1	1	11	6	12	12	6	3	3	9	9	9307	8256
10	13	2	5	14	1	6	9	8	7	0	15	12	11	4	3	11	2	3	10	15	14	7	6	9	8	1	0	13	4	5	12	8225	11476
10	14	0	4	15	1	5	11	2	12	8	6	7	3	13	9	14	13	4	7	11	2	1	8	6	15	12	5	3	0	9	10	11315	10842
10	14	2	6	14	2	6	10	8	4	0	12	12	8	4	0	11	1	3	9	15	13	7	5	9	11	1	3	13	7	5	15	1202	11404
10	15	0	5	15	0	5	10	2	13	8	7	7	2	13	8	14	12	4	6	11	3	1	9	6	14	12	4	3	1	9	11	424	8200
10	15	2	7	14	3	6	11	8	5	0	13	12	9	4	1	11	0	3	8	15	12	7	4	9	10	1	2	13	6	5	14	1513	11504
11	0	1	10	14	15	4	5	3	2	9	8	6	13	12	7	15	3	5	9	10	12	0	6	7	1	13	11	2	14	8	4	106	62
11	0	3	8	15	12	7	4	9	10	1	2	13	6	5	14	10	15	2	7	14	3	6	11	8	5	0	13	12	9	4	1	3433	811
11	1	1	11	14	14	4	4	3	3	9	9	6	12	12	6	15	2	5	8	10	13	0	7	7	0	13	10	2	15	8	5	8330	4177
11	1	3	9	15	13	7	5	9	11	1	3	13	7	5	15	10	14	2	6	14	2	6	10	8	4	0	12	12	8	4	0	1074	4977
11	2	1	8	14	13	4	7	3	0	9	10	6	15	12	5	15	1	5	11	10	14	0	4	7	3	13	9	2	12	8	6	11315	5541
11	2	3	10	15	14	7	6	9	8	1	0	13	4	5	12	10	13	2	5	14	1	6	9	8	7	0	15	12	11	4	3	1256	5043
11	3	1	9	14	12	4	6	3	1	9	11	6	14	12	4	15	0	5	10	10	15	0	5	7	2	13	8	2	13	8	7	426	0
11	3	3	11	15	15	7	7	9	9	1	1	13	5	5	13	10	12	2	4	14	0	6	8	8	6	0	14	12	10	4	2	3369	791
11	4	1	14	14	11	4	1	3	6	9	12	6	9	12	3	15	7	5	13	10	8	0	2	7	5	13	15	2	10	8	0	9560	4291
11	4	3	12	15	8	7	0	9	14	1	6	13	2	5	10	10	11	2	3	14	7	6	15	8	1	0	9	12	13	4	5	1387	4879
11	5	1	15	14	10	4	0	3	7	9	13	6	8	12	2	15	6	5	12	10	9	0	3	7	4	13	14	2	11	8	1	11419	4242
11	5	3	13	15	9	7	1	9	15	1	7	13	3	5	11	10	10	2	2	14	6	6	14	8	0	0	8	12	12	4	4	1128	5076
11	6	1	12	14	9	4	3	3	4	9	14	6	11	12	1	15	5	5	15	10	10	0	0	7	7	13	13	2	8	8	2	40	2218
11	6	3	14	15	10	7	2	9	12	1	4	13	0	5	8	10	9	2	1	14	5	6	13	8	3	0	11	12	15	4	7	3240	808
11	7	1	13	14	8	4	2	3	5	9	15	6	10	12	0	15	4	5	14	10	11	0	1	7	6	13	12	2	9	8	3	9642	4291
11	7	3	15	15	11	7	3	9	13	1	5	13	1	5	9	10	8	2	0	14	4	6	12	8	2	0	10	12	14	4	6	3178	845
11	8	1	2	14	7	4	13	3	10	9	0	6	5	12	15	15	11	5	1	10	4	0	14	7	9	13	3	2	6	8	12	40	471
11	8	3	0	15	4	7	12	9	2	1	10	13	14	5	6	10	7	2	15	14	11	6	3	8	13	0	5	12	1	4	9	11625	8320
11	9	1	3	14	6	4	12	3	11	9	1	6	4	12	14	15	10	5	0	10	5	0	15	7	8	13	2	2	7	8	13	8233	213
11	9	3	1	15	5	7	13	9	3	1	11	13	15	5	7	10	6	2	14	14	10	6	2	8	12	0	4	12	0	4	8	3304	3092
11	10	1	0	14	5	4	15	3	8	9	2	6	7	12	13	15	9	5	3	10	6	0	12	7	11	13	1	2	4	8	14	8387	9656
11	10	3	2	15	6	7	14	9	0	1	8	13	12	5	4	10	5	2	13	14	9	6	1	8	15	0	7	12	3	4	11	3112	3242
11	11	1	1	14	4	4	14	3	9	9	3	6	6	12	12	15	8	5	2	10	7	0	13	7	10	13	0	2	5	8	15	258	8195
11	11	3	3	15	7	7	15	9	1	1	9	13	13	5	5	10	4	2	12	14	8	6	0	8	14	0	6	12	2	4	10	1387	11504
11	12	1	6	14	3	4	9	3	14	9	4	6	1	12	11	15	15	5	5	10	0	0	10	7	13	13	7	2	2	8	8	298	20
11	12	3	4	15	0	7	8	9	6	1	14	13	10	5	2	10	3	2	11	14	15	6	7	8	9	0	1	12	5	4	13	3441	11496
11	13	1	7	14	2	4	8	3	15	9	5	6	0	12	10	15	14	5	4	10	1	0	11	7	12	13	6	2	3	8	9	42	232
11	13	3	5	15	1	7	9	9	7	1	15	13	11	5	3	10	2	2	10	14	14	6	6	8	8	0	0	12	4	4	12	11443	744
11	14	1	4	14	1	4	11	3	12	9	6	6	3	12	9	15	13	5	7	10	2	0	8	7	15	13	5	2	0	8	10	42	8406
11	14	3	6	15	2	7	10	9	4	1	12	13	8	5	0	10	1	2	9	14	13	6	5	8	11	0	3	12	7	4	15	8282	8282
11	15	1	5	14	0	4	10	3	13	9	7	6	2	12	8	15	12	5	6	10	3	0	9	7	14	13	4	2	1	8	11	9554	8252
11	15	3	7	15	3	7	11	9	5	1	13	13	9	5	1	10	0	2	8	14	12	6	4	8	10	0	2	12	6	4	14	11323	8774
12	0	4	8	8	12	0	4	14	10	6	2	10	6	2	14	13	15	5	7	9	3	1	11	15	5	7	13	11	9	3	1	588	4887
12	0	6	10	9	15	3	5	4	2	14	8	1	13	11	7	8	3	2	9	13	12	7	6	0	1	10	11	5	14	15	4	124	86
12	1	4	9	8	13	0	5	14	11	6	3	10	7	2	15	13	14	5	6	9	2	1	10	15	4	7	12	11	8	3	0	8197	4949
12	1	6	11	9	14	3	4	4	3	14	9	1	12	11	6	8	2	2	8	13	13	7	7	0	0	10	10	5	15	15	5	40	106
12	2	4	10	8	14	0	6	14	8	6	0	10	4	2	12	13	13	5	5	9	1	1	9	15	7	7	15	11	11	3	3	8228	6034
12	2	6	8	9	13	3	7	4	0	14	10	1	15	11	5	8	1	2	11	13	14	7	4	0	3	10	9	5	12	15	6	9300	4116
12	3	4	11	8	15	0	7	14	9	6	1	10	5	2	13	13	12	5	4	9	0	1	8	15	6	7	14	11	10	3	2	2601	4879
12	3	6	9	9	12	3	6	4	1	14	11	1	14	11	4	8	0	2	10	13	15	7	5	0	2	10	8	5	13	15	7	10837	4156
12	4	4	12	8	8	0	0	14	14	6	6	10	2	2	10	13	11	5	3	9	7	1	15	15	1	7	9	11	13	3	5	3276	2966
12	4	6	14	9	11	3	1	4	6	14	12	1	9	11	3	8	7	2	13	13	8	7	2	0	5	10	15	5	10	15	0	40	6218
12	5	4	13	8	9	0	1	14	15	6	7	10	3	2	11	13	10	5	2	9	6	1	14	15	0	7	8	11	12	3	4	1128	4941
12	5	6	15	9	10	3	0	4	7	14	13	1	8	11	2	8	6	2	12	13	9	7	3	0	4	10	14	5	11	15	1	11485	4116
12	6	4	14	8	10	0	2	14	12	6	4	10	0	2	8	13	9	5	1	9	5	1	13	15	3	7	11	11	15	3	7	11340	2921
12	6	6	12	9	9	3	3	4	4	14	14	1	11	11	1	8	5	2	15	13	10	7	0	0	7	10	13	5	8	15	2	9301	4942
12	7	4	15	8	11	0	3	14	13	6	5	10	1	2	9	13	8	5	0	9	4	1	12	15	2	7	10	11	14	3	6	717	5070
12	7	6	13	9	8	3	2	4	5	14	15	1	10	11	0	8	4	2	14	13	11	7	1	0	6	10	12	5	9	15	3	8193	2282
12	8	4	0	8	4	0	12	14	2	6	10	10	14	2	6	13	7	5	15	9	11	1	3	15	13	7	5	11	1	3	9	589	11379
12	8	6	2	9	7	3	13	4	10	14	0	1	5	11	15	8	11	2	1	13	4	7	14	0	9	10	3	5	6	15	12	10869	8387
12	9	4	1	8	5	0	13	14	3	6	11	10	15	2	7	13	6	5	14	9	10	1	2	15	12	7	4	11	0	3	8	3084	3221
12	9	6	3	9	6	3	12	4	11	14	1	1	4	11	14	8	10	2	0	13	5	7	15	0	8	10	2	5	7	15	13	125	149
12	10	4	2	8	6	0	14	14	0	6	8	10	12	2	4	13	5	5	13	9	9	1	1	15	15	7	7	11	3	3	11	1128	11442
12	10	6	0	9	5	3	15	4	8	14	2	1	7	11	13	8	9	2	3	13	6	7	12	0	11	10	1	5	4	15	14	11480	8618
12	11	4	3	8	7	0	15	14	1	6	9	10	13	2	5	13	4	5	12	9	8	1	0	15	14	7	6	11	2	3	10	9885	11504
12	11	6	1	9	4	3	14	4	9	14	3	1	6	11	12	8	8	2	2	13	7	7	13	0	10	10	0	5	5	15	15	8252	9658
12	12	4	4	8	0	0	8	14	6	6	14	10	10	2	2	13	3	5	11	9	15	1	7	15	9	7	1	11	5	3	13	617	11476
12	12	6	6	9	3	3	9	4	14	14	4	1	1	11	11	8	15	2	5	13	0	7	10	0	13	10	7	5	2	15	8	10961	8252
12	13	4	5	8	1	0	9	14	7	6	15	10	11	2	3	13	2	5	10	9	14	1	6	15	8	7	0	11	4	3	12	3176	11476
12	13	6	7	9	2	3	8	4	15	14	5	1	0	11	10	8	14	2	4	13	1	7	11	0	12	10	6	5	3	15	9	9381	0
12	14	4	6	8	2	0	10	14	4	6	12	10	8	2	0	13	1	5	9	9	13	1	5	15	11	7	3	11	7	3	15	8228	8314
12	14	6	4	9	1	3	11	4	12	14	6	1	3	11	9	8	13	2	7	13	2	7	8	0	15	10	5	5	0	15	10	193	86
12	15	4	7	8	3	0	11	14	5	6	13	10	9	2	1	13	0	5	8	9	12	1	4	15	10	7	2	11	6	3	14	11348	8374
12	15	6	5	9	0	3	10	4	13	14	7	1	2	11	8	8	12	2	6	13	3	7	9	0	14	10	4	5	1	15	11	253	106
13	0	5	8	9	12	1	4	15	10	7	2	11	6	3	14	12	15	4	7	8	3	0	11	14	5	6	13	10	9	2	1	3176	808
13	0	7	10	8	15	2	5	5	2	15	8	0	13	10	7	9	3	3	9	12	12	6	6	1	1	11	11	4	14	14	4	3584	4128
13	1	5	9	9	13	1	5	15	11	7	3	11	7	3	15	12	14	4	6	8	2	0	10	14	4	6	12	10	8	2	0	8313	853
13	1	7	11	8	14	2	4	5	3	15	9	0	12	10	6	9	2	3	8	12	13	6	7	1	0	11	10	4	15	14	5	2133	40
13	2	5	10	9	14	1	6	15	8	7	0	11	4	3	12	12	13	4	5	8	1	0	9	14	7	6	15	10	11	2	3	10264	811
13	2	7	8	8	13	2	7	5	0	15	10	0	15	10	5	9	1	3	11	12	14	6	4	1	3	11	9	4	12	14	6	9285	20
13	3	5	11	9	15	1	7	15	9	7	1	11	5	3	13	12	12	4	4	8	0	0	8	14	6	6	14	10	10	2	2	744	4923
13	3	7	9	8	12	2	6	5	1	15	11	0	14	10	4	9	0	3	10	12	15	6	5	1	2	11	8	4	13	14	7	192	169
13	4	5	12	9	8	1	0	15	14	7	6	11	2	3	10	12	11	4	3	8	7	0	15	14	1	6	9	10	13	2	5	9945	4879
13	4	7	14	8	11	2	1	5	6	15	12	0	9	10	3	9	7	3	13	12	8	6	2	1	5	11	15	4	10	14	0	3669	4226
13	5	5	13	9	9	1	1	15	15	7	7	11	3	3	11	12	10	4	2	8	6	0	14	14	0	6	8	10	12	2	4	1257	5068
13	5	7	15	8	10	2	0	5	7	15	13	0	8	10	2	9	6	3	12	12	9	6	3	1	4	11	14	4	11	14	1	125	21
13	6	5	14	9	10	1	2	15	12	7	4	11	0	3	8	12	9	4	1	8	5	0	13	14	3	6	11	10	15	2	7	3285	4898
13	6	7	12	8	9	2	3	5	4	15	14	0	11	10	1	9	5	3	15	12	10	6	0	1	7	11	13	4	8	14	2	9461	4161
13	7	5	15	9	11	1	3	15	13	7	5	11	1	3	9	12	8	4	0	8	4	0	12	14	2	6	10	10	14	2	6	588	4876
13	7	7	13	8	8	2	2	5	5	15	15	0	10	10	0	9	4	3	14	12	11	6	1	1	6	11	12	4	9	14	3	3649	4288
13	8	5	0	9	4	1	12	15	2	7	10	11	14	3	6	12	7	4	15	8	11	0	3	14	13	6	5	10	1	2	9	8861	11315
13	8	7	2	8	7	2	13	5	10	15	0	0	5	10	15	9	11	3	1	12	4	6	14	1	9	11	3	4	6	14	12	8308	8277
13	9	5	1	9	5	1	13	15	3	7	11	11	15	3	7	12	6	4	14	8	10	0	2	14	12	6	4	10	0	2	8	3276	1174
13	9	7	3	8	6	2	12	5	11	15	1	0	4	10	14	9	10	3	0	12	5	6	15	1	8	11	2	4	7	14	13	8208	2112
13	10	5	2	9	6	1	14	15	0	7	8	11	12	3	4	12	5	4	13	8	9	0	1	14	15	6	7	10	3	2	11	3284	3241
13	10	7	0	8	5	2	15	5	8	15	2	0	7	10	13	9	9	3	3	12	6	6	12	1	11	11	1	4	4	14	14	8192	2282
13	11	5	3	9	7	1	15	15	1	7	9	11	13	3	5	12	4	4	12	8	8	0	0	14	14	6	6	10	2	2	10	3220	3121
13	11	7	1	8	4	2	14	5	9	15	3	0	6	10	12	9	8	3	2	12	7	6	13	1	10	11	0	4	5	14	15	1749	8387
13	12	5	4	9	0	1	8	15	6	7	14	11	10	3	2	12	3	4	11	8	15	0	7	14	9	6	1	10	5	2	13	616	3276
13	12	7	6	8	3	2	9	5	14	15	4	0	1	10	11	9	15	3	5	12	0	6	10	1	13	11	7	4	2	14	8	8773	11480
13	13	5	5	9	1	1	9	15	7	7	15	11	11	3	3	12	2	4	10	8	14	0	6	14	8	6	0	10	4	2	12	1128	3284
13	13	7	7	8	2	2	8	5	15	15	5	0	0	10	10	9	14	3	4	12	1	6	11	1	12	11	6	4	3	14	9	11344	105
13	14	5	6	9	2	1	10	15	4	7	12	11	8	3	0	12	1	4	9	8	13	0	5	14	11	6	3	10	7	2	15	8225	3242
13	14	7	4	8	1	2	11	5	12	15	6	0	3	10	9	9	13	3	7	12	2	6	8	1	15	11	5	4	0	14	10	9301	20
13	15	5	7	9	3	1	11	15	5	7	13	11	9	3	1	12	0	4	8	8	12	0	4	14	10	6	2	10	6	2	14	3176	3092
13	15	7	5	8	0	2	10	5	13	15	7	0	2	10	8	9	12	3	6	12	3	6	9	1	14	11	4	4	1	14	11	8317	3648
14	0	4	10	11	15	1	5	6	2	12	8	3	13	9	7	10	3	0	9	15	12	5	6	2	1	8	11	7	14	13	4	11298	4203
14	0	6	8	10	12	2	4	12	10	4	2	8	6	0	14	15	15	7	7	11	3	3	11	13	5	5	13	9	9	1	1	3092	852
14	1	4	11	11	14	1	4	6	3	12	9	3	12	9	6	10	2	0	8	15	13	5	7	2	0	8	10	7	15	13	5	10410	4891
14	1	6	9	10	13	2	5	12	11	4	3	8	7	0	15	15	14	7	6	11	2	3	10	13	4	5	12	9	8	1	0	11476	4219
14	2	4	8	11	13	1	7	6	0	12	10	3	15	9	5	10	1	0	11	15	14	5	4	2	3	8	9	7	12	13	6	148	168
14	2	6	10	10	14	2	6	12	8	4	0	8	4	0	12	15	13	7	5	11	1	3	9	13	7	5	15	9	11	1	3	8282	4250
14	3	4	9	11	12	1	6	6	1	12	11	3	14	9	4	10	0	0	10	15	15	5	5	2	2	8	8	7	13	13	7	11366	5017
14	3	6	11	10	15	2	7	12	9	4	1	8	5	0	13	15	12	7	4	11	0	3	8	13	6	5	14	9	10	1	2	562	4913
14	4	4	14	11	11	1	1	6	6	12	12	3	9	9	3	10	7	0	13	15	8	5	2	2	5	8	15	7	10	13	0	84	23
14	4	6	12	10	8	2	0	12	14	4	6	8	2	0	10	15	11	7	3	11	7	3	15	13	1	5	9	9	13	1	5	562	5056
14	5	4	15	11	10	1	0	6	7	12	13	3	8	9	2	10	6	0	12	15	9	5	3	2	4	8	14	7	11	13	1	2218	0
14	5	6	13	10	9	2	1	12	15	4	7	8	3	0	11	15	10	7	2	11	6	3	14	13	0	5	8	9	12	1	4	3242	788
14	6	4	12	11	9	1	3	6	4	12	14	3	11	9	1	10	5	0	15	15	10	5	0	2	7	8	13	7	8	13	2	9306	0
14	6	6	14	10	10	2	2	12	12	4	4	8	0	0	8	15	9	7	1	11	5	3	13	13	3	5	11	9	15	1	7	662	4899
14	7	4	13	11	8	1	2	6	5	12	15	3	10	9	0	10	4	0	14	15	11	5	1	2	6	8	12	7	9	13	3	8224	296
14	7	6	15	10	11	2	3	12	13	4	5	8	1	0	9	15	8	7	0	11	4	3	12	13	2	5	10	9	14	1	6	744	5060
14	8	4	2	11	7	1	13	6	10	12	0	3	5	9	15	10	11	0	1	15	4	5	14	2	9	8	3	7	6	13	12	9386	215
14	8	6	0	10	4	2	12	12	2	4	10	8	14	0	6	15	7	7	15	11	11	3	3	13	13	5	5	9	1	1	9	616	3123
14	9	4	3	11	6	1	12	6	11	12	1	3	4	9	14	10	10	0	0	15	5	5	15	2	8	8	2	7	7	13	13	2218	8192
14	9	6	1	10	5	2	13	12	3	4	11	8	15	0	7	15	6	7	14	11	10	3	2	13	12	5	4	9	0	1	8	2774	11504
14	10	4	0	11	5	1	15	6	8	12	2	3	7	9	13	10	9	0	3	15	6	5	12	2	11	8	1	7	4	13	14	11378	9402
14	10	6	2	10	6	2	14	12	0	4	8	8	12	0	4	15	5	7	13	11	9	3	1	13	15	5	7	9	3	1	11	662	3304
14	11	4	1	11	4	1	14	6	9	12	3	3	6	9	12	10	8	0	2	15	7	5	13	2	10	8	0	7	5	13	15	11450	105
14	11	6	3	10	7	2	15	12	1	4	9	8	13	0	5	15	4	7	12	11	8	3	0	13	14	5	6	9	2	1	10	8442	11434
14	12	4	6	11	3	1	9	6	14	12	4	3	1	9	11	10	15	0	5	15	0	5	10	2	13	8	7	7	2	13	8	8192	2112
14	12	6	4	10	0	2	8	12	6	4	14	8	10	0	2	15	3	7	11	11	15	3	7	13	9	5	1	9	5	1	13	11468	1100
14	13	4	7	11	2	1	8	6	15	12	5	3	0	9	10	10	14	0	4	15	1	5	11	2	12	8	6	7	3	13	9	10922	8252
14	13	6	5	10	1	2	9	12	7	4	15	8	11	0	3	15	2	7	10	11	14	3	6	13	8	5	0	9	4	1	12	9862	11504
14	14	4	4	11	1	1	11	6	12	12	6	3	3	9	9	10	13	0	7	15	2	5	8	2	15	8	5	7	0	13	10	2218	8256
14	14	6	6	10	2	2	10	12	4	4	12	8	8	0	0	15	1	7	9	11	13	3	5	13	11	5	3	9	7	1	15	11348	8214
14	15	4	5	11	0	1	10	6	13	12	7	3	2	9	8	10	12	0	6	15	3	5	9	2	14	8	4	7	1	13	11	8192	2218
14	15	6	7	10	3	2	11	12	5	4	13	8	9	0	1	15	0	7	8	11	12	3	4	13	10	5	2	9	6	1	14	3092	3114
15	0	5	10	10	15	0	5	7	2	13	8	2	13	8	7	11	3	1	9	14	12	4	6	3	1	9	11	6	14	12	4	2218	4223
15	0	7	8	11	12	3	4	13	10	5	2	9	6	1	14	14	15	6	7	10	3	2	11	12	5	4	13	8	9	0	1	534	4914
15	1	5	11	10	14	0	4	7	3	13	9	2	12	8	6	11	2	1	8	14	13	4	7	3	0	9	10	6	15	12	5	42	23
15	1	7	9	11	13	3	5	13	11	5	3	9	7	1	15	14	14	6	6	10	2	2	10	12	4	4	12	8	8	0	0	8280	4906
15	2	5	8	10	13	0	7	7	0	13	10	2	15	8	5	11	1	1	11	14	14	4	4	3	3	9	9	6	12	12	6	8192	1920
15	2	7	10	11	14	3	6	13	8	5	0	9	4	1	12	14	13	6	5	10	1	2	9	12	7	4	15	8	11	0	3	11496	1202
15	3	5	9	10	12	0	6	7	1	13	11	2	14	8	4	11	0	1	10	14	15	4	5	3	2	9	8	6	13	12	7	8208	1922
15	3	7	11	11	15	3	7	13	9	5	1	9	5	1	13	14	12	6	4	10	0	2	8	12	6	4	14	8	10	0	2	11348	937
15	4	5	14	10	11	0	1	7	6	13	12	2	9	8	3	11	7	1	13	14	8	4	2	3	5	9	15	6	10	12	0	11346	150
15	4	7	12	11	8	3	0	13	14	5	6	9	2	1	10	14	11	6	3	10	7	2	15	12	1	4	9	8	13	0	5	1100	4883
15	5	5	15	10	10	0	0	7	7	13	13	2	8	8	2	11	6	1	12	14	9	4	3	3	4	9	14	6	11	12	1	2112	4096
15	5	7	13	11	9	3	1	13	15	5	7	9	3	1	11	14	10	6	2	10	6	2	14	12	0	4	8	8	12	0	4	3276	2966
15	6	5	12	10	9	0	3	7	4	13	14	2	11	8	1	11	5	1	15	14	10	4	0	3	7	9	13	6	8	12	2	2282	4096
15	6	7	14	11	10	3	2	13	12	5	4	9	0	1	8	14	9	6	1	10	5	2	13	12	3	4	11	8	15	0	7	9830	4096
15	7	5	13	10	8	0	2	7	5	13	15	2	10	8	0	11	4	1	14	14	11	4	1	3	6	9	12	6	9	12	3	11366	4974
15	7	7	15	11	11	3	3	13	13	5	5	9	1	1	9	14	8	6	0	10	4	2	12	12	2	4	10	8	14	0	6	8226	938
15	8	5	2	10	7	0	13	7	10	13	0	2	5	8	15	11	11	1	1	14	4	4	14	3	9	9	3	6	6	12	12	11418	8342
15	8	7	0	11	4	3	12	13	2	5	10	9	14	1	6	14	7	6	15	10	11	2	3	12	13	4	5	8	1	0	9	3114	3094
15	9	5	3	10	6	0	12	7	11	13	1	2	4	8	14	11	10	1	0	14	5	4	15	3	8	9	2	6	7	12	13	2282	8192
15	9	7	1	11	5	3	13	13	3	5	11	9	15	1	7	14	6	6	14	10	10	2	2	12	12	4	4	8	0	0	8	3306	3222
15	10	5	0	10	5	0	15	7	8	13	2	2	7	8	13	11	9	1	3	14	6	4	12	3	11	9	1	6	4	12	14	10874	8387
15	10	7	2	11	6	3	14	13	0	5	8	9	12	1	4	14	5	6	13	10	9	2	1	12	15	4	7	8	3	0	11	3276	3433
15	11	5	1	10	4	0	14	7	9	13	3	2	6	8	12	11	8	1	2	14	7	4	13	3	10	9	0	6	5	12	15	11482	11401
15	11	7	3	11	7	3	15	13	1	5	9	9	13	1	5	14	4	6	12	10	8	2	0	12	14	4	6	8	2	0	10	8424	3242
15	12	5	6	10	3	0	9	7	14	13	4	2	1	8	11	11	15	1	5	14	0	4	10	3	13	9	7	6	2	12	8	8208	3585
15	12	7	4	11	0	3	8	13	6	5	14	9	10	1	2	14	3	6	11	10	15	2	7	12	9	4	1	8	5	0	13	3084	3221
15	13	5	7	10	2	0	8	7	15	13	5	2	0	8	10	11	14	1	4	14	1	4	11	3	12	9	6	6	3	12	9	10868	8252
15	13	7	5	11	1	3	9	13	7	5	15	9	11	1	3	14	2	6	10	10	14	2	6	12	8	4	0	8	4	0	12	1100	11468
15	14	5	4	10	1	0	11	7	12	13	6	2	3	8	9	11	13	1	7	14	2	4	8	3	15	9	5	6	0	12	10	9242	8192
15	14	7	6	11	2	3	10	13	4	5	12	9	8	1	0	14	1	6	9	10	13	2	5	12	11	4	3	8	7	0	15	3114	3092
15	15	5	5	10	0	0	10	7	13	13	7	2	2	8	8	11	12	1	6	14	3	4	9	3	14	9	4	6	1	12	11	170	150
15	15	7	7	11	3	3	11	13	5	5	13	9	9	1	1	14	0	6	8	10	12	2	4	12	10	4	2	8	6	0	14	1174	11314
