0	0	8	8	4	12	12	4	2	10	10	2	6	6	14	14	1	15	9	7	5	3	13	11	3	5	11	13	7	9	15	1	616	4940
0	0	10	10	5	15	15	5	8	2	2	8	13	13	7	7	4	3	14	9	1	12	11	6	12	1	6	11	9	14	3	4	4921	4201
0	1	8	9	4	13	12	5	2	11	10	3	6	7	14	15	1	14	9	6	5	2	13	10	3	4	11	12	7	8	15	0	4101	4906
0	1	10	11	5	14	15	4	8	3	2	9	13	12	7	6	4	2	14	8	1	13	11	7	12	0	6	10	9	15	3	5	1620	4156
0	2	8	10	4	14	12	6	2	8	10	0	6	4	14	12	1	13	9	5	5	1	13	9	3	7	11	15	7	11	15	3	562	4915
0	2	10	8	5	13	15	7	8	0	2	10	13	15	7	5	4	1	14	11	1	14	11	4	12	3	6	9	9	12	3	6	1794	4286
0	3	8	11	4	15	12	7	2	9	10	1	6	5	14	13	1	12	9	4	5	0	13	8	3	6	11	14	7	10	15	2	562	4876
0	3	10	9	5	12	15	6	8	1	2	11	13	14	7	4	4	0	14	10	1	15	11	5	12	2	6	8	9	13	3	7	1792	4097
0	4	8	12	4	8	12	0	2	14	10	6	6	2	14	10	1	11	9	3	5	7	13	15	3	1	11	9	7	13	15	5	4096	2710
0	4	10	14	5	11	15	1	8	6	2	12	13	9	7	3	4	7	14	13	1	8	11	2	12	5	6	15	9	10	3	0	1792	4104
0	5	8	13	4	9	12	1	2	15	10	7	6	3	14	11	1	10	9	2	5	6	13	14	3	0	11	8	7	12	15	4	4097	4502
0	5	10	15	5	10	15	0	8	7	2	13	13	8	7	2	4	6	14	12	1	9	11	3	12	4	6	14	9	11	3	1	1578	4291
0	6	8	14	4	10	12	2	2	12	10	4	6	0	14	8	1	9	9	1	5	5	13	13	3	3	11	11	7	15	15	7	853	4164
0	6	10	12	5	9	15	3	8	4	2	14	13	11	7	1	4	5	14	15	1	10	11	0	12	7	6	13	9	8	3	2	104	42
0	7	8	15	4	11	12	3	2	13	10	5	6	1	14	9	1	8	9	0	5	4	13	12	3	2	11	10	7	14	15	6	4101	5034
0	7	10	13	5	8	15	2	8	5	2	15	13	10	7	0	4	4	14	14	1	11	11	1	12	6	6	12	9	9	3	3	1834	4096
0	8	8	0	4	4	12	12	2	2	10	10	6	14	14	6	1	7	9	15	5	11	13	3	3	13	11	5	7	1	15	9	4101	11349
0	8	10	2	5	7	15	13	8	10	2	0	13	5	7	15	4	11	14	1	1	4	11	14	12	9	6	3	9	6	3	12	4934	11382
0	9	8	1	4	5	12	13	2	3	10	11	6	15	14	7	1	6	9	14	5	10	13	2	3	12	11	4	7	0	15	8	1128	11476
0	9	10	3	5	6	15	12	8	11	2	1	13	4	7	14	4	10	14	0	1	5	11	15	12	8	6	2	9	7	3	13	1621	11315
0	10	8	2	4	6	12	14	2	0	10	8	6	12	14	4	1	5	9	13	5	9	13	1	3	15	11	7	7	3	15	11	4097	10345
0	10	10	0	5	5	15	15	8	8	2	2	13	7	7	13	4	9	14	3	1	6	11	12	12	11	6	1	9	4	3	14	1578	8387
0	11	8	3	4	7	12	15	2	1	10	9	6	13	14	5	1	4	9	12	5	8	13	0	3	14	11	6	7	2	15	10	4096	10649
0	11	10	1	5	4	15	14	8	9	2	3	13	6	7	12	4	8	14	2	1	7	11	13	12	10	6	0	9	5	3	15	1792	8208
0	12	8	4	4	0	12	8	2	6	10	14	6	10	14	2	1	3	9	11	5	15	13	7	3	9	11	1	7	5	15	13	562	11312
0	12	10	6	5	3	15	9	8	14	2	4	13	1	7	11	4	15	14	5	1	0	11	10	12	13	6	7	9	2	3	8	22	104
0	13	8	5	4	1	12	9	2	7	10	15	6	11	14	3	1	2	9	10	5	14	13	6	3	8	11	0	7	4	15	12	562	11468
0	13	10	7	5	2	15	8	8	15	2	5	13	0	7	10	4	14	14	4	1	1	11	11	12	12	6	6	9	3	3	9	1917	8444
0	14	8	6	4	2	12	10	2	4	10	12	6	8	14	0	1	1	9	9	5	13	13	5	3	11	11	3	7	7	15	15	1387	11504
0	14	10	4	5	1	15	11	8	12	2	6	13	3	7	9	4	13	14	7	1	2	11	8	12	15	6	5	9	0	3	10	1620	8252
0	15	8	7	4	3	12	11	2	5	10	13	6	9	14	1	1	0	9	8	5	12	13	4	3	10	11	2	7	6	15	14	4101	11434
0	15	10	5	5	0	15	10	8	13	2	7	13	2	7	8	4	12	14	6	1	3	11	9	12	14	6	4	9	1	3	11	1877	8256
1	0	9	8	5	12	13	4	3	10	11	2	7	6	15	14	0	15	8	7	4	3	12	11	2	5	10	13	6	9	14	1	534	4940
1	0	11	10	4	15	14	5	9	2	3	8	12	13	6	7	5	3	15	9	0	12	10	6	13	1	7	11	8	14	2	4	296	4223
1	1	9	9	5	13	13	5	3	11	11	3	7	7	15	15	0	14	8	6	4	2	12	10	2	4	10	12	6	8	14	0	4132	4133
1	1	11	11	4	14	14	4	9	3	3	9	12	12	6	6	5	2	15	8	0	13	10	7	13	0	7	10	8	15	2	5	1879	4221
1	2	9	10	5	14	13	6	3	8	11	0	7	4	15	12	0	13	8	5	4	1	12	9	2	7	10	15	6	11	14	3	589	5043
1	2	11	8	4	13	14	7	9	0	3	10	12	15	6	5	5	1	15	11	0	14	10	4	13	3	7	9	8	12	2	6	1578	4156
1	3	9	11	5	15	13	7	3	9	11	1	7	5	15	13	0	12	8	4	4	0	12	8	2	6	10	14	6	10	14	2	4178	4906
1	3	11	9	4	12	14	6	9	1	3	11	12	14	6	4	5	0	15	10	0	15	10	5	13	2	7	8	8	13	2	7	1917	4097
1	4	9	12	5	8	13	0	3	14	11	6	7	2	15	10	0	11	8	3	4	7	12	15	2	1	10	9	6	13	14	5	588	4883
1	4	11	14	4	11	14	1	9	6	3	12	12	9	6	3	5	7	15	13	0	8	10	2	13	5	7	15	8	10	2	0	40	22
1	5	9	13	5	9	13	1	3	15	11	7	7	3	15	11	0	10	8	2	4	6	12	14	2	0	10	8	6	12	14	4	1046	791
1	5	11	15	4	10	14	0	9	7	3	13	12	8	6	2	5	6	15	12	0	9	10	3	13	4	7	14	8	11	2	1	1792	4319
1	6	9	14	5	10	13	2	3	12	11	4	7	0	15	8	0	9	8	1	4	5	12	13	2	3	10	11	6	15	14	7	1128	4899
1	6	11	12	4	9	14	3	9	4	3	14	12	11	6	1	5	5	15	15	0	10	10	0	13	7	7	13	8	8	2	2	1620	4291
1	7	9	15	5	11	13	3	3	13	11	5	7	1	15	9	0	8	8	0	4	4	12	12	2	2	10	10	6	14	14	6	534	4899
1	7	11	13	4	8	14	2	9	5	3	15	12	10	6	0	5	4	15	14	0	11	10	1	13	6	7	12	8	9	2	3	1832	4100
1	8	9	0	5	4	13	12	3	2	11	10	7	14	15	6	0	7	8	15	4	11	12	3	2	13	10	5	6	1	14	9	4133	3157
1	8	11	2	4	7	14	13	9	10	3	0	12	5	6	15	5	11	15	1	0	4	10	14	13	9	7	3	8	6	2	12	1832	8224
1	9	9	1	5	5	13	13	3	3	11	11	7	15	15	7	0	6	8	14	4	10	12	2	2	12	10	4	6	0	14	8	808	3251
1	9	11	3	4	6	14	12	9	11	3	1	12	4	6	14	5	10	15	0	0	5	10	15	13	8	7	2	8	7	2	13	1620	8387
1	10	9	2	5	6	13	14	3	0	11	8	7	12	15	4	0	5	8	13	4	9	12	1	2	15	10	7	6	3	14	11	4949	8410
1	10	11	0	4	5	14	15	9	8	3	2	12	7	6	13	5	9	15	3	0	6	10	12	13	11	7	1	8	4	2	14	1792	8443
1	11	9	3	5	7	13	15	3	1	11	9	7	13	15	5	0	4	8	12	4	8	12	0	2	14	10	6	6	2	14	10	5225	3115
1	11	11	1	4	4	14	14	9	9	3	3	12	6	6	12	5	8	15	2	0	7	10	13	13	10	7	0	8	5	2	15	1877	0
1	12	9	4	5	0	13	8	3	6	11	14	7	10	15	2	0	3	8	11	4	15	12	7	2	9	10	1	6	5	14	13	4182	8229
1	12	11	6	4	3	14	9	9	14	3	4	12	1	6	11	5	15	15	5	0	0	10	10	13	13	7	7	8	2	2	8	1917	8320
1	13	9	5	5	1	13	9	3	7	11	15	7	11	15	3	0	2	8	10	4	14	12	6	2	8	10	0	6	4	14	12	881	8281
1	13	11	7	4	2	14	8	9	15	3	5	12	0	6	10	5	14	15	4	0	1	10	11	13	12	7	6	8	3	2	9	1917	8317
1	14	9	6	5	2	13	10	3	4	11	12	7	8	15	0	0	1	8	9	4	13	12	5	2	11	10	3	6	7	14	15	872	3092
1	14	11	4	4	1	14	11	9	12	3	6	12	3	6	9	5	13	15	7	0	2	10	8	13	15	7	5	8	0	2	10	1877	8446
1	15	9	7	5	3	13	11	3	5	11	13	7	9	15	1	0	0	8	8	4	12	12	4	2	10	10	2	6	6	14	14	4218	11434
1	15	11	5	4	0	14	10	9	13	3	7	12	2	6	8	5	12	15	6	0	3	10	9	13	14	7	4	8	1	2	11	1832	8256
2	0	8	10	7	15	13	5	10	2	0	8	15	13	5	7	6	3	12	9	3	12	9	6	14	1	4	11	11	14	1	4	1792	4128
2	0	10	8	6	12	14	4	0	10	8	2	4	6	12	14	3	15	11	7	7	3	15	11	1	5	9	13	5	9	13	1	789	808
2	1	8	11	7	14	13	4	10	3	0	9	15	12	5	6	6	2	12	8	3	13	9	7	14	0	4	10	11	15	1	5	4096	258
2	1	10	9	6	13	14	5	0	11	8	3	4	7	12	15	3	14	11	6	7	2	15	10	1	4	9	12	5	8	13	0	4233	853
2	2	8	8	7	13	13	7	10	0	0	10	15	15	5	5	6	1	12	11	3	14	9	4	14	3	4	9	11	12	1	6	41	4114
2	2	10	10	6	14	14	6	0	8	8	0	4	4	12	12	3	13	11	5	7	1	15	9	1	7	9	15	5	11	13	3	780	937
2	3	8	9	7	12	13	6	10	1	0	11	15	14	5	4	6	0	12	10	3	15	9	5	14	2	4	8	11	13	1	7	131	169
2	3	10	11	6	15	14	7	0	9	8	1	4	5	12	13	3	12	11	4	7	0	15	8	1	6	9	14	5	10	13	2	936	918
2	4	8	14	7	11	13	1	10	6	0	12	15	9	5	3	6	7	12	13	3	8	9	2	14	5	4	15	11	10	1	0	1707	4291
2	4	10	12	6	8	14	0	0	14	8	6	4	2	12	10	3	11	11	3	7	7	15	15	1	1	9	9	5	13	13	5	4915	4504
2	5	8	15	7	10	13	0	10	7	0	13	15	8	5	2	6	6	12	12	3	9	9	3	14	4	4	14	11	11	1	1	4096	343
2	5	10	13	6	9	14	1	0	15	8	7	4	3	12	11	3	10	11	2	7	6	15	14	1	0	9	8	5	12	13	4	4261	4250
2	6	8	12	7	9	13	3	10	4	0	14	15	11	5	1	6	5	12	15	3	10	9	0	14	7	4	13	11	8	1	2	4096	258
2	6	10	14	6	10	14	2	0	12	8	4	4	0	12	8	3	9	11	1	7	5	15	13	1	3	9	11	5	15	13	7	789	872
2	7	8	13	7	8	13	2	10	5	0	15	15	10	5	0	6	4	12	14	3	11	9	1	14	6	4	12	11	9	1	3	1578	4291
2	7	10	15	6	11	14	3	0	13	8	5	4	1	12	9	3	8	11	0	7	4	15	12	1	2	9	10	5	14	13	6	4879	6535
2	8	8	2	7	7	13	13	10	10	0	0	15	5	5	15	6	11	12	1	3	4	9	14	14	9	4	3	11	6	1	12	1578	8387
2	8	10	0	6	4	14	12	0	2	8	10	4	14	12	6	3	7	11	15	7	11	15	3	1	13	9	5	5	1	13	9	1074	11312
2	9	8	3	7	6	13	12	10	11	0	1	15	4	5	14	6	10	12	0	3	5	9	15	14	8	4	2	11	7	1	13	4096	2112
2	9	10	1	6	5	14	13	0	3	8	11	4	15	12	7	3	6	11	14	7	10	15	2	1	12	9	4	5	0	13	8	939	11333
2	10	8	0	7	5	13	15	10	8	0	2	15	7	5	13	6	9	12	3	3	6	9	12	14	11	4	1	11	4	1	14	4096	2282
2	10	10	2	6	6	14	14	0	0	8	8	4	12	12	4	3	5	11	13	7	9	15	1	1	15	9	7	5	3	13	11	5035	8225
2	11	8	1	7	4	13	14	10	9	0	3	15	6	5	12	6	8	12	2	3	7	9	13	14	10	4	0	11	5	1	15	1707	8387
2	11	10	3	6	7	14	15	0	1	8	9	4	13	12	5	3	4	11	12	7	8	15	0	1	14	9	6	5	2	13	10	4915	10265
2	12	8	6	7	3	13	9	10	14	0	4	15	1	5	11	6	15	12	5	3	0	9	10	14	13	4	7	11	2	1	8	20	9301
2	12	10	4	6	0	14	8	0	6	8	14	4	10	12	2	3	3	11	11	7	15	15	7	1	9	9	1	5	5	13	13	6034	8228
2	13	8	7	7	2	13	8	10	15	0	5	15	0	5	10	6	14	12	4	3	1	9	11	14	12	4	6	11	3	1	9	4096	2069
2	13	10	5	6	1	14	9	0	7	8	15	4	11	12	3	3	2	11	10	7	14	15	6	1	8	9	0	5	4	13	12	4101	11333
2	14	8	4	7	1	13	11	10	12	0	6	15	3	5	9	6	13	12	7	3	2	9	8	14	15	4	5	11	0	1	10	4096	2112
2	14	10	6	6	2	14	10	0	4	8	12	4	8	12	0	3	1	11	9	7	13	15	5	1	11	9	3	5	7	13	15	691	11496
2	15	8	5	7	0	13	10	10	13	0	7	15	2	5	8	6	12	12	6	3	3	9	9	14	14	4	4	11	1	1	11	1792	8196
2	15	10	7	6	3	14	11	0	5	8	13	4	9	12	1	3	0	11	8	7	12	15	4	1	10	9	2	5	6	13	14	4876	562
3	0	9	10	6	15	12	5	11	2	1	8	14	13	4	7	7	3	13	9	2	12	8	6	15	1	5	11	10	14	0	4	1578	4156
3	0	11	8	7	12	15	4	1	10	9	2	5	6	13	14	2	15	10	7	6	3	14	11	0	5	8	13	4	9	12	1	780	874
3	1	9	11	6	14	12	4	11	3	1	9	14	12	4	6	7	2	13	8	2	13	8	7	15	0	5	10	10	15	0	5	4096	1919
3	1	11	9	7	13	15	5	1	11	9	3	5	7	13	15	2	14	10	6	6	2	14	10	0	4	8	12	4	8	12	0	4097	4457
3	2	9	8	6	13	12	7	11	0	1	10	14	15	4	5	7	1	13	11	2	14	8	4	15	3	5	9	10	12	0	6	4096	1834
3	2	11	10	7	14	15	6	1	8	9	0	5	4	13	12	2	13	10	5	6	1	14	9	0	7	8	15	4	11	12	3	917	808
3	3	9	9	6	12	12	6	11	1	1	11	14	14	4	4	7	0	13	10	2	15	8	5	15	2	5	8	10	13	0	7	1707	4156
3	3	11	11	7	15	15	7	1	9	9	1	5	5	13	13	2	12	10	4	6	0	14	8	0	6	8	14	4	10	12	2	791	5270
3	4	9	14	6	11	12	1	11	6	1	12	14	9	4	3	7	7	13	13	2	8	8	2	15	5	5	15	10	10	0	0	1832	4224
3	4	11	12	7	8	15	0	1	14	9	6	5	2	13	10	2	11	10	3	6	7	14	15	0	1	8	9	4	13	12	5	791	2964
3	5	9	15	6	10	12	0	11	7	1	13	14	8	4	2	7	6	13	12	2	9	8	3	15	4	5	14	10	11	0	1	4096	2112
3	5	11	13	7	9	15	1	1	15	9	7	5	3	13	11	2	10	10	2	6	6	14	14	0	0	8	8	4	12	12	4	4758	4315
3	6	9	12	6	9	12	3	11	4	1	14	14	11	4	1	7	5	13	15	2	10	8	0	15	7	5	13	10	8	0	2	4096	2282
3	6	11	14	7	10	15	2	1	12	9	4	5	0	13	8	2	9	10	1	6	5	14	13	0	3	8	11	4	15	12	7	4233	4133
3	7	9	13	6	8	12	2	11	5	1	15	14	10	4	0	7	4	13	14	2	11	8	1	15	6	5	12	10	9	0	3	1706	5068
3	7	11	15	7	11	15	3	1	13	9	5	5	1	13	9	2	8	10	0	6	4	14	12	0	2	8	10	4	14	12	6	5043	2857
3	8	9	2	6	7	12	13	11	10	1	0	14	5	4	15	7	11	13	1	2	4	8	14	15	9	5	3	10	6	0	12	1706	11315
3	8	11	0	7	4	15	12	1	2	9	10	5	14	13	6	2	7	10	15	6	11	14	3	0	13	8	5	4	1	12	9	5654	11504
3	9	9	3	6	6	12	12	11	11	1	1	14	4	4	14	7	10	13	0	2	5	8	15	15	8	5	2	10	7	0	13	2	86
3	9	11	1	7	5	15	13	1	3	9	11	5	15	13	7	2	6	10	14	6	10	14	2	0	12	8	4	4	0	12	8	788	3156
3	10	9	0	6	5	12	15	11	8	1	2	14	7	4	13	7	9	13	3	2	6	8	12	15	11	5	1	10	4	0	14	4096	8530
3	10	11	2	7	6	15	14	1	0	9	8	5	12	13	4	2	5	10	13	6	9	14	1	0	15	8	7	4	3	12	11	663	11443
3	11	9	1	6	4	12	14	11	9	1	3	14	6	4	12	7	8	13	2	2	7	8	13	15	10	5	0	10	5	0	15	1832	8193
3	11	11	3	7	7	15	15	1	1	9	9	5	13	13	5	2	4	10	12	6	8	14	0	0	14	8	6	4	2	12	10	4887	3441
3	12	9	6	6	3	12	9	11	14	1	4	14	1	4	11	7	15	13	5	2	0	8	10	15	13	5	7	10	2	0	8	1707	8252
3	12	11	4	7	0	15	8	1	6	9	14	5	10	13	2	2	3	10	11	6	15	14	7	0	9	8	1	4	5	12	13	1047	3284
3	13	9	7	6	2	12	8	11	15	1	5	14	0	4	10	7	14	13	4	2	1	8	11	15	12	5	6	10	3	0	9	4096	3668
3	13	11	5	7	1	15	9	1	7	9	15	5	11	13	3	2	2	10	10	6	14	14	6	0	8	8	0	4	4	12	12	534	11476
3	14	9	4	6	1	12	11	11	12	1	6	14	3	4	9	7	13	13	7	2	2	8	8	15	15	5	5	10	0	0	10	4096	3838
3	14	11	6	7	2	15	10	1	4	9	12	5	8	13	0	2	1	10	9	6	13	14	5	0	11	8	3	4	7	12	15	4097	10390
3	15	9	5	6	0	12	10	11	13	1	7	14	2	4	8	7	12	13	6	2	3	8	9	15	14	5	4	10	1	0	11	1578	8252
3	15	11	7	7	3	15	11	1	5	9	13	5	9	13	1	2	0	10	8	6	12	14	4	0	10	8	2	4	6	12	14	936	3092
4	0	12	8	0	12	8	4	6	10	14	2	2	6	10	14	5	15	13	7	1	3	9	11	7	5	15	13	3	9	11	1	983	790
4	0	14	10	1	15	11	5	12	2	6	8	9	13	3	7	0	3	10	9	5	12	15	6	8	1	2	11	13	14	7	4	85	23
4	1	12	9	0	13	8	5	6	11	14	3	2	7	10	15	5	14	13	6	1	2	9	10	7	4	15	12	3	8	11	0	4178	4949
4	1	14	11	1	14	11	4	12	3	6	9	9	12	3	6	0	2	10	8	5	13	15	7	8	0	2	10	13	15	7	5	4096	1919
4	2	12	10	0	14	8	6	6	8	14	0	2	4	10	12	5	13	13	5	1	1	9	9	7	7	15	15	3	11	11	3	4105	5034
4	2	14	8	1	13	11	7	12	0	6	10	9	15	3	5	0	1	10	11	5	14	15	4	8	3	2	9	13	12	7	6	4096	1834
4	3	12	11	0	15	8	7	6	9	14	1	2	5	10	13	5	12	13	4	1	0	9	8	7	6	15	14	3	10	11	2	2956	4883
4	3	14	9	1	12	11	6	12	1	6	11	9	14	3	4	0	0	10	10	5	15	15	5	8	2	2	8	13	13	7	7	2048	4128
4	4	12	12	0	8	8	0	6	14	14	6	2	2	10	10	5	11	13	3	1	7	9	15	7	1	15	9	3	13	11	5	2774	4879
4	4	14	14	1	11	11	1	12	6	6	12	9	9	3	3	0	7	10	13	5	8	15	2	8	5	2	15	13	10	7	0	2325	4291
4	5	12	13	0	9	8	1	6	15	14	7	2	3	10	11	5	10	13	2	1	6	9	14	7	0	15	8	3	12	11	4	534	5076
4	5	14	15	1	10	11	0	12	7	6	13	9	8	3	2	0	6	10	12	5	9	15	3	8	4	2	14	13	11	7	1	4096	2112
4	6	12	14	0	10	8	2	6	12	14	4	2	0	10	8	5	9	13	1	1	5	9	13	7	3	15	11	3	15	11	7	789	808
4	6	14	12	1	9	11	3	12	4	6	14	9	11	3	1	0	5	10	15	5	10	15	0	8	7	2	13	13	8	7	2	4096	2282
4	7	12	15	0	11	8	3	6	13	14	5	2	1	10	9	5	8	13	0	1	4	9	12	7	2	15	10	3	14	11	6	972	2921
4	7	14	13	1	8	11	2	12	5	6	15	9	10	3	0	0	4	10	14	5	11	15	1	8	6	2	12	13	9	7	3	4096	2282
4	8	12	0	0	4	8	12	6	2	14	10	2	14	10	6	5	7	13	15	1	11	9	3	7	13	15	5	3	1	11	9	853	3222
4	8	14	2	1	7	11	13	12	10	6	0	9	5	3	15	0	11	10	1	5	4	15	14	8	9	2	3	13	6	7	12	4242	86
4	9	12	1	0	5	8	13	6	3	14	11	2	15	10	7	5	6	13	14	1	10	9	2	7	12	15	4	3	0	11	8	5060	3476
4	9	14	3	1	6	11	12	12	11	6	1	9	4	3	14	0	10	10	0	5	5	15	15	8	8	2	2	13	7	7	13	4096	341
4	10	12	2	0	6	8	14	6	0	14	8	2	12	10	4	5	5	13	13	1	9	9	1	7	15	15	7	3	3	11	11	4370	3115
4	10	14	0	1	5	11	15	12	8	6	2	9	7	3	13	0	9	10	3	5	6	15	12	8	11	2	1	13	4	7	14	4096	258
4	11	12	3	0	7	8	15	6	1	14	9	2	13	10	5	5	4	13	12	1	8	9	0	7	14	15	6	3	2	11	10	6366	11377
4	11	14	1	1	4	11	14	12	9	6	3	9	6	3	12	0	8	10	2	5	7	15	13	8	10	2	0	13	5	7	15	2048	8194
4	12	12	4	0	0	8	8	6	6	14	14	2	10	10	2	5	3	13	11	1	15	9	7	7	9	15	1	3	5	11	13	2956	11464
4	12	14	6	1	3	11	9	12	14	6	4	9	1	3	11	0	15	10	5	5	0	15	10	8	13	2	7	13	2	7	8	6749	8252
4	13	12	5	0	1	8	9	6	7	14	15	2	11	10	3	5	2	13	10	1	14	9	6	7	8	15	0	3	4	11	12	4096	9881
4	13	14	7	1	2	11	8	12	15	6	5	9	0	3	10	0	14	10	4	5	1	15	11	8	12	2	6	13	3	7	9	192	169
4	14	12	6	0	2	8	10	6	4	14	12	2	8	10	0	5	1	13	9	1	13	9	5	7	11	15	3	3	7	11	15	4178	11434
4	14	14	4	1	1	11	11	12	12	6	6	9	3	3	9	0	13	10	7	5	2	15	8	8	15	2	5	13	0	7	10	4096	3838
4	15	12	7	0	3	8	11	6	5	14	13	2	9	10	1	5	0	13	8	1	12	9	4	7	10	15	2	3	6	11	14	2966	11468
4	15	14	5	1	0	11	10	12	13	6	7	9	2	3	8	0	12	10	6	5	3	15	9	8	14	2	4	13	1	7	11	2389	11468
5	0	13	8	1	12	9	4	7	10	15	2	3	6	11	14	4	15	12	7	0	3	8	11	6	5	14	13	2	9	10	1	2711	4879
5	0	15	10	0	15	10	5	13	2	7	8	8	13	2	7	1	3	11	9	4	12	14	6	9	1	3	11	12	14	6	4	2068	4112
5	1	13	9	1	13	9	5	7	11	15	3	3	7	11	15	4	14	12	6	0	2	8	10	6	4	14	12	2	8	10	0	4096	5734
5	1	15	11	0	14	10	4	13	3	7	9	8	12	2	6	1	2	11	8	4	13	14	7	9	0	3	10	12	15	6	5	4096	258
5	2	13	10	1	14	9	6	7	8	15	0	3	4	11	12	4	13	12	5	0	1	8	9	6	7	14	15	2	11	10	3	855	938
5	2	15	8	0	13	10	7	13	0	7	10	8	15	2	5	1	1	11	11	4	14	14	4	9	3	3	9	12	12	6	6	4096	426
5	3	13	11	1	15	9	7	7	9	15	1	3	5	11	13	4	12	12	4	0	0	8	8	6	6	14	14	2	10	10	2	847	917
5	3	15	9	0	12	10	6	13	1	7	11	8	14	2	4	1	0	11	10	4	15	14	5	9	2	3	8	12	13	6	7	2048	4104
5	4	13	12	1	8	9	0	7	14	15	6	3	2	11	10	4	11	12	3	0	7	8	15	6	1	14	9	2	13	10	5	853	788
5	4	15	14	0	11	10	1	13	6	7	12	8	9	2	3	1	7	11	13	4	8	14	2	9	5	3	15	12	10	6	0	2048	4097
5	5	13	13	1	9	9	1	7	15	15	7	3	3	11	11	4	10	12	2	0	6	8	14	6	0	14	8	2	12	10	4	4101	4949
5	5	15	15	0	10	10	0	13	7	7	13	8	8	2	2	1	6	11	12	4	9	14	3	9	4	3	14	12	11	6	1	213	4116
5	6	13	14	1	10	9	2	7	12	15	4	3	0	11	8	4	9	12	1	0	5	8	13	6	3	14	11	2	15	10	7	918	810
5	6	15	12	0	9	10	3	13	4	7	14	8	11	2	1	1	5	11	15	4	10	14	0	9	7	3	13	12	8	6	2	4096	258
5	7	13	15	1	11	9	3	7	13	15	5	3	1	11	9	4	8	12	0	0	4	8	12	6	2	14	10	2	14	10	6	2964	4940
5	7	15	13	0	8	10	2	13	5	7	15	8	10	2	0	1	4	11	14	4	11	14	1	9	6	3	12	12	9	6	3	2068	4224
5	8	13	0	1	4	9	12	7	2	15	10	3	14	11	6	4	7	12	15	0	11	8	3	6	13	14	5	2	1	10	9	4876	1074
5	8	15	2	0	7	10	13	13	10	7	0	8	5	2	15	1	11	11	1	4	4	14	14	9	9	3	3	12	6	6	12	2068	8193
5	9	13	1	1	5	9	13	7	3	15	11	3	15	11	7	4	6	12	14	0	10	8	2	6	12	14	4	2	0	10	8	908	3158
5	9	15	3	0	6	10	12	13	11	7	1	8	4	2	14	1	10	11	0	4	5	14	15	9	8	3	2	12	7	6	13	341	0
5	10	13	2	1	6	9	14	7	0	15	8	3	12	11	4	4	5	12	13	0	9	8	1	6	15	14	7	2	3	10	11	534	11299
5	10	15	0	0	5	10	15	13	8	7	2	8	7	2	13	1	9	11	3	4	6	14	12	9	11	3	1	12	4	6	14	4096	2218
5	11	13	3	1	7	9	15	7	1	15	9	3	13	11	5	4	4	12	12	0	8	8	0	6	14	14	6	2	2	10	10	854	3120
5	11	15	1	0	4	10	14	13	9	7	3	8	6	2	12	1	8	11	2	4	7	14	13	9	10	3	0	12	5	6	15	2112	8192
5	12	13	4	1	0	9	8	7	6	15	14	3	10	11	2	4	3	12	11	0	15	8	7	6	9	14	1	2	5	10	13	2774	11504
5	12	15	6	0	3	10	9	13	14	7	4	8	1	2	11	1	15	11	5	4	0	14	10	9	13	3	7	12	2	6	8	2048	8208
5	13	13	5	1	1	9	9	7	7	15	15	3	11	11	3	4	2	12	10	0	14	8	6	6	8	14	0	2	4	10	12	4251	8356
5	13	15	7	0	2	10	8	13	15	7	5	8	0	2	10	1	14	11	4	4	1	14	11	9	12	3	6	12	3	6	9	214	8264
5	14	13	6	1	2	9	10	7	4	15	12	3	8	11	0	4	1	12	9	0	13	8	5	6	11	14	3	2	7	10	15	716	11404
5	14	15	4	0	1	10	11	13	12	7	6	8	3	2	9	1	13	11	7	4	2	14	8	9	15	3	5	12	0	6	10	4096	2112
5	15	13	7	1	3	9	11	7	5	15	13	3	9	11	1	4	0	12	8	0	12	8	4	6	10	14	2	2	6	10	14	2711	11504
5	15	15	5	0	0	10	10	13	13	7	7	8	2	2	8	1	12	11	6	4	3	14	9	9	14	3	4	12	1	6	11	2068	8200
6	0	12	10	3	15	9	5	14	2	4	8	11	13	1	7	2	3	8	9	7	12	13	6	10	1	0	11	15	14	5	4	2048	4097
6	0	14	8	2	12	10	4	4	10	12	2	0	6	8	14	7	15	15	7	3	3	11	11	5	5	13	13	1	9	9	1	873	4186
6	1	12	11	3	14	9	4	14	3	4	9	11	12	1	6	2	2	8	8	7	13	13	7	10	0	0	10	15	15	5	5	2538	4156
6	1	14	9	2	13	10	5	4	11	12	3	0	7	8	15	7	14	15	6	3	2	11	10	5	4	13	12	1	8	9	0	2601	4879
6	2	12	8	3	13	9	7	14	0	4	10	11	15	1	5	2	1	8	11	7	14	13	4	10	3	0	9	15	12	5	6	232	168
6	2	14	10	2	14	10	6	4	8	12	0	0	4	8	12	7	13	15	5	3	1	11	9	5	7	13	15	1	11	9	3	2664	4879
6	3	12	9	3	12	9	6	14	1	4	11	11	14	1	4	2	0	8	10	7	15	13	5	10	2	0	8	15	13	5	7	4096	258
6	3	14	11	2	15	10	7	4	9	12	1	0	5	8	13	7	12	15	4	3	0	11	8	5	6	13	14	1	10	9	2	810	810
6	4	12	14	3	11	9	1	14	6	4	12	11	9	1	3	2	7	8	13	7	8	13	2	10	5	0	15	15	10	5	0	2218	4096
6	4	14	12	2	8	10	0	4	14	12	6	0	2	8	10	7	11	15	3	3	7	11	15	5	1	13	9	1	13	9	5	4233	4314
6	5	12	15	3	10	9	0	14	7	4	13	11	8	1	2	2	6	8	12	7	9	13	3	10	4	0	14	15	11	5	1	232	85
6	5	14	13	2	9	10	1	4	15	12	7	0	3	8	11	7	10	15	2	3	6	11	14	5	0	13	8	1	12	9	4	1000	4502
6	6	12	12	3	9	9	3	14	4	4	14	11	11	1	1	2	5	8	15	7	10	13	0	10	7	0	13	15	8	5	2	4096	4775
6	6	14	14	2	10	10	2	4	12	12	4	0	0	8	8	7	9	15	1	3	5	11	13	5	3	13	11	1	15	9	7	4879	6445
6	7	12	13	3	8	9	2	14	5	4	15	11	10	1	0	2	4	8	14	7	11	13	1	10	6	0	12	15	9	5	3	4096	424
6	7	14	15	2	11	10	3	4	13	12	5	0	1	8	9	7	8	15	0	3	4	11	12	5	2	13	10	1	14	9	6	3020	5064
6	8	12	2	3	7	9	13	14	10	4	0	11	5	1	15	2	11	8	1	7	4	13	14	10	9	0	3	15	6	5	12	4096	2069
6	8	14	0	2	4	10	12	4	2	12	10	0	14	8	6	7	7	15	15	3	11	11	3	5	13	13	5	1	1	9	9	4229	11348
6	9	12	3	3	6	9	12	14	11	4	1	11	4	1	14	2	10	8	0	7	5	13	15	10	8	0	2	15	7	5	13	4096	2069
6	9	14	1	2	5	10	13	4	3	12	11	0	15	8	7	7	6	15	14	3	10	11	2	5	12	13	4	1	0	9	8	616	11314
6	10	12	0	3	5	9	15	14	8	4	2	11	7	1	13	2	9	8	3	7	6	13	12	10	11	0	1	15	4	5	14	2474	11315
6	10	14	2	2	6	10	14	4	0	12	8	0	12	8	4	7	5	15	13	3	9	11	1	5	15	13	7	1	3	9	11	5026	8297
6	11	12	1	3	4	9	14	14	9	4	3	11	6	1	12	2	8	8	2	7	7	13	13	10	10	0	0	15	5	5	15	232	64
6	11	14	3	2	7	10	15	4	1	12	9	0	13	8	5	7	4	15	12	3	8	11	0	5	14	13	6	1	2	9	10	4906	3178
6	12	12	6	3	3	9	9	14	14	4	4	11	1	1	11	2	15	8	5	7	0	13	10	10	13	0	7	15	2	5	8	2218	8256
6	12	14	4	2	0	10	8	4	6	12	14	0	10	8	2	7	3	15	11	3	15	11	7	5	9	13	1	1	5	9	13	2857	11340
6	13	12	7	3	2	9	8	14	15	4	5	11	0	1	10	2	14	8	4	7	1	13	11	10	12	0	6	15	3	5	9	2472	8252
6	13	14	5	2	1	10	9	4	7	12	15	0	11	8	3	7	2	15	10	3	14	11	6	5	8	13	0	1	4	9	12	4450	3276
6	14	12	4	3	1	9	11	14	12	4	6	11	3	1	9	2	13	8	7	7	2	13	8	10	15	0	5	15	0	5	10	235	3754
6	14	14	6	2	2	10	10	4	4	12	12	0	8	8	0	7	1	15	9	3	13	11	5	5	11	13	3	1	7	9	15	874	11332
6	15	12	5	3	0	9	10	14	13	4	7	11	2	1	8	2	12	8	6	7	3	13	9	10	14	0	4	15	1	5	11	169	8342
6	15	14	7	2	3	10	11	4	5	12	13	0	9	8	1	7	0	15	8	3	12	11	4	5	10	13	2	1	6	9	14	2956	11468
7	0	13	10	2	15	8	5	15	2	5	8	10	13	0	7	3	3	9	9	6	12	12	6	11	1	1	11	14	14	4	4	168	104
7	0	15	8	3	12	11	4	5	10	13	2	1	6	9	14	6	15	14	7	2	3	10	11	4	5	12	13	0	9	8	1	2956	4915
7	1	13	11	2	14	8	4	15	3	5	9	10	12	0	6	3	2	9	8	6	13	12	7	11	0	1	10	14	15	4	5	2474	4915
7	1	15	9	3	13	11	5	5	11	13	3	1	7	9	15	6	14	14	6	2	2	10	10	4	4	12	12	0	8	8	0	1000	5138
7	2	13	8	2	13	8	7	15	0	5	10	10	15	0	5	3	1	9	11	6	14	12	4	11	3	1	9	14	12	4	6	4096	1920
7	2	15	10	3	14	11	6	5	8	13	0	1	4	9	12	6	13	14	5	2	1	10	9	4	7	12	15	0	11	8	3	717	4883
7	3	13	9	2	12	8	6	15	1	5	11	10	14	0	4	3	0	9	10	6	15	12	5	11	2	1	8	14	13	4	7	4096	1920
7	3	15	11	3	15	11	7	5	9	13	1	1	5	9	13	6	12	14	4	2	0	10	8	4	6	12	14	0	10	8	2	973	809
7	4	13	14	2	11	8	1	15	6	5	12	10	9	0	3	3	7	9	13	6	8	12	2	11	5	1	15	14	10	4	0	2218	4112
7	4	15	12	3	8	11	0	5	14	13	6	1	2	9	10	6	11	14	3	2	7	10	15	4	1	12	9	0	13	8	5	5068	3030
7	5	13	15	2	10	8	0	15	7	5	13	10	8	0	2	3	6	9	12	6	9	12	3	11	4	1	14	14	11	4	1	4096	2069
7	5	15	13	3	9	11	1	5	15	13	7	1	3	9	11	6	10	14	2	2	6	10	14	4	0	12	8	0	12	8	4	717	5004
7	6	13	12	2	9	8	3	15	4	5	14	10	11	0	1	3	5	9	15	6	10	12	0	11	7	1	13	14	8	4	2	4096	2112
7	6	15	14	3	10	11	2	5	12	13	4	1	0	9	8	6	9	14	1	2	5	10	13	4	3	12	11	0	15	8	7	5056	3022
7	7	13	13	2	8	8	2	15	5	5	15	10	10	0	0	3	4	9	14	6	11	12	1	11	6	1	12	14	9	4	3	4096	2112
7	7	15	15	3	11	11	3	5	13	13	5	1	1	9	9	6	8	14	0	2	4	10	12	4	2	12	10	0	14	8	6	782	936
7	8	13	2	2	7	8	13	15	10	5	0	10	5	0	15	3	11	9	1	6	4	12	14	11	9	1	3	14	6	4	12	65	22
7	8	15	0	3	4	11	12	5	2	13	10	1	14	9	6	6	7	14	15	2	11	10	3	4	13	12	5	0	1	8	9	780	3093
7	9	13	3	2	6	8	12	15	11	5	1	10	4	0	14	3	10	9	0	6	5	12	15	11	8	1	2	14	7	4	13	4096	8530
7	9	15	1	3	5	11	13	5	3	13	11	1	15	9	7	6	6	14	14	2	10	10	2	4	12	12	4	0	0	8	8	4454	11443
7	10	13	0	2	5	8	15	15	8	5	2	10	7	0	13	3	9	9	3	6	6	12	12	11	11	1	1	14	4	4	14	2472	8387
7	10	15	2	3	6	11	14	5	0	13	8	1	12	9	4	6	5	14	13	2	9	10	1	4	15	12	7	0	3	8	11	2664	11504
7	11	13	1	2	4	8	14	15	9	5	3	10	6	0	12	3	8	9	2	6	7	12	13	11	10	1	0	14	5	4	15	2218	8200
7	11	15	3	3	7	11	15	5	1	13	9	1	13	9	5	6	4	14	12	2	8	10	0	4	14	12	6	0	2	8	10	845	3178
7	12	13	6	2	3	8	9	15	14	5	4	10	1	0	11	3	15	9	5	6	0	12	10	11	13	1	7	14	2	4	8	4096	3585
7	12	15	4	3	0	11	8	5	6	13	14	1	10	9	2	6	3	14	11	2	15	10	7	4	9	12	1	0	5	8	13	847	3093
7	13	13	7	2	2	8	8	15	15	5	5	10	0	0	10	3	14	9	4	6	1	12	11	11	12	1	6	14	3	4	9	4096	3585
7	13	15	5	3	1	11	9	5	7	13	15	1	11	9	3	6	2	14	10	2	14	10	6	4	8	12	0	0	4	8	12	616	3304
7	14	13	4	2	1	8	11	15	12	5	6	10	3	0	9	3	13	9	7	6	2	12	8	11	15	1	5	14	0	4	10	2474	11468
7	14	15	6	3	2	11	10	5	4	13	12	1	8	9	0	6	1	14	9	2	13	10	5	4	11	12	3	0	7	8	15	2665	8192
7	15	13	5	2	0	8	10	15	13	5	7	10	2	0	8	3	12	9	6	6	3	12	9	11	14	1	4	14	1	4	11	168	22
7	15	15	7	3	3	11	11	5	5	13	13	1	9	9	1	6	0	14	8	2	12	10	4	4	10	12	2	0	6	8	14	872	3306
8	0	0	8	12	12	4	4	10	10	2	2	14	6	6	14	9	15	1	7	13	3	5	11	11	5	3	13	15	9	7	1	3092	789
8	0	2	10	13	15	7	5	0	2	10	8	5	13	15	7	12	3	6	9	9	12	3	6	4	1	14	11	1	14	11	4	131	106
8	1	0	9	12	13	4	5	10	11	2	3	14	7	6	15	9	14	1	6	13	2	5	10	11	4	3	12	15	8	7	0	1046	4915
8	1	2	11	13	14	7	4	0	3	10	9	5	12	15	6	12	2	6	8	9	13	3	7	4	0	14	10	1	15	11	5	148	21
8	2	0	10	12	14	4	6	10	8	2	0	14	4	6	12	9	13	1	5	13	1	5	9	11	7	3	15	15	11	7	3	10390	791
8	2	2	8	13	13	7	7	0	0	10	10	5	15	15	5	12	1	6	11	9	14	3	4	4	3	14	9	1	12	11	6	2048	4128
8	3	0	11	12	15	4	7	10	9	2	1	14	5	6	13	9	12	1	4	13	0	5	8	11	6	3	14	15	10	7	2	9350	5006
8	3	2	9	13	12	7	6	0	1	10	11	5	14	15	4	12	0	6	10	9	15	3	5	4	2	14	8	1	13	11	7	8192	1920
8	4	0	12	12	8	4	0	10	14	2	6	14	2	6	10	9	11	1	3	13	7	5	15	11	1	3	9	15	13	7	5	3315	854
8	4	2	14	13	11	7	1	0	6	10	12	5	9	15	3	12	7	6	13	9	8	3	2	4	5	14	15	1	10	11	0	8387	6727
8	5	0	13	12	9	4	1	10	15	2	7	14	3	6	11	9	10	1	2	13	6	5	14	11	0	3	8	15	12	7	4	10641	4879
8	5	2	15	13	10	7	0	0	7	10	13	5	8	15	2	12	6	6	12	9	9	3	3	4	4	14	14	1	11	11	1	2325	4291
8	6	0	14	12	10	4	2	10	12	2	4	14	0	6	8	9	9	1	1	13	5	5	13	11	3	3	11	15	15	7	7	1046	5069
8	6	2	12	13	9	7	3	0	4	10	14	5	11	15	1	12	5	6	15	9	10	3	0	4	7	14	13	1	8	11	2	20	2218
8	7	0	15	12	11	4	3	10	13	2	5	14	1	6	9	9	8	1	0	13	4	5	12	11	2	3	10	15	14	7	6	3184	937
8	7	2	13	13	8	7	2	0	5	10	15	5	10	15	0	12	4	6	14	9	11	3	1	4	6	14	12	1	9	11	3	256	4128
8	8	0	0	12	4	4	12	10	2	2	10	14	14	6	6	9	7	1	15	13	11	5	3	11	13	3	5	15	1	7	9	3221	3093
8	8	2	2	13	7	7	13	0	10	10	0	5	5	15	15	12	11	6	1	9	4	3	14	4	9	14	3	1	6	11	12	8375	149
8	9	0	1	12	5	4	13	10	3	2	11	14	15	6	7	9	6	1	14	13	10	5	2	11	12	3	4	15	0	7	8	3092	3222
8	9	2	3	13	6	7	12	0	11	10	1	5	4	15	14	12	10	6	0	9	5	3	15	4	8	14	2	1	7	11	13	8192	8530
8	10	0	2	12	6	4	14	10	0	2	8	14	12	6	4	9	5	1	13	13	9	5	1	11	15	3	7	15	3	7	11	10641	11504
8	10	2	0	13	5	7	15	0	8	10	2	5	7	15	13	12	9	6	3	9	6	3	12	4	11	14	1	1	4	11	14	2325	8387
8	11	0	3	12	7	4	15	10	1	2	9	14	13	6	5	9	4	1	12	13	8	5	0	11	14	3	6	15	2	7	10	11315	3435
8	11	2	1	13	4	7	14	0	9	10	3	5	6	15	12	12	8	6	2	9	7	3	13	4	10	14	0	1	5	11	15	8192	424
8	12	0	4	12	0	4	8	10	6	2	14	14	10	6	2	9	3	1	11	13	15	5	7	11	9	3	1	15	5	7	13	3222	3092
8	12	2	6	13	3	7	9	0	14	10	4	5	1	15	11	12	15	6	5	9	0	3	10	4	13	14	7	1	2	11	8	11315	1621
8	13	0	5	12	1	4	9	10	7	2	15	14	11	6	3	9	2	1	10	13	14	5	6	11	8	3	0	15	4	7	12	1046	3304
8	13	2	7	13	2	7	8	0	15	10	5	5	0	15	10	12	14	6	4	9	1	3	11	4	12	14	6	1	3	11	9	2048	8196
8	14	0	6	12	2	4	10	10	4	2	12	14	8	6	0	9	1	1	9	13	13	5	5	11	11	3	3	15	7	7	15	11649	11314
8	14	2	4	13	1	7	11	0	12	10	6	5	3	15	9	12	13	6	7	9	2	3	8	4	15	14	5	1	0	11	10	148	168
8	15	0	7	12	3	4	11	10	5	2	13	14	9	6	1	9	0	1	8	13	12	5	4	11	10	3	2	15	6	7	14	3092	3176
8	15	2	5	13	0	7	10	0	13	10	7	5	2	15	8	12	12	6	6	9	3	3	9	4	14	14	4	1	1	11	11	8192	3668
9	0	1	8	13	12	5	4	11	10	3	2	15	6	7	14	8	15	0	7	12	3	4	11	10	5	2	13	14	9	6	1	3123	617
9	0	3	10	12	15	6	5	1	2	11	8	4	13	14	7	13	3	7	9	8	12	2	6	5	1	15	11	0	14	10	4	8192	343
9	1	1	9	13	13	5	5	11	11	3	3	15	7	7	15	8	14	0	6	12	2	4	10	10	4	2	12	14	8	6	0	3158	4906
9	1	3	11	12	14	6	4	1	3	11	9	4	12	14	6	13	2	7	8	8	13	2	7	5	0	15	10	0	15	10	5	8192	341
9	2	1	10	13	14	5	6	11	8	3	0	15	4	7	12	8	13	0	5	12	1	4	9	10	7	2	15	14	11	6	3	1203	4923
9	2	3	8	12	13	6	7	1	0	11	10	4	15	14	5	13	1	7	11	8	14	2	4	5	3	15	9	0	12	10	6	2048	4104
9	3	1	11	13	15	5	7	11	9	3	1	15	5	7	13	8	12	0	4	12	0	4	8	10	6	2	14	14	10	6	2	3092	808
9	3	3	9	12	12	6	6	1	1	11	11	4	14	14	4	13	0	7	10	8	15	2	5	5	2	15	8	0	13	10	7	8192	258
9	4	1	12	13	8	5	0	11	14	3	6	15	2	7	10	8	11	0	3	12	7	4	15	10	1	2	9	14	13	6	5	3156	855
9	4	3	14	12	11	6	1	1	6	11	12	4	9	14	3	13	7	7	13	8	8	2	2	5	5	15	15	0	10	10	0	8192	258
9	5	1	13	13	9	5	1	11	15	3	7	15	3	7	11	8	10	0	2	12	6	4	14	10	0	2	8	14	12	6	4	1074	5006
9	5	3	15	12	10	6	0	1	7	11	13	4	8	14	2	13	6	7	12	8	9	2	3	5	4	15	14	0	11	10	1	2048	4097
9	6	1	14	13	10	5	2	11	12	3	4	15	0	7	8	8	9	0	1	12	5	4	13	10	3	2	11	14	15	6	7	1046	4940
9	6	3	12	12	9	6	3	1	4	11	14	4	11	14	1	13	5	7	15	8	10	2	0	5	7	15	13	0	8	10	2	8192	424
9	7	1	15	13	11	5	3	11	13	3	5	15	1	7	9	8	8	0	0	12	4	4	12	10	2	2	10	14	14	6	6	3222	808
9	7	3	13	12	8	6	2	1	5	11	15	4	10	14	0	13	4	7	14	8	11	2	1	5	6	15	12	0	9	10	3	469	40
9	8	1	0	13	4	5	12	11	2	3	10	15	14	7	6	8	7	0	15	12	11	4	3	10	13	2	5	14	1	6	9	3377	11299
9	8	3	2	12	7	6	13	1	10	11	0	4	5	14	15	13	11	7	1	8	4	2	14	5	9	15	3	0	6	10	12	8192	2069
9	9	1	1	13	5	5	13	11	3	3	11	15	15	7	7	8	6	0	14	12	10	4	2	10	12	2	4	14	0	6	8	1046	11314
9	9	3	3	12	6	6	12	1	11	11	1	4	4	14	14	13	10	7	0	8	5	2	15	5	8	15	2	0	7	10	13	2068	8193
9	10	1	2	13	6	5	14	11	0	3	8	15	12	7	4	8	5	0	13	12	9	4	1	10	15	2	7	14	3	6	11	3092	3176
9	10	3	0	12	5	6	15	1	8	11	2	4	7	14	13	13	9	7	3	8	6	2	12	5	11	15	1	0	4	10	14	2389	11315
9	11	1	3	13	7	5	15	11	1	3	9	15	13	7	5	8	4	0	12	12	8	4	0	10	14	2	6	14	2	6	10	3092	3176
9	11	3	1	12	4	6	14	1	9	11	3	4	6	14	12	13	8	7	2	8	7	2	13	5	10	15	0	0	5	10	15	8192	2112
9	12	1	4	13	0	5	8	11	6	3	14	15	10	7	2	8	3	0	11	12	15	4	7	10	9	2	1	14	5	6	13	3285	3221
9	12	3	6	12	3	6	9	1	14	11	4	4	1	14	11	13	15	7	5	8	0	2	10	5	13	15	7	0	2	10	8	8192	2112
9	13	1	5	13	1	5	9	11	7	3	15	15	11	7	3	8	2	0	10	12	14	4	6	10	8	2	0	14	4	6	12	3094	3304
9	13	3	7	12	2	6	8	1	15	11	5	4	0	14	10	13	14	7	4	8	1	2	11	5	12	15	6	0	3	10	9	130	149
9	14	1	6	13	2	5	10	11	4	3	12	15	8	7	0	8	1	0	9	12	13	4	5	10	11	2	3	14	7	6	15	10564	11504
9	14	3	4	12	1	6	11	1	12	11	6	4	3	14	9	13	13	7	7	8	2	2	8	5	15	15	5	0	0	10	10	8192	9242
9	15	1	7	13	3	5	11	11	5	3	13	15	9	7	1	8	0	0	8	12	12	4	4	10	10	2	2	14	6	6	14	8358	11450
9	15	3	5	12	0	6	10	1	13	11	7	4	2	14	8	13	12	7	6	8	3	2	9	5	14	15	4	0	1	10	11	256	8320
10	0	0	10	15	15	5	5	2	2	8	8	7	13	13	7	14	3	4	9	11	12	1	6	6	1	12	11	3	14	9	4	2538	4156
10	0	2	8	14	12	6	4	8	10	0	2	12	6	4	14	11	15	3	7	15	3	7	11	9	5	1	13	13	9	5	1	1513	4879
10	1	0	11	15	14	5	4	2	3	8	9	7	12	13	6	14	2	4	8	11	13	1	7	6	0	12	10	3	15	9	5	8192	258
10	1	2	9	14	13	6	5	8	11	0	3	12	7	4	15	11	14	3	6	15	2	7	10	9	4	1	12	13	8	5	0	11267	562
10	2	0	8	15	13	5	7	2	0	8	10	7	15	13	5	14	1	4	11	11	14	1	4	6	3	12	9	3	12	9	6	8192	4775
10	2	2	10	14	14	6	6	8	8	0	0	12	4	4	12	11	13	3	5	15	1	7	9	9	7	1	15	13	11	5	3	1256	4914
10	3	0	9	15	12	5	6	2	1	8	11	7	14	13	4	14	0	4	10	11	15	1	5	6	2	12	8	3	13	9	7	2472	4156
10	3	2	11	14	15	6	7	8	9	0	1	12	5	4	13	11	12	3	4	15	0	7	8	9	6	1	14	13	10	5	2	3178	917
10	4	0	14	15	11	5	1	2	6	8	12	7	9	13	3	14	7	4	13	11	8	1	2	6	5	12	15	3	10	9	0	2474	5068
10	4	2	12	14	8	6	0	8	14	0	6	12	2	4	10	11	11	3	3	15	7	7	15	9	1	1	9	13	13	5	5	11450	917
10	5	0	15	15	10	5	0	2	7	8	13	7	8	13	2	14	6	4	12	11	9	1	3	6	4	12	14	3	11	9	1	2218	4096
10	5	2	13	14	9	6	1	8	15	0	7	12	3	4	11	11	10	3	2	15	6	7	14	9	0	1	8	13	12	5	4	3114	917
10	6	0	12	15	9	5	3	2	4	8	14	7	11	13	1	14	5	4	15	11	10	1	0	6	7	12	13	3	8	9	2	2048	4104
10	6	2	14	14	10	6	2	8	12	0	4	12	0	4	8	11	9	3	1	15	5	7	13	9	3	1	11	13	15	5	7	8442	5034
10	7	0	13	15	8	5	2	2	5	8	15	7	10	13	0	14	4	4	14	11	11	1	1	6	6	12	12	3	9	9	3	424	4096
10	7	2	15	14	11	6	3	8	13	0	5	12	1	4	9	11	8	3	0	15	4	7	12	9	2	1	10	13	14	5	6	11312	717
10	8	0	2	15	7	5	13	2	10	8	0	7	5	13	15	14	11	4	1	11	4	1	14	6	9	12	3	3	6	9	12	235	8533
10	8	2	0	14	4	6	12	8	2	0	10	12	14	4	6	11	7	3	15	15	11	7	3	9	13	1	5	13	1	5	9	11489	11489
10	9	0	3	15	6	5	12	2	11	8	1	7	4	13	14	14	10	4	0	11	5	1	15	6	8	12	2	3	7	9	13	130	149
10	9	2	1	14	5	6	13	8	3	0	11	12	15	4	7	11	6	3	14	15	10	7	2	9	12	1	4	13	0	5	8	3112	3093
10	10	0	0	15	5	5	15	2	8	8	2	7	7	13	13	14	9	4	3	11	6	1	12	6	11	12	1	3	4	9	14	8192	2218
10	10	2	2	14	6	6	14	8	0	0	8	12	12	4	4	11	5	3	13	15	9	7	1	9	15	1	7	13	3	5	11	3114	3241
10	11	0	1	15	4	5	14	2	9	8	3	7	6	13	12	14	8	4	2	11	7	1	13	6	10	12	0	3	5	9	15	8192	2282
10	11	2	3	14	7	6	15	8	1	0	9	12	13	4	5	11	4	3	12	15	8	7	0	9	14	1	6	13	2	5	10	3115	10264
10	12	0	6	15	3	5	9	2	14	8	4	7	1	13	11	14	15	4	5	11	0	1	10	6	13	12	7	3	2	9	8	8192	2069
10	12	2	4	14	0	6	8	8	6	0	14	12	10	4	2	11	3	3	11	15	15	7	7	9	9	1	1	13	5	5	13	3114	3241
10	13	0	7	15	2	5	8	2	15	8	5	7	0	13	10	14	14	4	4	11	1	1	11	6	12	12	6	3	3	9	9	8192	2069
10	13	2	5	14	1	6	9	8	7	0	15	12	11	4	3	11	2	3	10	15	14	7	6	9	8	1	0	13	4	5	12	3113	3092
10	14	0	4	15	1	5	11	2	12	8	6	7	3	13	9	14	13	4	7	11	2	1	8	6	15	12	5	3	0	9	10	2048	8320
10	14	2	6	14	2	6	10	8	4	0	12	12	8	4	0	11	1	3	9	15	13	7	5	9	11	1	3	13	7	5	15	8192	9830
10	15	0	5	15	0	5	10	2	13	8	7	7	2	13	8	14	12	4	6	11	3	1	9	6	14	12	4	3	1	9	11	2538	8252
10	15	2	7	14	3	6	11	8	5	0	13	12	9	4	1	11	0	3	8	15	12	7	4	9	10	1	2	13	6	5	14	3112	3156
11	0	1	10	14	15	4	5	3	2	9	8	6	13	12	7	15	3	5	9	10	12	0	6	7	1	13	11	2	14	8	4	8192	1919
11	0	3	8	15	12	7	4	9	10	1	2	13	6	5	14	10	15	2	7	14	3	6	11	8	5	0	13	12	9	4	1	3113	4907
11	1	1	11	14	14	4	4	3	3	9	9	6	12	12	6	15	2	5	8	10	13	0	7	7	0	13	10	2	15	8	5	8192	1919
11	1	3	9	15	13	7	5	9	11	1	3	13	7	5	15	10	14	2	6	14	2	6	10	8	4	0	12	12	8	4	0	3177	855
11	2	1	8	14	13	4	7	3	0	9	10	6	15	12	5	15	1	5	11	10	14	0	4	7	3	13	9	2	12	8	6	8192	1834
11	2	3	10	15	14	7	6	9	8	1	0	13	4	5	12	10	13	2	5	14	1	6	9	8	7	0	15	12	11	4	3	3112	936
11	3	1	9	14	12	4	6	3	1	9	11	6	14	12	4	15	0	5	10	10	15	0	5	7	2	13	8	2	13	8	7	256	4128
11	3	3	11	15	15	7	7	9	9	1	1	13	5	5	13	10	12	2	4	14	0	6	8	8	6	0	14	12	10	4	2	10569	4879
11	4	1	14	14	11	4	1	3	6	9	12	6	9	12	3	15	7	5	13	10	8	0	2	7	5	13	15	2	10	8	0	256	4160
11	4	3	12	15	8	7	0	9	14	1	6	13	2	5	10	10	11	2	3	14	7	6	15	8	1	0	9	12	13	4	5	1387	4879
11	5	1	15	14	10	4	0	3	7	9	13	6	8	12	2	15	6	5	12	10	9	0	3	7	4	13	14	2	11	8	1	2282	4096
11	5	3	13	15	9	7	1	9	15	1	7	13	3	5	11	10	10	2	2	14	6	6	14	8	0	0	8	12	12	4	4	3112	853
11	6	1	12	14	9	4	3	3	4	9	14	6	11	12	1	15	5	5	15	10	10	0	0	7	7	13	13	2	8	8	2	8192	2218
11	6	3	14	15	10	7	2	9	12	1	4	13	0	5	8	10	9	2	1	14	5	6	13	8	3	0	11	12	15	4	7	1257	972
11	7	1	13	14	8	4	2	3	5	9	15	6	10	12	0	15	4	5	14	10	11	0	1	7	6	13	12	2	9	8	3	2538	4291
11	7	3	15	15	11	7	3	9	13	1	5	13	1	5	9	10	8	2	0	14	4	6	12	8	2	0	10	12	14	4	6	1513	4879
11	8	1	2	14	7	4	13	3	10	9	0	6	5	12	15	15	11	5	1	10	4	0	14	7	9	13	3	2	6	8	12	2538	8387
11	8	3	0	15	4	7	12	9	2	1	10	13	14	5	6	10	7	2	15	14	11	6	3	8	13	0	5	12	1	4	9	3243	3223
11	9	1	3	14	6	4	12	3	11	9	1	6	4	12	14	15	10	5	0	10	5	0	15	7	8	13	2	2	7	8	13	2048	8196
11	9	3	1	15	5	7	13	9	3	1	11	13	15	5	7	10	6	2	14	14	10	6	2	8	12	0	4	12	0	4	8	3114	3220
11	10	1	0	14	5	4	15	3	8	9	2	6	7	12	13	15	9	5	3	10	6	0	12	7	11	13	1	2	4	8	14	2218	8200
11	10	3	2	15	6	7	14	9	0	1	8	13	12	5	4	10	5	2	13	14	9	6	1	8	15	0	7	12	3	4	11	8192	10649
11	11	1	1	14	4	4	14	3	9	9	3	6	6	12	12	15	8	5	2	10	7	0	13	7	10	13	0	2	5	8	15	2472	8387
11	11	3	3	15	7	7	15	9	1	1	9	13	13	5	5	10	4	2	12	14	8	6	0	8	14	0	6	12	2	4	10	11649	11314
11	12	1	6	14	3	4	9	3	14	9	4	6	1	12	11	15	15	5	5	10	0	0	10	7	13	13	7	2	2	8	8	8192	3668
11	12	3	4	15	0	7	8	9	6	1	14	13	10	5	2	10	3	2	11	14	15	6	7	8	9	0	1	12	5	4	13	3369	3304
11	13	1	7	14	2	4	8	3	15	9	5	6	0	12	10	15	14	5	4	10	1	0	11	7	12	13	6	2	3	8	9	8192	3668
11	13	3	5	15	1	7	9	9	7	1	15	13	11	5	3	10	2	2	10	14	14	6	6	8	8	0	0	12	4	4	12	1128	11341
11	14	1	4	14	1	4	11	3	12	9	6	6	3	12	9	15	13	5	7	10	2	0	8	7	15	13	5	2	0	8	10	2048	8194
11	14	3	6	15	2	7	10	9	4	1	12	13	8	5	0	10	1	2	9	14	13	6	5	8	11	0	3	12	7	4	15	3114	3178
11	15	1	5	14	0	4	10	3	13	9	7	6	2	12	8	15	12	5	6	10	3	0	9	7	14	13	4	2	1	8	11	2048	8444
11	15	3	7	15	3	7	11	9	5	1	13	13	9	5	1	10	0	2	8	14	12	6	4	8	10	0	2	12	6	4	14	8265	11348
12	0	4	8	8	12	0	4	14	10	6	2	10	6	2	14	13	15	5	7	9	3	1	11	15	5	7	13	11	9	3	1	716	4919
12	0	6	10	9	15	3	5	4	2	14	8	1	13	11	7	8	3	2	9	13	12	7	6	0	1	10	11	5	14	15	4	3584	4104
12	1	4	9	8	13	0	5	14	11	6	3	10	7	2	15	13	14	5	6	9	2	1	10	15	4	7	12	11	8	3	0	8392	853
12	1	6	11	9	14	3	4	4	3	14	9	1	12	11	6	8	2	2	8	13	13	7	7	0	0	10	10	5	15	15	5	2048	4128
12	2	4	10	8	14	0	6	14	8	6	0	10	4	2	12	13	13	5	5	9	1	1	9	15	7	7	15	11	11	3	3	3176	4907
12	2	6	8	9	13	3	7	4	0	14	10	1	15	11	5	8	1	2	11	13	14	7	4	0	3	10	9	5	12	15	6	2068	4100
12	3	4	11	8	15	0	7	14	9	6	1	10	5	2	13	13	12	5	4	9	0	1	8	15	6	7	14	11	10	3	2	11476	1174
12	3	6	9	9	12	3	6	4	1	14	11	1	14	11	4	8	0	2	10	13	15	7	5	0	2	10	8	5	13	15	7	1749	4156
12	4	4	12	8	8	0	0	14	14	6	6	10	2	2	10	13	11	5	3	9	7	1	15	15	1	7	9	11	13	3	5	3276	2966
12	4	6	14	9	11	3	1	4	6	14	12	1	9	11	3	8	7	2	13	13	8	7	2	0	5	10	15	5	10	15	0	10913	4291
12	5	4	13	8	9	0	1	14	15	6	7	10	3	2	11	13	10	5	2	9	6	1	14	15	0	7	8	11	12	3	4	3240	4949
12	5	6	15	9	10	3	0	4	7	14	13	1	8	11	2	8	6	2	12	13	9	7	3	0	4	10	14	5	11	15	1	40	6161
12	6	4	14	8	10	0	2	14	12	6	4	10	0	2	8	13	9	5	1	9	5	1	13	15	3	7	11	11	15	3	7	8197	5034
12	6	6	12	9	9	3	3	4	4	14	14	1	11	11	1	8	5	2	15	13	10	7	0	0	7	10	13	5	8	15	2	8192	2282
12	7	4	15	8	11	0	3	14	13	6	5	10	1	2	9	13	8	5	0	9	4	1	12	15	2	7	10	11	14	3	6	8889	5069
12	7	6	13	9	8	3	2	4	5	14	15	1	10	11	0	8	4	2	14	13	11	7	1	0	6	10	12	5	9	15	3	8192	2218
12	8	4	0	8	4	0	12	14	2	6	10	10	14	2	6	13	7	5	15	9	11	1	3	15	13	7	5	11	1	3	9	8777	11442
12	8	6	2	9	7	3	13	4	10	14	0	1	5	11	15	8	11	2	1	13	4	7	14	0	9	10	3	5	6	15	12	10836	8387
12	9	4	1	8	5	0	13	14	3	6	11	10	15	2	7	13	6	5	14	9	10	1	2	15	12	7	4	11	0	3	8	1100	11312
12	9	6	3	9	6	3	12	4	11	14	1	1	4	11	14	8	10	2	0	13	5	7	15	0	8	10	2	5	7	15	13	2112	8192
12	10	4	2	8	6	0	14	14	0	6	8	10	12	2	4	13	5	5	13	9	9	1	1	15	15	7	7	11	3	3	11	8281	8411
12	10	6	0	9	5	3	15	4	8	14	2	1	7	11	13	8	9	2	3	13	6	7	12	0	11	10	1	5	4	15	14	8192	8530
12	11	4	3	8	7	0	15	14	1	6	9	10	13	2	5	13	4	5	12	9	8	1	0	15	14	7	6	11	2	3	10	9885	11504
12	11	6	1	9	4	3	14	4	9	14	3	1	6	11	12	8	8	2	2	13	7	7	13	0	10	10	0	5	5	15	15	3604	8193
12	12	4	4	8	0	0	8	14	6	6	14	10	10	2	2	13	3	5	11	9	15	1	7	15	9	7	1	11	5	3	13	11476	617
12	12	6	6	9	3	3	9	4	14	14	4	1	1	11	11	8	15	2	5	13	0	7	10	0	13	10	7	5	2	15	8	11936	8212
12	13	4	5	8	1	0	9	14	7	6	15	10	11	2	3	13	2	5	10	9	14	1	6	15	8	7	0	11	4	3	12	3240	3092
12	13	6	7	9	2	3	8	4	15	14	5	1	0	11	10	8	14	2	4	13	1	7	11	0	12	10	6	5	3	15	9	84	232
12	14	4	6	8	2	0	10	14	4	6	12	10	8	2	0	13	1	5	9	9	13	1	5	15	11	7	3	11	7	3	15	11368	11368
12	14	6	4	9	1	3	11	4	12	14	6	1	3	11	9	8	13	2	7	13	2	7	8	0	15	10	5	5	0	15	10	168	214
12	15	4	7	8	3	0	11	14	5	6	13	10	9	2	1	13	0	5	8	9	12	1	4	15	10	7	2	11	6	3	14	3120	3158
12	15	6	5	9	0	3	10	4	13	14	7	1	2	11	8	8	12	2	6	13	3	7	9	0	14	10	4	5	1	15	11	3584	8208
13	0	5	8	9	12	1	4	15	10	7	2	11	6	3	14	12	15	4	7	8	3	0	11	14	5	6	13	10	9	2	1	3176	808
13	0	7	10	8	15	2	5	5	2	15	8	0	13	10	7	9	3	3	9	12	12	6	6	1	1	11	11	4	14	14	4	3584	4128
13	1	5	9	9	13	1	5	15	11	7	3	11	7	3	15	12	14	4	6	8	2	0	10	14	4	6	12	10	8	2	0	11504	5729
13	1	7	11	8	14	2	4	5	3	15	9	0	12	10	6	9	2	3	8	12	13	6	7	1	0	11	10	4	15	14	5	8192	258
13	2	5	10	9	14	1	6	15	8	7	0	11	4	3	12	12	13	4	5	8	1	0	9	14	7	6	15	10	11	2	3	8429	938
13	2	7	8	8	13	2	7	5	0	15	10	0	15	10	5	9	1	3	11	12	14	6	4	1	3	11	9	4	12	14	6	8192	424
13	3	5	11	9	15	1	7	15	9	7	1	11	5	3	13	12	12	4	4	8	0	0	8	14	6	6	14	10	10	2	2	616	819
13	3	7	9	8	12	2	6	5	1	15	11	0	14	10	4	9	0	3	10	12	15	6	5	1	2	11	8	4	13	14	7	8192	4775
13	4	5	12	9	8	1	0	15	14	7	6	11	2	3	10	12	11	4	3	8	7	0	15	14	1	6	9	10	13	2	5	2601	4879
13	4	7	14	8	11	2	1	5	6	15	12	0	9	10	3	9	7	3	13	12	8	6	2	1	5	11	15	4	10	14	0	3604	4098
13	5	5	13	9	9	1	1	15	15	7	7	11	3	3	11	12	10	4	2	8	6	0	14	14	0	6	8	10	12	2	4	8357	4186
13	5	7	15	8	10	2	0	5	7	15	13	0	8	10	2	9	6	3	12	12	9	6	3	1	4	11	14	4	11	14	1	8192	343
13	6	5	14	9	10	1	2	15	12	7	4	11	0	3	8	12	9	4	1	8	5	0	13	14	3	6	11	10	15	2	7	1100	5068
13	6	7	12	8	9	2	3	5	4	15	14	0	11	10	1	9	5	3	15	12	10	6	0	1	7	11	13	4	8	14	2	8192	258
13	7	5	15	9	11	1	3	15	13	7	5	11	1	3	9	12	8	4	0	8	4	0	12	14	2	6	10	10	14	2	6	716	4876
13	7	7	13	8	8	2	2	5	5	15	15	0	10	10	0	9	4	3	14	12	11	6	1	1	6	11	12	4	9	14	3	3584	4160
13	8	5	0	9	4	1	12	15	2	7	10	11	14	3	6	12	7	4	15	8	11	0	3	14	13	6	5	10	1	2	9	11369	11414
13	8	7	2	8	7	2	13	5	10	15	0	0	5	10	15	9	11	3	1	12	4	6	14	1	9	11	3	4	6	14	12	1620	8387
13	9	5	1	9	5	1	13	15	3	7	11	11	15	3	7	12	6	4	14	8	10	0	2	14	12	6	4	10	0	2	8	3113	3092
13	9	7	3	8	6	2	12	5	11	15	1	0	4	10	14	9	10	3	0	12	5	6	15	1	8	11	2	4	7	14	13	2048	8320
13	10	5	2	9	6	1	14	15	0	7	8	11	12	3	4	12	5	4	13	8	9	0	1	14	15	6	7	10	3	2	11	1128	11314
13	10	7	0	8	5	2	15	5	8	15	2	0	7	10	13	9	9	3	3	12	6	6	12	1	11	11	1	4	4	14	14	2068	8193
13	11	5	3	9	7	1	15	15	1	7	9	11	13	3	5	12	4	4	12	8	8	0	0	14	14	6	6	10	2	2	10	9833	11504
13	11	7	1	8	4	2	14	5	9	15	3	0	6	10	12	9	8	3	2	12	7	6	13	1	10	11	0	4	5	14	15	3604	8256
13	12	5	4	9	0	1	8	15	6	7	14	11	10	3	2	12	3	4	11	8	15	0	7	14	9	6	1	10	5	2	13	616	3276
13	12	7	6	8	3	2	9	5	14	15	4	0	1	10	11	9	15	3	5	12	0	6	10	1	13	11	7	4	2	14	8	8192	9445
13	13	5	5	9	1	1	9	15	7	7	15	11	11	3	3	12	2	4	10	8	14	0	6	14	8	6	0	10	4	2	12	3177	8324
13	13	7	7	8	2	2	8	5	15	15	5	0	0	10	10	9	14	3	4	12	1	6	11	1	12	11	6	4	3	14	9	64	104
13	14	5	6	9	2	1	10	15	4	7	12	11	8	3	0	12	1	4	9	8	13	0	5	14	11	6	3	10	7	2	15	8313	3242
13	14	7	4	8	1	2	11	5	12	15	6	0	3	10	9	9	13	3	7	12	2	6	8	1	15	11	5	4	0	14	10	8192	2112
13	15	5	7	9	3	1	11	15	5	7	13	11	9	3	1	12	0	4	8	8	12	0	4	14	10	6	2	10	6	2	14	716	11464
13	15	7	5	8	0	2	10	5	13	15	7	0	2	10	8	9	12	3	6	12	3	6	9	1	14	11	4	4	1	14	11	3584	8196
14	0	4	10	11	15	1	5	6	2	12	8	3	13	9	7	10	3	0	9	15	12	5	6	2	1	8	11	7	14	13	4	2068	4223
14	0	6	8	10	12	2	4	12	10	4	2	8	6	0	14	15	15	7	7	11	3	3	11	13	5	5	13	9	9	1	1	3092	852
14	1	4	11	11	14	1	4	6	3	12	9	3	12	9	6	10	2	0	8	15	13	5	7	2	0	8	10	7	15	13	5	40	22
14	1	6	9	10	13	2	5	12	11	4	3	8	7	0	15	15	14	7	6	11	2	3	10	13	4	5	12	9	8	1	0	3084	874
14	2	4	8	11	13	1	7	6	0	12	10	3	15	9	5	10	1	0	11	15	14	5	4	2	3	8	9	7	12	13	6	3774	4286
14	2	6	10	10	14	2	6	12	8	4	0	8	4	0	12	15	13	7	5	11	1	3	9	13	7	5	15	9	11	1	3	9862	4879
14	3	4	9	11	12	1	6	6	1	12	11	3	14	9	4	10	0	0	10	15	15	5	5	2	2	8	8	7	13	13	7	2238	4159
14	3	6	11	10	15	2	7	12	9	4	1	8	5	0	13	15	12	7	4	11	0	3	8	13	6	5	14	9	10	1	2	3114	936
14	4	4	14	11	11	1	1	6	6	12	12	3	9	9	3	10	7	0	13	15	8	5	2	2	5	8	15	7	10	13	0	2218	215
14	4	6	12	10	8	2	0	12	14	4	6	8	2	0	10	15	11	7	3	11	7	3	15	13	1	5	9	9	13	1	5	562	5056
14	5	4	15	11	10	1	0	6	7	12	13	3	8	9	2	10	6	0	12	15	9	5	3	2	4	8	14	7	11	13	1	2048	4104
14	5	6	13	10	9	2	1	12	15	4	7	8	3	0	11	15	10	7	2	11	6	3	14	13	0	5	8	9	12	1	4	1228	5056
14	6	4	12	11	9	1	3	6	4	12	14	3	11	9	1	10	5	0	15	15	10	5	0	2	7	8	13	7	8	13	2	3754	4331
14	6	6	14	10	10	2	2	12	12	4	4	8	0	0	8	15	9	7	1	11	5	3	13	13	3	5	11	9	15	1	7	8196	4457
14	7	4	13	11	8	1	2	6	5	12	15	3	10	9	0	10	4	0	14	15	11	5	1	2	6	8	12	7	9	13	3	3604	4100
14	7	6	15	10	11	2	3	12	13	4	5	8	1	0	9	15	8	7	0	11	4	3	12	13	2	5	10	9	14	1	6	8192	2665
14	8	4	2	11	7	1	13	6	10	12	0	3	5	9	15	10	11	0	1	15	4	5	14	2	9	8	3	7	6	13	12	2068	8439
14	8	6	0	10	4	2	12	12	2	4	10	8	14	0	6	15	7	7	15	11	11	3	3	13	13	5	5	9	1	1	9	8856	3123
14	9	4	3	11	6	1	12	6	11	12	1	3	4	9	14	10	10	0	0	15	5	5	15	2	8	8	2	7	7	13	13	3754	8407
14	9	6	1	10	5	2	13	12	3	4	11	8	15	0	7	15	6	7	14	11	10	3	2	13	12	5	4	9	0	1	8	3156	3222
14	10	4	0	11	5	1	15	6	8	12	2	3	7	9	13	10	9	0	3	15	6	5	12	2	11	8	1	7	4	13	14	3584	8443
14	10	6	2	10	6	2	14	12	0	4	8	8	12	0	4	15	5	7	13	11	9	3	1	13	15	5	7	9	3	1	11	744	3304
14	11	4	1	11	4	1	14	6	9	12	3	3	6	9	12	10	8	0	2	15	7	5	13	2	10	8	0	7	5	13	15	2218	235
14	11	6	3	10	7	2	15	12	1	4	9	8	13	0	5	15	4	7	12	11	8	3	0	13	14	5	6	9	2	1	10	1202	11464
14	12	4	6	11	3	1	9	6	14	12	4	3	1	9	11	10	15	0	5	15	0	5	10	2	13	8	7	7	2	13	8	130	11416
14	12	6	4	10	0	2	8	12	6	4	14	8	10	0	2	15	3	7	11	11	15	3	7	13	9	5	1	9	5	1	13	11496	1229
14	13	4	7	11	2	1	8	6	15	12	5	3	0	9	10	10	14	0	4	15	1	5	11	2	12	8	6	7	3	13	9	3648	8316
14	13	6	5	10	1	2	9	12	7	4	15	8	11	0	3	15	2	7	10	11	14	3	6	13	8	5	0	9	4	1	12	3214	3241
14	14	4	4	11	1	1	11	6	12	12	6	3	3	9	9	10	13	0	7	15	2	5	8	2	15	8	5	7	0	13	10	2218	8256
14	14	6	6	10	2	2	10	12	4	4	12	8	8	0	0	15	1	7	9	11	13	3	5	13	11	5	3	9	7	1	15	9326	11476
14	15	4	5	11	0	1	10	6	13	12	7	3	2	9	8	10	12	0	6	15	3	5	9	2	14	8	4	7	1	13	11	168	2
14	15	6	7	10	3	2	11	12	5	4	13	8	9	0	1	15	0	7	8	11	12	3	4	13	10	5	2	9	6	1	14	3092	3114
15	0	5	10	10	15	0	5	7	2	13	8	2	13	8	7	11	3	1	9	14	12	4	6	3	1	9	11	6	14	12	4	2132	4221
15	0	7	8	11	12	3	4	13	10	5	2	9	6	1	14	14	15	6	7	10	3	2	11	12	5	4	13	8	9	0	1	616	4915
15	1	5	11	10	14	0	4	7	3	13	9	2	12	8	6	11	2	1	8	14	13	4	7	3	0	9	10	6	15	12	5	1578	4156
15	1	7	9	11	13	3	5	13	11	5	3	9	7	1	15	14	14	6	6	10	2	2	10	12	4	4	12	8	8	0	0	1174	4915
15	2	5	8	10	13	0	7	7	0	13	10	2	15	8	5	11	1	1	11	14	14	4	4	3	3	9	9	6	12	12	6	2112	4096
15	2	7	10	11	14	3	6	13	8	5	0	9	4	1	12	14	13	6	5	10	1	2	9	12	7	4	15	8	11	0	3	690	5004
15	3	5	9	10	12	0	6	7	1	13	11	2	14	8	4	11	0	1	10	14	15	4	5	3	2	9	8	6	13	12	7	3584	4097
15	3	7	11	11	15	3	7	13	9	5	1	9	5	1	13	14	12	6	4	10	0	2	8	12	6	4	14	8	10	0	2	3084	937
15	4	5	14	10	11	0	1	7	6	13	12	2	9	8	3	11	7	1	13	14	8	4	2	3	5	9	15	6	10	12	0	2048	4319
15	4	7	12	11	8	3	0	13	14	5	6	9	2	1	10	14	11	6	3	10	7	2	15	12	1	4	9	8	13	0	5	8298	4957
15	5	5	15	10	10	0	0	7	7	13	13	2	8	8	2	11	6	1	12	14	9	4	3	3	4	9	14	6	11	12	1	232	64
15	5	7	13	11	9	3	1	13	15	5	7	9	3	1	11	14	10	6	2	10	6	2	14	12	0	4	8	8	12	0	4	2664	4879
15	6	5	12	10	9	0	3	7	4	13	14	2	11	8	1	11	5	1	15	14	10	4	0	3	7	9	13	6	8	12	2	1706	5068
15	6	7	14	11	10	3	2	13	12	5	4	9	0	1	8	14	9	6	1	10	5	2	13	12	3	4	11	8	15	0	7	9938	4879
15	7	5	13	10	8	0	2	7	5	13	15	2	10	8	0	11	4	1	14	14	11	4	1	3	6	9	12	6	9	12	3	2132	4331
15	7	7	15	11	11	3	3	13	13	5	5	9	1	1	9	14	8	6	0	10	4	2	12	12	2	4	10	8	14	0	6	11450	4229
15	8	5	2	10	7	0	13	7	10	13	0	2	5	8	15	11	11	1	1	14	4	4	14	3	9	9	3	6	6	12	12	2132	8407
15	8	7	0	11	4	3	12	13	2	5	10	9	14	1	6	14	7	6	15	10	11	2	3	12	13	4	5	8	1	0	9	534	11299
15	9	5	3	10	6	0	12	7	11	13	1	2	4	8	14	11	10	1	0	14	5	4	15	3	8	9	2	6	7	12	13	2282	8192
15	9	7	1	11	5	3	13	13	3	5	11	9	15	1	7	14	6	6	14	10	10	2	2	12	12	4	4	8	0	0	8	8414	11442
15	10	5	0	10	5	0	15	7	8	13	2	2	7	8	13	11	9	1	3	14	6	4	12	3	11	9	1	6	4	12	14	3648	8395
15	10	7	2	11	6	3	14	13	0	5	8	9	12	1	4	14	5	6	13	10	9	2	1	12	15	4	7	8	3	0	11	2664	11504
15	11	5	1	10	4	0	14	7	9	13	3	2	6	8	12	11	8	1	2	14	7	4	13	3	10	9	0	6	5	12	15	64	168
15	11	7	3	11	7	3	15	13	1	5	9	9	13	1	5	14	4	6	12	10	8	2	0	12	14	4	6	8	2	0	10	3184	3241
15	12	5	6	10	3	0	9	7	14	13	4	2	1	8	11	11	15	1	5	14	0	4	10	3	13	9	7	6	2	12	8	2048	8444
15	12	7	4	11	0	3	8	13	6	5	14	9	10	1	2	14	3	6	11	10	15	2	7	12	9	4	1	8	5	0	13	3084	3221
15	13	5	7	10	2	0	8	7	15	13	5	2	0	8	10	11	14	1	4	14	1	4	11	3	12	9	6	6	3	12	9	2112	8192
15	13	7	5	11	1	3	9	13	7	5	15	9	11	1	3	14	2	6	10	10	14	2	6	12	8	4	0	8	4	0	12	3092	3176
15	14	5	4	10	1	0	11	7	12	13	6	2	3	8	9	11	13	1	7	14	2	4	8	3	15	9	5	6	0	12	10	3604	8446
15	14	7	6	11	2	3	10	13	4	5	12	9	8	1	0	14	1	6	9	10	13	2	5	12	11	4	3	8	7	0	15	2774	11504
15	15	5	5	10	0	0	10	7	13	13	7	2	2	8	8	11	12	1	6	14	3	4	9	3	14	9	4	6	1	12	11	2132	8382
15	15	7	7	11	3	3	11	13	5	5	13	9	9	1	1	14	0	6	8	10	12	2	4	12	10	4	2	8	6	0	14	534	11340
