0	0	8	8	4	12	12	4	2	10	10	2	6	6	14	14	1	15	9	7	5	3	13	11	3	5	11	13	7	9	15	1	4915	1046
0	0	10	10	5	15	15	5	8	2	2	8	13	13	7	7	4	3	14	9	1	12	11	6	12	1	6	11	9	14	3	4	106	64
0	1	8	9	4	13	12	5	2	11	10	3	6	7	14	15	1	14	9	6	5	2	13	10	3	4	11	12	7	8	15	0	789	4898
0	1	10	11	5	14	15	4	8	3	2	9	13	12	7	6	4	2	14	8	1	13	11	7	12	0	6	10	9	15	3	5	1832	4223
0	2	8	10	4	14	12	6	2	8	10	0	6	4	14	12	1	13	9	5	5	1	13	9	3	7	11	15	7	11	15	3	4641	4887
0	2	10	8	5	13	15	7	8	0	2	10	13	15	7	5	4	1	14	11	1	14	11	4	12	3	6	9	9	12	3	6	258	4096
0	3	8	11	4	15	12	7	2	9	10	1	6	5	14	13	1	12	9	4	5	0	13	8	3	6	11	14	7	10	15	2	562	4876
0	3	10	9	5	12	15	6	8	1	2	11	13	14	7	4	4	0	14	10	1	15	11	5	12	2	6	8	9	13	3	7	1792	4097
0	4	8	12	4	8	12	0	2	14	10	6	6	2	14	10	1	11	9	3	5	7	13	15	3	1	11	9	7	13	15	5	534	791
0	4	10	14	5	11	15	1	8	6	2	12	13	9	7	3	4	7	14	13	1	8	11	2	12	5	6	15	9	10	3	0	258	4319
0	5	8	13	4	9	12	1	2	15	10	7	6	3	14	11	1	10	9	2	5	6	13	14	3	0	11	8	7	12	15	4	562	5068
0	5	10	15	5	10	15	0	8	7	2	13	13	8	7	2	4	6	14	12	1	9	11	3	12	4	6	14	9	11	3	1	1578	4291
0	6	8	14	4	10	12	2	2	12	10	4	6	0	14	8	1	9	9	1	5	5	13	13	3	3	11	11	7	15	15	7	4186	873
0	6	10	12	5	9	15	3	8	4	2	14	13	11	7	1	4	5	14	15	1	10	11	0	12	7	6	13	9	8	3	2	1621	5068
0	7	8	15	4	11	12	3	2	13	10	5	6	1	14	9	1	8	9	0	5	4	13	12	3	2	11	10	7	14	15	6	534	4907
0	7	10	13	5	8	15	2	8	5	2	15	13	10	7	0	4	4	14	14	1	11	11	1	12	6	6	12	9	9	3	3	1834	4096
0	8	8	0	4	4	12	12	2	2	10	10	6	14	14	6	1	7	9	15	5	11	13	3	3	13	11	5	7	1	15	9	4101	11349
0	8	10	2	5	7	15	13	8	10	2	0	13	5	7	15	4	11	14	1	1	4	11	14	12	9	6	3	9	6	3	12	4650	8407
0	9	8	1	4	5	12	13	2	3	10	11	6	15	14	7	1	6	9	14	5	10	13	2	3	12	11	4	7	0	15	8	4186	3222
0	9	10	3	5	6	15	12	8	11	2	1	13	4	7	14	4	10	14	0	1	5	11	15	12	8	6	2	9	7	3	13	1621	11315
0	10	8	2	4	6	12	14	2	0	10	8	6	12	14	4	1	5	9	13	5	9	13	1	3	15	11	7	7	3	15	11	4097	10345
0	10	10	0	5	5	15	15	8	8	2	2	13	7	7	13	4	9	14	3	1	6	11	12	12	11	6	1	9	4	3	14	86	2
0	11	8	3	4	7	12	15	2	1	10	9	6	13	14	5	1	4	9	12	5	8	13	0	3	14	11	6	7	2	15	10	4096	10649
0	11	10	1	5	4	15	14	8	9	2	3	13	6	7	12	4	8	14	2	1	7	11	13	12	10	6	0	9	5	3	15	1792	8208
0	12	8	4	4	0	12	8	2	6	10	14	6	10	14	2	1	3	9	11	5	15	13	7	3	9	11	1	7	5	15	13	1100	11468
0	12	10	6	5	3	15	9	8	14	2	4	13	1	7	11	4	15	14	5	1	0	11	10	12	13	6	7	9	2	3	8	1919	8193
0	13	8	5	4	1	12	9	2	7	10	15	6	11	14	3	1	2	9	10	5	14	13	6	3	8	11	0	7	4	15	12	562	11468
0	13	10	7	5	2	15	8	8	15	2	5	13	0	7	10	4	14	14	4	1	1	11	11	12	12	6	6	9	3	3	9	1794	8317
0	14	8	6	4	2	12	10	2	4	10	12	6	8	14	0	1	1	9	9	5	13	13	5	3	11	11	3	7	7	15	15	4101	11348
0	14	10	4	5	1	15	11	8	12	2	6	13	3	7	9	4	13	14	7	1	2	11	8	12	15	6	5	9	0	3	10	1620	8252
0	15	8	7	4	3	12	11	2	5	10	13	6	9	14	1	1	0	9	8	5	12	13	4	3	10	11	2	7	6	15	14	4101	11434
0	15	10	5	5	0	15	10	8	13	2	7	13	2	7	8	4	12	14	6	1	3	11	9	12	14	6	4	9	1	3	11	1834	8192
1	0	9	8	5	12	13	4	3	10	11	2	7	6	15	14	0	15	8	7	4	3	12	11	2	5	10	13	6	9	14	1	4096	5734
1	0	11	10	4	15	14	5	9	2	3	8	12	13	6	7	5	3	15	9	0	12	10	6	13	1	7	11	8	14	2	4	42	4217
1	1	9	9	5	13	13	5	3	11	11	3	7	7	15	15	0	14	8	6	4	2	12	10	2	4	10	12	6	8	14	0	808	808
1	1	11	11	4	14	14	4	9	3	3	9	12	12	6	6	5	2	15	8	0	13	10	7	13	0	7	10	8	15	2	5	1877	4223
1	2	9	10	5	14	13	6	3	8	11	0	7	4	15	12	0	13	8	5	4	1	12	9	2	7	10	15	6	11	14	3	4186	4250
1	2	11	8	4	13	14	7	9	0	3	10	12	15	6	5	5	1	15	11	0	14	10	4	13	3	7	9	8	12	2	6	381	4224
1	3	9	11	5	15	13	7	3	9	11	1	7	5	15	13	0	12	8	4	4	0	12	8	2	6	10	14	6	10	14	2	4178	4906
1	3	11	9	4	12	14	6	9	1	3	11	12	14	6	4	5	0	15	10	0	15	10	5	13	2	7	8	8	13	2	7	381	4159
1	4	9	12	5	8	13	0	3	14	11	6	7	2	15	10	0	11	8	3	4	7	12	15	2	1	10	9	6	13	14	5	845	854
1	4	11	14	4	11	14	1	9	6	3	12	12	9	6	3	5	7	15	13	0	8	10	2	13	5	7	15	8	10	2	0	1877	0
1	5	9	13	5	9	13	1	3	15	11	7	7	3	15	11	0	10	8	2	4	6	12	14	2	0	10	8	6	12	14	4	1129	791
1	5	11	15	4	10	14	0	9	7	3	13	12	8	6	2	5	6	15	12	0	9	10	3	13	4	7	14	8	11	2	1	341	0
1	6	9	14	5	10	13	2	3	12	11	4	7	0	15	8	0	9	8	1	4	5	12	13	2	3	10	11	6	15	14	7	4128	4457
1	6	11	12	4	9	14	3	9	4	3	14	12	11	6	1	5	5	15	15	0	10	10	0	13	7	7	13	8	8	2	2	1620	4291
1	7	9	15	5	11	13	3	3	13	11	5	7	1	15	9	0	8	8	0	4	4	12	12	2	2	10	10	6	14	14	6	4876	2956
1	7	11	13	4	8	14	2	9	5	3	15	12	10	6	0	5	4	15	14	0	11	10	1	13	6	7	12	8	9	2	3	296	4335
1	8	9	0	5	4	13	12	3	2	11	10	7	14	15	6	0	7	8	15	4	11	12	3	2	13	10	5	6	1	14	9	780	3221
1	8	11	2	4	7	14	13	9	10	3	0	12	5	6	15	5	11	15	1	0	4	10	14	13	9	7	3	8	6	2	12	1832	8224
1	9	9	1	5	5	13	13	3	3	11	11	7	15	15	7	0	6	8	14	4	10	12	2	2	12	10	4	6	0	14	8	4899	1175
1	9	11	3	4	6	14	12	9	11	3	1	12	4	6	14	5	10	15	0	0	5	10	15	13	8	7	2	8	7	2	13	86	64
1	10	9	2	5	6	13	14	3	0	11	8	7	12	15	4	0	5	8	13	4	9	12	1	2	15	10	7	6	3	14	11	4949	3178
1	10	11	0	4	5	14	15	9	8	3	2	12	7	6	13	5	9	15	3	0	6	10	12	13	11	7	1	8	4	2	14	1792	8443
1	11	9	3	5	7	13	15	3	1	11	9	7	13	15	5	0	4	8	12	4	8	12	0	2	14	10	6	6	2	14	10	4164	3242
1	11	11	1	4	4	14	14	9	9	3	3	12	6	6	12	5	8	15	2	0	7	10	13	13	10	7	0	8	5	2	15	1877	0
1	12	9	4	5	0	13	8	3	6	11	14	7	10	15	2	0	3	8	11	4	15	12	7	2	9	10	1	6	5	14	13	854	3284
1	12	11	6	4	3	14	9	9	14	3	4	12	1	6	11	5	15	15	5	0	0	10	10	13	13	7	7	8	2	2	8	1917	8320
1	13	9	5	5	1	13	9	3	7	11	15	7	11	15	3	0	2	8	10	4	14	12	6	2	8	10	0	6	4	14	12	4186	8281
1	13	11	7	4	2	14	8	9	15	3	5	12	0	6	10	5	14	15	4	0	1	10	11	13	12	7	6	8	3	2	9	1792	8444
1	14	9	6	5	2	13	10	3	4	11	12	7	8	15	0	0	1	8	9	4	13	12	5	2	11	10	3	6	7	14	15	4132	9364
1	14	11	4	4	1	14	11	9	12	3	6	12	3	6	9	5	13	15	7	0	2	10	8	13	15	7	5	8	0	2	10	1877	8446
1	15	9	7	5	3	13	11	3	5	11	13	7	9	15	1	0	0	8	8	4	12	12	4	2	10	10	2	6	6	14	14	4941	534
1	15	11	5	4	0	14	10	9	13	3	7	12	2	6	8	5	12	15	6	0	3	10	9	13	14	7	4	8	1	2	11	1832	8256
2	0	8	10	7	15	13	5	10	2	0	8	15	13	5	7	6	3	12	9	3	12	9	6	14	1	4	11	11	14	1	4	1792	4128
2	0	10	8	6	12	14	4	0	10	8	2	4	6	12	14	3	15	11	7	7	3	15	11	1	5	9	13	5	9	13	1	917	872
2	1	8	11	7	14	13	4	10	3	0	9	15	12	5	6	6	2	12	8	3	13	9	7	14	0	4	10	11	15	1	5	4096	258
2	1	10	9	6	13	14	5	0	11	8	3	4	7	12	15	3	14	11	6	7	2	15	10	1	4	9	12	5	8	13	0	4096	1385
2	2	8	8	7	13	13	7	10	0	0	10	15	15	5	5	6	1	12	11	3	14	9	4	14	3	4	9	11	12	1	6	4096	424
2	2	10	10	6	14	14	6	0	8	8	0	4	4	12	12	3	13	11	5	7	1	15	9	1	7	9	15	5	11	13	3	4128	4502
2	3	8	9	7	12	13	6	10	1	0	11	15	14	5	4	6	0	12	10	3	15	9	5	14	2	4	8	11	13	1	7	1706	4915
2	3	10	11	6	15	14	7	0	9	8	1	4	5	12	13	3	12	11	4	7	0	15	8	1	6	9	14	5	10	13	2	808	789
2	4	8	14	7	11	13	1	10	6	0	12	15	9	5	3	6	7	12	13	3	8	9	2	14	5	4	15	11	10	1	0	1832	4098
2	4	10	12	6	8	14	0	0	14	8	6	4	2	12	10	3	11	11	3	7	7	15	15	1	1	9	9	5	13	13	5	808	908
2	5	8	15	7	10	13	0	10	7	0	13	15	8	5	2	6	6	12	12	3	9	9	3	14	4	4	14	11	11	1	1	4096	343
2	5	10	13	6	9	14	1	0	15	8	7	4	3	12	11	3	10	11	2	7	6	15	14	1	0	9	8	5	12	13	4	790	4941
2	6	8	12	7	9	13	3	10	4	0	14	15	11	5	1	6	5	12	15	3	10	9	0	14	7	4	13	11	8	1	2	4096	258
2	6	10	14	6	10	14	2	0	12	8	4	4	0	12	8	3	9	11	1	7	5	15	13	1	3	9	11	5	15	13	7	819	4454
2	7	8	13	7	8	13	2	10	5	0	15	15	10	5	0	6	4	12	14	3	11	9	1	14	6	4	12	11	9	1	3	1578	4291
2	7	10	15	6	11	14	3	0	13	8	5	4	1	12	9	3	8	11	0	7	4	15	12	1	2	9	10	5	14	13	6	5649	4879
2	8	8	2	7	7	13	13	10	10	0	0	15	5	5	15	6	11	12	1	3	4	9	14	14	9	4	3	11	6	1	12	0	2133
2	8	10	0	6	4	14	12	0	2	8	10	4	14	12	6	3	7	11	15	7	11	15	3	1	13	9	5	5	1	13	9	4879	10721
2	9	8	3	7	6	13	12	10	11	0	1	15	4	5	14	6	10	12	0	3	5	9	15	14	8	4	2	11	7	1	13	4096	2112
2	9	10	1	6	5	14	13	0	3	8	11	4	15	12	7	3	6	11	14	7	10	15	2	1	12	9	4	5	0	13	8	4246	11349
2	10	8	0	7	5	13	15	10	8	0	2	15	7	5	13	6	9	12	3	3	6	9	12	14	11	4	1	11	4	1	14	62	169
2	10	10	2	6	6	14	14	0	0	8	8	4	12	12	4	3	5	11	13	7	9	15	1	1	15	9	7	5	3	13	11	936	3307
2	11	8	1	7	4	13	14	10	9	0	3	15	6	5	12	6	8	12	2	3	7	9	13	14	10	4	0	11	5	1	15	1707	8387
2	11	10	3	6	7	14	15	0	1	8	9	4	13	12	5	3	4	11	12	7	8	15	0	1	14	9	6	5	2	13	10	5270	8320
2	12	8	6	7	3	13	9	10	14	0	4	15	1	5	11	6	15	12	5	3	0	9	10	14	13	4	7	11	2	1	8	1706	11468
2	12	10	4	6	0	14	8	0	6	8	14	4	10	12	2	3	3	11	11	7	15	15	7	1	9	9	1	5	5	13	13	808	3176
2	13	8	7	7	2	13	8	10	15	0	5	15	0	5	10	6	14	12	4	3	1	9	11	14	12	4	6	11	3	1	9	296	8200
2	13	10	5	6	1	14	9	0	7	8	15	4	11	12	3	3	2	11	10	7	14	15	6	1	8	9	0	5	4	13	12	4101	11333
2	14	8	4	7	1	13	11	10	12	0	6	15	3	5	9	6	13	12	7	3	2	9	8	14	15	4	5	11	0	1	10	4096	2112
2	14	10	6	6	2	14	10	0	4	8	12	4	8	12	0	3	1	11	9	7	13	15	5	1	11	9	3	5	7	13	15	4096	9830
2	15	8	5	7	0	13	10	10	13	0	7	15	2	5	8	6	12	12	6	3	3	9	9	14	14	4	4	11	1	1	11	1792	8196
2	15	10	7	6	3	14	11	0	5	8	13	4	9	12	1	3	0	11	8	7	12	15	4	1	10	9	2	5	6	13	14	1175	3304
3	0	9	10	6	15	12	5	11	2	1	8	14	13	4	7	7	3	13	9	2	12	8	6	15	1	5	11	10	14	0	4	1834	0
3	0	11	8	7	12	15	4	1	10	9	2	5	6	13	14	2	15	10	7	6	3	14	11	0	5	8	13	4	9	12	1	780	874
3	1	9	11	6	14	12	4	11	3	1	9	14	12	4	6	7	2	13	8	2	13	8	7	15	0	5	10	10	15	0	5	148	4201
3	1	11	9	7	13	15	5	1	11	9	3	5	7	13	15	2	14	10	6	6	2	14	10	0	4	8	12	4	8	12	0	4649	4222
3	2	9	8	6	13	12	7	11	0	1	10	14	15	4	5	7	1	13	11	2	14	8	4	15	3	5	9	10	12	0	6	168	2
3	2	11	10	7	14	15	6	1	8	9	0	5	4	13	12	2	13	10	5	6	1	14	9	0	7	8	15	4	11	12	3	811	1174
3	3	9	9	6	12	12	6	11	1	1	11	14	14	4	4	7	0	13	10	2	15	8	5	15	2	5	8	10	13	0	7	1707	4156
3	3	11	11	7	15	15	7	1	9	9	1	5	5	13	13	2	12	10	4	6	0	14	8	0	6	8	14	4	10	12	2	6040	4907
3	4	9	14	6	11	12	1	11	6	1	12	14	9	4	3	7	7	13	13	2	8	8	2	15	5	5	15	10	10	0	0	1832	4224
3	4	11	12	7	8	15	0	1	14	9	6	5	2	13	10	2	11	10	3	6	7	14	15	0	1	8	9	4	13	12	5	819	2966
3	5	9	15	6	10	12	0	11	7	1	13	14	8	4	2	7	6	13	12	2	9	8	3	15	4	5	14	10	11	0	1	424	4096
3	5	11	13	7	9	15	1	1	15	9	7	5	3	13	11	2	10	10	2	6	6	14	14	0	0	8	8	4	12	12	4	4119	5077
3	6	9	12	6	9	12	3	11	4	1	14	14	11	4	1	7	5	13	15	2	10	8	0	15	7	5	13	10	8	0	2	4096	2282
3	6	11	14	7	10	15	2	1	12	9	4	5	0	13	8	2	9	10	1	6	5	14	13	0	3	8	11	4	15	12	7	4256	5034
3	7	9	13	6	8	12	2	11	5	1	15	14	10	4	0	7	4	13	14	2	11	8	1	15	6	5	12	10	9	0	3	1706	5068
3	7	11	15	7	11	15	3	1	13	9	5	5	1	13	9	2	8	10	0	6	4	14	12	0	2	8	10	4	14	12	6	1203	5068
3	8	9	2	6	7	12	13	11	10	1	0	14	5	4	15	7	11	13	1	2	4	8	14	15	9	5	3	10	6	0	12	1706	11315
3	8	11	0	7	4	15	12	1	2	9	10	5	14	13	6	2	7	10	15	6	11	14	3	0	13	8	5	4	1	12	9	4915	3476
3	9	9	3	6	6	12	12	11	11	1	1	14	4	4	14	7	10	13	0	2	5	8	15	15	8	5	2	10	7	0	13	4096	343
3	9	11	1	7	5	15	13	1	3	9	11	5	15	13	7	2	6	10	14	6	10	14	2	0	12	8	4	4	0	12	8	4225	8358
3	10	9	0	6	5	12	15	11	8	1	2	14	7	4	13	7	9	13	3	2	6	8	12	15	11	5	1	10	4	0	14	40	168
3	10	11	2	7	6	15	14	1	0	9	8	5	12	13	4	2	5	10	13	6	9	14	1	0	15	8	7	4	3	12	11	4923	11665
3	11	9	1	6	4	12	14	11	9	1	3	14	6	4	12	7	8	13	2	2	7	8	13	15	10	5	0	10	5	0	15	1832	8193
3	11	11	3	7	7	15	15	1	1	9	9	5	13	13	5	2	4	10	12	6	8	14	0	0	14	8	6	4	2	12	10	4887	3441
3	12	9	6	6	3	12	9	11	14	1	4	14	1	4	11	7	15	13	5	2	0	8	10	15	13	5	7	10	2	0	8	1707	8252
3	12	11	4	7	0	15	8	1	6	9	14	5	10	13	2	2	3	10	11	6	15	14	7	0	9	8	1	4	5	12	13	5305	3304
3	13	9	7	6	2	12	8	11	15	1	5	14	0	4	10	7	14	13	4	2	1	8	11	15	12	5	6	10	3	0	9	4096	3668
3	13	11	5	7	1	15	9	1	7	9	15	5	11	13	3	2	2	10	10	6	14	14	6	0	8	8	0	4	4	12	12	534	11476
3	14	9	4	6	1	12	11	11	12	1	6	14	3	4	9	7	13	13	7	2	2	8	8	15	15	5	5	10	0	0	10	4096	3838
3	14	11	6	7	2	15	10	1	4	9	12	5	8	13	0	2	1	10	9	6	13	14	5	0	11	8	3	4	7	12	15	4097	10390
3	15	9	5	6	0	12	10	11	13	1	7	14	2	4	8	7	12	13	6	2	3	8	9	15	14	5	4	10	1	0	11	1578	8252
3	15	11	7	7	3	15	11	1	5	9	13	5	9	13	1	2	0	10	8	6	12	14	4	0	10	8	2	4	6	12	14	939	11332
4	0	12	8	0	12	8	4	6	10	14	2	2	6	10	14	5	15	13	7	1	3	9	11	7	5	15	13	3	9	11	1	2710	4096
4	0	14	10	1	15	11	5	12	2	6	8	9	13	3	7	0	3	10	9	5	12	15	6	8	1	2	11	13	14	7	4	4891	5930
4	1	12	9	0	13	8	5	6	11	14	3	2	7	10	15	5	14	13	6	1	2	9	10	7	4	15	12	3	8	11	0	4178	4949
4	1	14	11	1	14	11	4	12	3	6	9	9	12	3	6	0	2	10	8	5	13	15	7	8	0	2	10	13	15	7	5	4096	1919
4	2	12	10	0	14	8	6	6	8	14	0	2	4	10	12	5	13	13	5	1	1	9	9	7	7	15	15	3	11	11	3	780	936
4	2	14	8	1	13	11	7	12	0	6	10	9	15	3	5	0	1	10	11	5	14	15	4	8	3	2	9	13	12	7	6	4096	1834
4	3	12	11	0	15	8	7	6	9	14	1	2	5	10	13	5	12	13	4	1	0	9	8	7	6	15	14	3	10	11	2	7041	811
4	3	14	9	1	12	11	6	12	1	6	11	9	14	3	4	0	0	10	10	5	15	15	5	8	2	2	8	13	13	7	7	4096	1834
4	4	12	12	0	8	8	0	6	14	14	6	2	2	10	10	5	11	13	3	1	7	9	15	7	1	15	9	3	13	11	5	2774	4879
4	4	14	14	1	11	11	1	12	6	6	12	9	9	3	3	0	7	10	13	5	8	15	2	8	5	2	15	13	10	7	0	4161	6933
4	5	12	13	0	9	8	1	6	15	14	7	2	3	10	11	5	10	13	2	1	6	9	14	7	0	15	8	3	12	11	4	4096	2710
4	5	14	15	1	10	11	0	12	7	6	13	9	8	3	2	0	6	10	12	5	9	15	3	8	4	2	14	13	11	7	1	4096	2112
4	6	12	14	0	10	8	2	6	12	14	4	2	0	10	8	5	9	13	1	1	5	9	13	7	3	15	11	3	15	11	7	588	5096
4	6	14	12	1	9	11	3	12	4	6	14	9	11	3	1	0	5	10	15	5	10	15	0	8	7	2	13	13	8	7	2	4096	2218
4	7	12	15	0	11	8	3	6	13	14	5	2	1	10	9	5	8	13	0	1	4	9	12	7	2	15	10	3	14	11	6	4190	845
4	7	14	13	1	8	11	2	12	5	6	15	9	10	3	0	0	4	10	14	5	11	15	1	8	6	2	12	13	9	7	3	4096	2282
4	8	12	0	0	4	8	12	6	2	14	10	2	14	10	6	5	7	13	15	1	11	9	3	7	13	15	5	3	1	11	9	4957	3285
4	8	14	2	1	7	11	13	12	10	6	0	9	5	3	15	0	11	10	1	5	4	15	14	8	9	2	3	13	6	7	12	4244	11298
4	9	12	1	0	5	8	13	6	3	14	11	2	15	10	7	5	6	13	14	1	10	9	2	7	12	15	4	3	0	11	8	5076	3286
4	9	14	3	1	6	11	12	12	11	6	1	9	4	3	14	0	10	10	0	5	5	15	15	8	8	2	2	13	7	7	13	4096	341
4	10	12	2	0	6	8	14	6	0	14	8	2	12	10	4	5	5	13	13	1	9	9	1	7	15	15	7	3	3	11	11	4119	3242
4	10	14	0	1	5	11	15	12	8	6	2	9	7	3	13	0	9	10	3	5	6	15	12	8	11	2	1	13	4	7	14	192	169
4	11	12	3	0	7	8	15	6	1	14	9	2	13	10	5	5	4	13	12	1	8	9	0	7	14	15	6	3	2	11	10	2956	11312
4	11	14	1	1	4	11	14	12	9	6	3	9	6	3	12	0	8	10	2	5	7	15	13	8	10	2	0	13	5	7	15	4096	8530
4	12	12	4	0	0	8	8	6	6	14	14	2	10	10	2	5	3	13	11	1	15	9	7	7	9	15	1	3	5	11	13	6546	11504
4	12	14	6	1	3	11	9	12	14	6	4	9	1	3	11	0	15	10	5	5	0	15	10	8	13	2	7	13	2	7	8	6222	40
4	13	12	5	0	1	8	9	6	7	14	15	2	11	10	3	5	2	13	10	1	14	9	6	7	8	15	0	3	4	11	12	534	11341
4	13	14	7	1	2	11	8	12	15	6	5	9	0	3	10	0	14	10	4	5	1	15	11	8	12	2	6	13	3	7	9	4096	3668
4	14	12	6	0	2	8	10	6	4	14	12	2	8	10	0	5	1	13	9	1	13	9	5	7	11	15	3	3	7	11	15	4178	11434
4	14	14	4	1	1	11	11	12	12	6	6	9	3	3	9	0	13	10	7	5	2	15	8	8	15	2	5	13	0	7	10	4096	3838
4	15	12	7	0	3	8	11	6	5	14	13	2	9	10	1	5	0	13	8	1	12	9	4	7	10	15	2	3	6	11	14	972	616
4	15	14	5	1	0	11	10	12	13	6	7	9	2	3	8	0	12	10	6	5	3	15	9	8	14	2	4	13	1	7	11	4096	3838
5	0	13	8	1	12	9	4	7	10	15	2	3	6	11	14	4	15	12	7	0	3	8	11	6	5	14	13	2	9	10	1	780	810
5	0	15	10	0	15	10	5	13	2	7	8	8	13	2	7	1	3	11	9	4	12	14	6	9	1	3	11	12	14	6	4	2132	4112
5	1	13	9	1	13	9	5	7	11	15	3	3	7	11	15	4	14	12	6	0	2	8	10	6	4	14	12	2	8	10	0	4096	5734
5	1	15	11	0	14	10	4	13	3	7	9	8	12	2	6	1	2	11	8	4	13	14	7	9	0	3	10	12	15	6	5	148	4201
5	2	13	10	1	14	9	6	7	8	15	0	3	4	11	12	4	13	12	5	0	1	8	9	6	7	14	15	2	11	10	3	855	908
5	2	15	8	0	13	10	7	13	0	7	10	8	15	2	5	1	1	11	11	4	14	14	4	9	3	3	9	12	12	6	6	4096	4775
5	3	13	11	1	15	9	7	7	9	15	1	3	5	11	13	4	12	12	4	0	0	8	8	6	6	14	14	2	10	10	2	4186	4250
5	3	15	9	0	12	10	6	13	1	7	11	8	14	2	4	1	0	11	10	4	15	14	5	9	2	3	8	12	13	6	7	2133	0
5	4	13	12	1	8	9	0	7	14	15	6	3	2	11	10	4	11	12	3	0	7	8	15	6	1	14	9	2	13	10	5	2956	5068
5	4	15	14	0	11	10	1	13	6	7	12	8	9	2	3	1	7	11	13	4	8	14	2	9	5	3	15	12	10	6	0	2048	4097
5	5	13	13	1	9	9	1	7	15	15	7	3	3	11	11	4	10	12	2	0	6	8	14	6	0	14	8	2	12	10	4	4101	4949
5	5	15	15	0	10	10	0	13	7	7	13	8	8	2	2	1	6	11	12	4	9	14	3	9	4	3	14	12	11	6	1	4096	4696
5	6	13	14	1	10	9	2	7	12	15	4	3	0	11	8	4	9	12	1	0	5	8	13	6	3	14	11	2	15	10	7	4182	5026
5	6	15	12	0	9	10	3	13	4	7	14	8	11	2	1	1	5	11	15	4	10	14	0	9	7	3	13	12	8	6	2	192	169
5	7	13	15	1	11	9	3	7	13	15	5	3	1	11	9	4	8	12	0	0	4	8	12	6	2	14	10	2	14	10	6	4876	716
5	7	15	13	0	8	10	2	13	5	7	15	8	10	2	0	1	4	11	14	4	11	14	1	9	6	3	12	12	9	6	3	2068	4224
5	8	13	0	1	4	9	12	7	2	15	10	3	14	11	6	4	7	12	15	0	11	8	3	6	13	14	5	2	1	10	9	4097	10390
5	8	15	2	0	7	10	13	13	10	7	0	8	5	2	15	1	11	11	1	4	4	14	14	9	9	3	3	12	6	6	12	4096	2112
5	9	13	1	1	5	9	13	7	3	15	11	3	15	11	7	4	6	12	14	0	10	8	2	6	12	14	4	2	0	10	8	534	3095
5	9	15	3	0	6	10	12	13	11	7	1	8	4	2	14	1	10	11	0	4	5	14	15	9	8	3	2	12	7	6	13	4096	2112
5	10	13	2	1	6	9	14	7	0	15	8	3	12	11	4	4	5	12	13	0	9	8	1	6	15	14	7	2	3	10	11	4101	11434
5	10	15	0	0	5	10	15	13	8	7	2	8	7	2	13	1	9	11	3	4	6	14	12	9	11	3	1	12	4	6	14	4096	9242
5	11	13	3	1	7	9	15	7	1	15	9	3	13	11	5	4	4	12	12	0	8	8	0	6	14	14	6	2	2	10	10	853	3112
5	11	15	1	0	4	10	14	13	9	7	3	8	6	2	12	1	8	11	2	4	7	14	13	9	10	3	0	12	5	6	15	4096	2282
5	12	13	4	1	0	9	8	7	6	15	14	3	10	11	2	4	3	12	11	0	15	8	7	6	9	14	1	2	5	10	13	2956	11468
5	12	15	6	0	3	10	9	13	14	7	4	8	1	2	11	1	15	11	5	4	0	14	10	9	13	3	7	12	2	6	8	4096	2069
5	13	13	5	1	1	9	9	7	7	15	15	3	11	11	3	4	2	12	10	0	14	8	6	6	8	14	0	2	4	10	12	4228	11477
5	13	15	7	0	2	10	8	13	15	7	5	8	0	2	10	1	14	11	4	4	1	14	11	9	12	3	6	12	3	6	9	4096	9445
5	14	13	6	1	2	9	10	7	4	15	12	3	8	11	0	4	1	12	9	0	13	8	5	6	11	14	3	2	7	10	15	4096	9830
5	14	15	4	0	1	10	11	13	12	7	6	8	3	2	9	1	13	11	7	4	2	14	8	9	15	3	5	12	0	6	10	212	150
5	15	13	7	1	3	9	11	7	5	15	13	3	9	11	1	4	0	12	8	0	12	8	4	6	10	14	2	2	6	10	14	780	3156
5	15	15	5	0	0	10	10	13	13	7	7	8	2	2	8	1	12	11	6	4	3	14	9	9	14	3	4	12	1	6	11	148	8264
6	0	12	10	3	15	9	5	14	2	4	8	11	13	1	7	2	3	8	9	7	12	13	6	10	1	0	11	15	14	5	4	41	4201
6	0	14	8	2	12	10	4	4	10	12	2	0	6	8	14	7	15	15	7	3	3	11	11	5	5	13	13	1	9	9	1	2956	4913
6	1	12	11	3	14	9	4	14	3	4	9	11	12	1	6	2	2	8	8	7	13	13	7	10	0	0	10	15	15	5	5	2538	4156
6	1	14	9	2	13	10	5	4	11	12	3	0	7	8	15	7	14	15	6	3	2	11	10	5	4	13	12	1	8	9	0	745	811
6	2	12	8	3	13	9	7	14	0	4	10	11	15	1	5	2	1	8	11	7	14	13	4	10	3	0	9	15	12	5	6	384	4104
6	2	14	10	2	14	10	6	4	8	12	0	0	4	8	12	7	13	15	5	3	1	11	9	5	7	13	15	1	11	9	3	1000	919
6	3	12	9	3	12	9	6	14	1	4	11	11	14	1	4	2	0	8	10	7	15	13	5	10	2	0	8	15	13	5	7	2218	4098
6	3	14	11	2	15	10	7	4	9	12	1	0	5	8	13	7	12	15	4	3	0	11	8	5	6	13	14	1	10	9	2	938	936
6	4	12	14	3	11	9	1	14	6	4	12	11	9	1	3	2	7	8	13	7	8	13	2	10	5	0	15	15	10	5	0	4096	258
6	4	14	12	2	8	10	0	4	14	12	6	0	2	8	10	7	11	15	3	3	7	11	15	5	1	13	9	1	13	9	5	2857	972
6	5	12	15	3	10	9	0	14	7	4	13	11	8	1	2	2	6	8	12	7	9	13	3	10	4	0	14	15	11	5	1	4096	258
6	5	14	13	2	9	10	1	4	15	12	7	0	3	8	11	7	10	15	2	3	6	11	14	5	0	13	8	1	12	9	4	716	5070
6	6	12	12	3	9	9	3	14	4	4	14	11	11	1	1	2	5	8	15	7	10	13	0	10	7	0	13	15	8	5	2	424	4096
6	6	14	14	2	10	10	2	4	12	12	4	0	0	8	8	7	9	15	1	3	5	11	13	5	3	13	11	1	15	9	7	6498	4879
6	7	12	13	3	8	9	2	14	5	4	15	11	10	1	0	2	4	8	14	7	11	13	1	10	6	0	12	15	9	5	3	4096	424
6	7	14	15	2	11	10	3	4	13	12	5	0	1	8	9	7	8	15	0	3	4	11	12	5	2	13	10	1	14	9	6	875	938
6	8	12	2	3	7	9	13	14	10	4	0	11	5	1	15	2	11	8	1	7	4	13	14	10	9	0	3	15	6	5	12	4096	2069
6	8	14	0	2	4	10	12	4	2	12	10	0	14	8	6	7	7	15	15	3	11	11	3	5	13	13	5	1	1	9	9	2857	3095
6	9	12	3	3	6	9	12	14	11	4	1	11	4	1	14	2	10	8	0	7	5	13	15	10	8	0	2	15	7	5	13	4096	2069
6	9	14	1	2	5	10	13	4	3	12	11	0	15	8	7	7	6	15	14	3	10	11	2	5	12	13	4	1	0	9	8	1001	11426
6	10	12	0	3	5	9	15	14	8	4	2	11	7	1	13	2	9	8	3	7	6	13	12	10	11	0	1	15	4	5	14	384	8320
6	10	14	2	2	6	10	14	4	0	12	8	0	12	8	4	7	5	15	13	3	9	11	1	5	15	13	7	1	3	9	11	5006	9337
6	11	12	1	3	4	9	14	14	9	4	3	11	6	1	12	2	8	8	2	7	7	13	13	10	10	0	0	15	5	5	15	40	9386
6	11	14	3	2	7	10	15	4	1	12	9	0	13	8	5	7	4	15	12	3	8	11	0	5	14	13	6	1	2	9	10	780	3241
6	12	12	6	3	3	9	9	14	14	4	4	11	1	1	11	2	15	8	5	7	0	13	10	10	13	0	7	15	2	5	8	2218	8256
6	12	14	4	2	0	10	8	4	6	12	14	0	10	8	2	7	3	15	11	3	15	11	7	5	9	13	1	1	5	9	13	808	3092
6	13	12	7	3	2	9	8	14	15	4	5	11	0	1	10	2	14	8	4	7	1	13	11	10	12	0	6	15	3	5	9	2472	8252
6	13	14	5	2	1	10	9	4	7	12	15	0	11	8	3	7	2	15	10	3	14	11	6	5	8	13	0	1	4	9	12	2664	11504
6	14	12	4	3	1	9	11	14	12	4	6	11	3	1	9	2	13	8	7	7	2	13	8	10	15	0	5	15	0	5	10	41	8264
6	14	14	6	2	2	10	10	4	4	12	12	0	8	8	0	7	1	15	9	3	13	11	5	5	11	13	3	1	7	9	15	811	534
6	15	12	5	3	0	9	10	14	13	4	7	11	2	1	8	2	12	8	6	7	3	13	9	10	14	0	4	15	1	5	11	4096	2282
6	15	14	7	2	3	10	11	4	5	12	13	0	9	8	1	7	0	15	8	3	12	11	4	5	10	13	2	1	6	9	14	811	616
7	0	13	10	2	15	8	5	15	2	5	8	10	13	0	7	3	3	9	9	6	12	12	6	11	1	1	11	14	14	4	4	2048	4160
7	0	15	8	3	12	11	4	5	10	13	2	1	6	9	14	6	15	14	7	2	3	10	11	4	5	12	13	0	9	8	1	780	854
7	1	13	11	2	14	8	4	15	3	5	9	10	12	0	6	3	2	9	8	6	13	12	7	11	0	1	10	14	15	4	5	4096	1834
7	1	15	9	3	13	11	5	5	11	13	3	1	7	9	15	6	14	14	6	2	2	10	10	4	4	12	12	0	8	8	0	1002	808
7	2	13	8	2	13	8	7	15	0	5	10	10	15	0	5	3	1	9	11	6	14	12	4	11	3	1	9	14	12	4	6	4096	1920
7	2	15	10	3	14	11	6	5	8	13	0	1	4	9	12	6	13	14	5	2	1	10	9	4	7	12	15	0	11	8	3	4451	4887
7	3	13	9	2	12	8	6	15	1	5	11	10	14	0	4	3	0	9	10	6	15	12	5	11	2	1	8	14	13	4	7	4096	1920
7	3	15	11	3	15	11	7	5	9	13	1	1	5	9	13	6	12	14	4	2	0	10	8	4	6	12	14	0	10	8	2	2921	4915
7	4	13	14	2	11	8	1	15	6	5	12	10	9	0	3	3	7	9	13	6	8	12	2	11	5	1	15	14	10	4	0	42	22
7	4	15	12	3	8	11	0	5	14	13	6	1	2	9	10	6	11	14	3	2	7	10	15	4	1	12	9	0	13	8	5	2857	5068
7	5	13	15	2	10	8	0	15	7	5	13	10	8	0	2	3	6	9	12	6	9	12	3	11	4	1	14	14	11	4	1	256	4160
7	5	15	13	3	9	11	1	5	15	13	7	1	3	9	11	6	10	14	2	2	6	10	14	4	0	12	8	0	12	8	4	4940	2966
7	6	13	12	2	9	8	3	15	4	5	14	10	11	0	1	3	5	9	15	6	10	12	0	11	7	1	13	14	8	4	2	2538	4291
7	6	15	14	3	10	11	2	5	12	13	4	1	0	9	8	6	9	14	1	2	5	10	13	4	3	12	11	0	15	8	7	4454	5069
7	7	13	13	2	8	8	2	15	5	5	15	10	10	0	0	3	4	9	14	6	11	12	1	11	6	1	12	14	9	4	3	4096	2112
7	7	15	15	3	11	11	3	5	13	13	5	1	1	9	9	6	8	14	0	2	4	10	12	4	2	12	10	0	14	8	6	2857	972
7	8	13	2	2	7	8	13	15	10	5	0	10	5	0	15	3	11	9	1	6	4	12	14	11	9	1	3	14	6	4	12	2048	8196
7	8	15	0	3	4	11	12	5	2	13	10	1	14	9	6	6	7	14	15	2	11	10	3	4	13	12	5	0	1	8	9	939	3156
7	9	13	3	2	6	8	12	15	11	5	1	10	4	0	14	3	10	9	0	6	5	12	15	11	8	1	2	14	7	4	13	2538	8387
7	9	15	1	3	5	11	13	5	3	13	11	1	15	9	7	6	6	14	14	2	10	10	2	4	12	12	4	0	0	8	8	5034	8352
7	10	13	0	2	5	8	15	15	8	5	2	10	7	0	13	3	9	9	3	6	6	12	12	11	11	1	1	14	4	4	14	4096	424
7	10	15	2	3	6	11	14	5	0	13	8	1	12	9	4	6	5	14	13	2	9	10	1	4	15	12	7	0	3	8	11	4457	8320
7	11	13	1	2	4	8	14	15	9	5	3	10	6	0	12	3	8	9	2	6	7	12	13	11	10	1	0	14	5	4	15	4096	424
7	11	15	3	3	7	11	15	5	1	13	9	1	13	9	5	6	4	14	12	2	8	10	0	4	14	12	6	0	2	8	10	2923	3115
7	12	13	6	2	3	8	9	15	14	5	4	10	1	0	11	3	15	9	5	6	0	12	10	11	13	1	7	14	2	4	8	2218	8192
7	12	15	4	3	0	11	8	5	6	13	14	1	10	9	2	6	3	14	11	2	15	10	7	4	9	12	1	0	5	8	13	4236	3157
7	13	13	7	2	2	8	8	15	15	5	5	10	0	0	10	3	14	9	4	6	1	12	11	11	12	1	6	14	3	4	9	4096	3585
7	13	15	5	3	1	11	9	5	7	13	15	1	11	9	3	6	2	14	10	2	14	10	6	4	8	12	0	0	4	8	12	717	11464
7	14	13	4	2	1	8	11	15	12	5	6	10	3	0	9	3	13	9	7	6	2	12	8	11	15	1	5	14	0	4	10	2048	8444
7	14	15	6	3	2	11	10	5	4	13	12	1	8	9	0	6	1	14	9	2	13	10	5	4	11	12	3	0	7	8	15	2956	11312
7	15	13	5	2	0	8	10	15	13	5	7	10	2	0	8	3	12	9	6	6	3	12	9	11	14	1	4	14	1	4	11	2048	8194
7	15	15	7	3	3	11	11	5	5	13	13	1	9	9	1	6	0	14	8	2	12	10	4	4	10	12	2	0	6	8	14	7049	11468
8	0	0	8	12	12	4	4	10	10	2	2	14	6	6	14	9	15	1	7	13	3	5	11	11	5	3	13	15	9	7	1	3377	4915
8	0	2	10	13	15	7	5	0	2	10	8	5	13	15	7	12	3	6	9	9	12	3	6	4	1	14	11	1	14	11	4	11362	4974
8	1	0	9	12	13	4	5	10	11	2	3	14	7	6	15	9	14	1	6	13	2	5	10	11	4	3	12	15	8	7	0	10598	4096
8	1	2	11	13	14	7	4	0	3	10	9	5	12	15	6	12	2	6	8	9	13	3	7	4	0	14	10	1	15	11	5	8192	1834
8	2	0	10	12	14	4	6	10	8	2	0	14	4	6	12	9	13	1	5	13	1	5	9	11	7	3	15	15	11	7	3	10390	791
8	2	2	8	13	13	7	7	0	0	10	10	5	15	15	5	12	1	6	11	9	14	3	4	4	3	14	9	1	12	11	6	2048	4128
8	3	0	11	12	15	4	7	10	9	2	1	14	5	6	13	9	12	1	4	13	0	5	8	11	6	3	14	15	10	7	2	8373	5026
8	3	2	9	13	12	7	6	0	1	10	11	5	14	15	4	12	0	6	10	9	15	3	5	4	2	14	8	1	13	11	7	212	150
8	4	0	12	12	8	4	0	10	14	2	6	14	2	6	10	9	11	1	3	13	7	5	15	11	1	3	9	15	13	7	5	3221	4949
8	4	2	14	13	11	7	1	0	6	10	12	5	9	15	3	12	7	6	13	9	8	3	2	4	5	14	15	1	10	11	0	86	4246
8	5	0	13	12	9	4	1	10	15	2	7	14	3	6	11	9	10	1	2	13	6	5	14	11	0	3	8	15	12	7	4	11670	791
8	5	2	15	13	10	7	0	0	7	10	13	5	8	15	2	12	6	6	12	9	9	3	3	4	4	14	14	1	11	11	1	2048	4160
8	6	0	14	12	10	4	2	10	12	2	4	14	0	6	8	9	9	1	1	13	5	5	13	11	3	3	11	15	15	7	7	3092	873
8	6	2	12	13	9	7	3	0	4	10	14	5	11	15	1	12	5	6	15	9	10	3	0	4	7	14	13	1	8	11	2	2068	4098
8	7	0	15	12	11	4	3	10	13	2	5	14	1	6	9	9	8	1	0	13	4	5	12	11	2	3	10	15	14	7	6	8214	4906
8	7	2	13	13	8	7	2	0	5	10	15	5	10	15	0	12	4	6	14	9	11	3	1	4	6	14	12	1	9	11	3	8192	2112
8	8	0	0	12	4	4	12	10	2	2	10	14	14	6	6	9	7	1	15	13	11	5	3	11	13	3	5	15	1	7	9	3184	3093
8	8	2	2	13	7	7	13	0	10	10	0	5	5	15	15	12	11	6	1	9	4	3	14	4	9	14	3	1	6	11	12	2	22
8	9	0	1	12	5	4	13	10	3	2	11	14	15	6	7	9	6	1	14	13	10	5	2	11	12	3	4	15	0	7	8	3123	3478
8	9	2	3	13	6	7	12	0	11	10	1	5	4	15	14	12	10	6	0	9	5	3	15	4	8	14	2	1	7	11	13	149	64
8	10	0	2	12	6	4	14	10	0	2	8	14	12	6	4	9	5	1	13	13	9	5	1	11	15	3	7	15	3	7	11	10422	8321
8	10	2	0	13	5	7	15	0	8	10	2	5	7	15	13	12	9	6	3	9	6	3	12	4	11	14	1	1	4	11	14	2325	8387
8	11	0	3	12	7	4	15	10	1	2	9	14	13	6	5	9	4	1	12	13	8	5	0	11	14	3	6	15	2	7	10	3251	3178
8	11	2	1	13	4	7	14	0	9	10	3	5	6	15	12	12	8	6	2	9	7	3	13	4	10	14	0	1	5	11	15	8192	424
8	12	0	4	12	0	4	8	10	6	2	14	14	10	6	2	9	3	1	11	13	15	5	7	11	9	3	1	15	5	7	13	8243	3157
8	12	2	6	13	3	7	9	0	14	10	4	5	1	15	11	12	15	6	5	9	0	3	10	4	13	14	7	1	2	11	8	11332	105
8	13	0	5	12	1	4	9	10	7	2	15	14	11	6	3	9	2	1	10	13	14	5	6	11	8	3	0	15	4	7	12	1046	3304
8	13	2	7	13	2	7	8	0	15	10	5	5	0	15	10	12	14	6	4	9	1	3	11	4	12	14	6	1	3	11	9	8192	3585
8	14	0	6	12	2	4	10	10	4	2	12	14	8	6	0	9	1	1	9	13	13	5	5	11	11	3	3	15	7	7	15	3222	3092
8	14	2	4	13	1	7	11	0	12	10	6	5	3	15	9	12	13	6	7	9	2	3	8	4	15	14	5	1	0	11	10	84	8232
8	15	0	7	12	3	4	11	10	5	2	13	14	9	6	1	9	0	1	8	13	12	5	4	11	10	3	2	15	6	7	14	3092	3176
8	15	2	5	13	0	7	10	0	13	10	7	5	2	15	8	12	12	6	6	9	3	3	9	4	14	14	4	1	1	11	11	8192	3668
9	0	1	8	13	12	5	4	11	10	3	2	15	6	7	14	8	15	0	7	12	3	4	11	10	5	2	13	14	9	6	1	3441	4913
9	0	3	10	12	15	6	5	1	2	11	8	4	13	14	7	13	3	7	9	8	12	2	6	5	1	15	11	0	14	10	4	8192	343
9	1	1	9	13	13	5	5	11	11	3	3	15	7	7	15	8	14	0	6	12	2	4	10	10	4	2	12	14	8	6	0	10391	811
9	1	3	11	12	14	6	4	1	3	11	9	4	12	14	6	13	2	7	8	8	13	2	7	5	0	15	10	0	15	10	5	8192	4696
9	2	1	10	13	14	5	6	11	8	3	0	15	4	7	12	8	13	0	5	12	1	4	9	10	7	2	15	14	11	6	3	10646	4879
9	2	3	8	12	13	6	7	1	0	11	10	4	15	14	5	13	1	7	11	8	14	2	4	5	3	15	9	0	12	10	6	8192	258
9	3	1	11	13	15	5	7	11	9	3	1	15	5	7	13	8	12	0	4	12	0	4	8	10	6	2	14	14	10	6	2	8325	918
9	3	3	9	12	12	6	6	1	1	11	11	4	14	14	4	13	0	7	10	8	15	2	5	5	2	15	8	0	13	10	7	8192	258
9	4	1	12	13	8	5	0	11	14	3	6	15	2	7	10	8	11	0	3	12	7	4	15	10	1	2	9	14	13	6	5	3093	973
9	4	3	14	12	11	6	1	1	6	11	12	4	9	14	3	13	7	7	13	8	8	2	2	5	5	15	15	0	10	10	0	8192	258
9	5	1	13	13	9	5	1	11	15	3	7	15	3	7	11	8	10	0	2	12	6	4	14	10	0	2	8	14	12	6	4	1430	4096
9	5	3	15	12	10	6	0	1	7	11	13	4	8	14	2	13	6	7	12	8	9	2	3	5	4	15	14	0	11	10	1	2048	4097
9	6	1	14	13	10	5	2	11	12	3	4	15	0	7	8	8	9	0	1	12	5	4	13	10	3	2	11	14	15	6	7	3223	4933
9	6	3	12	12	9	6	3	1	4	11	14	4	11	14	1	13	5	7	15	8	10	2	0	5	7	15	13	0	8	10	2	8192	4775
9	7	1	15	13	11	5	3	11	13	3	5	15	1	7	9	8	8	0	0	12	4	4	12	10	2	2	10	14	14	6	6	11665	5060
9	7	3	13	12	8	6	2	1	5	11	15	4	10	14	0	13	4	7	14	8	11	2	1	5	6	15	12	0	9	10	3	8192	424
9	8	1	0	13	4	5	12	11	2	3	10	15	14	7	6	8	7	0	15	12	11	4	3	10	13	2	5	14	1	6	9	3315	3158
9	8	3	2	12	7	6	13	1	10	11	0	4	5	14	15	13	11	7	1	8	4	2	14	5	9	15	3	0	6	10	12	8192	2069
9	9	1	1	13	5	5	13	11	3	3	11	15	15	7	7	8	6	0	14	12	10	4	2	10	12	2	4	14	0	6	8	3223	11426
9	9	3	3	12	6	6	12	1	11	11	1	4	4	14	14	13	10	7	0	8	5	2	15	5	8	15	2	0	7	10	13	8192	9445
9	10	1	2	13	6	5	14	11	0	3	8	15	12	7	4	8	5	0	13	12	9	4	1	10	15	2	7	14	3	6	11	3092	3176
9	10	3	0	12	5	6	15	1	8	11	2	4	7	14	13	13	9	7	3	8	6	2	12	5	11	15	1	0	4	10	14	8192	2112
9	11	1	3	13	7	5	15	11	1	3	9	15	13	7	5	8	4	0	12	12	8	4	0	10	14	2	6	14	2	6	10	3159	3241
9	11	3	1	12	4	6	14	1	9	11	3	4	6	14	12	13	8	7	2	8	7	2	13	5	10	15	0	0	5	10	15	8192	2112
9	12	1	4	13	0	5	8	11	6	3	14	15	10	7	2	8	3	0	11	12	15	4	7	10	9	2	1	14	5	6	13	3092	3092
9	12	3	6	12	3	6	9	1	14	11	4	4	1	14	11	13	15	7	5	8	0	2	10	5	13	15	7	0	2	10	8	8192	2112
9	13	1	5	13	1	5	9	11	7	3	15	15	11	7	3	8	2	0	10	12	14	4	6	10	8	2	0	14	4	6	12	11348	3221
9	13	3	7	12	2	6	8	1	15	11	5	4	0	14	10	13	14	7	4	8	1	2	11	5	12	15	6	0	3	10	9	8192	2112
9	14	1	6	13	2	5	10	11	4	3	12	15	8	7	0	8	1	0	9	12	13	4	5	10	11	2	3	14	7	6	15	1046	3284
9	14	3	4	12	1	6	11	1	12	11	6	4	3	14	9	13	13	7	7	8	2	2	8	5	15	15	5	0	0	10	10	212	104
9	15	1	7	13	3	5	11	11	5	3	13	15	9	7	1	8	0	0	8	12	12	4	4	10	10	2	2	14	6	6	14	8336	11434
9	15	3	5	12	0	6	10	1	13	11	7	4	2	14	8	13	12	7	6	8	3	2	9	5	14	15	4	0	1	10	11	8192	2282
10	0	0	10	15	15	5	5	2	2	8	8	7	13	13	7	14	3	4	9	11	12	1	6	6	1	12	11	3	14	9	4	2538	4156
10	0	2	8	14	12	6	4	8	10	0	2	12	6	4	14	11	15	3	7	15	3	7	11	9	5	1	13	13	9	5	1	3112	810
10	1	0	11	15	14	5	4	2	3	8	9	7	12	13	6	14	2	4	8	11	13	1	7	6	0	12	10	3	15	9	5	8192	258
10	1	2	9	14	13	6	5	8	11	0	3	12	7	4	15	11	14	3	6	15	2	7	10	9	4	1	12	13	8	5	0	1074	4913
10	2	0	8	15	13	5	7	2	0	8	10	7	15	13	5	14	1	4	11	11	14	1	4	6	3	12	9	3	12	9	6	2218	4098
10	2	2	10	14	14	6	6	8	8	0	0	12	4	4	12	11	13	3	5	15	1	7	9	9	7	1	15	13	11	5	3	3178	910
10	3	0	9	15	12	5	6	2	1	8	11	7	14	13	4	14	0	4	10	11	15	1	5	6	2	12	8	3	13	9	7	104	168
10	3	2	11	14	15	6	7	8	9	0	1	12	5	4	13	11	12	3	4	15	0	7	8	9	6	1	14	13	10	5	2	8283	4251
10	4	0	14	15	11	5	1	2	6	8	12	7	9	13	3	14	7	4	13	11	8	1	2	6	5	12	15	3	10	9	0	2474	5068
10	4	2	12	14	8	6	0	8	14	0	6	12	2	4	10	11	11	3	3	15	7	7	15	9	1	1	9	13	13	5	5	11451	917
10	5	0	15	15	10	5	0	2	7	8	13	7	8	13	2	14	6	4	12	11	9	1	3	6	4	12	14	3	11	9	1	40	86
10	5	2	13	14	9	6	1	8	15	0	7	12	3	4	11	11	10	3	2	15	6	7	14	9	0	1	8	13	12	5	4	3114	917
10	6	0	12	15	9	5	3	2	4	8	14	7	11	13	1	14	5	4	15	11	10	1	0	6	7	12	13	3	8	9	2	2048	4104
10	6	2	14	14	10	6	2	8	12	0	4	12	0	4	8	11	9	3	1	15	5	7	13	9	3	1	11	13	15	5	7	3184	874
10	7	0	13	15	8	5	2	2	5	8	15	7	10	13	0	14	4	4	14	11	11	1	1	6	6	12	12	3	9	9	3	8192	258
10	7	2	15	14	11	6	3	8	13	0	5	12	1	4	9	11	8	3	0	15	4	7	12	9	2	1	10	13	14	5	6	10691	6595
10	8	0	2	15	7	5	13	2	10	8	0	7	5	13	15	14	11	4	1	11	4	1	14	6	9	12	3	3	6	9	12	424	8192
10	8	2	0	14	4	6	12	8	2	0	10	12	14	4	6	11	7	3	15	15	11	7	3	9	13	1	5	13	1	5	9	3113	11426
10	9	0	3	15	6	5	12	2	11	8	1	7	4	13	14	14	10	4	0	11	5	1	15	6	8	12	2	3	7	9	13	2048	8208
10	9	2	1	14	5	6	13	8	3	0	11	12	15	4	7	11	6	3	14	15	10	7	2	9	12	1	4	13	0	5	8	11496	11667
10	10	0	0	15	5	5	15	2	8	8	2	7	7	13	13	14	9	4	3	11	6	1	12	6	11	12	1	3	4	9	14	8192	2218
10	10	2	2	14	6	6	14	8	0	0	8	12	12	4	4	11	5	3	13	15	9	7	1	9	15	1	7	13	3	5	11	1256	11299
10	11	0	1	15	4	5	14	2	9	8	3	7	6	13	12	14	8	4	2	11	7	1	13	6	10	12	0	3	5	9	15	169	2
10	11	2	3	14	7	6	15	8	1	0	9	12	13	4	5	11	4	3	12	15	8	7	0	9	14	1	6	13	2	5	10	3306	3176
10	12	0	6	15	3	5	9	2	14	8	4	7	1	13	11	14	15	4	5	11	0	1	10	6	13	12	7	3	2	9	8	2472	8252
10	12	2	4	14	0	6	8	8	6	0	14	12	10	4	2	11	3	3	11	15	15	7	7	9	9	1	1	13	5	5	13	8571	11496
10	13	0	7	15	2	5	8	2	15	8	5	7	0	13	10	14	14	4	4	11	1	1	11	6	12	12	6	3	3	9	9	2282	8192
10	13	2	5	14	1	6	9	8	7	0	15	12	11	4	3	11	2	3	10	15	14	7	6	9	8	1	0	13	4	5	12	3113	3092
10	14	0	4	15	1	5	11	2	12	8	6	7	3	13	9	14	13	4	7	11	2	1	8	6	15	12	5	3	0	9	10	2048	8320
10	14	2	6	14	2	6	10	8	4	0	12	12	8	4	0	11	1	3	9	15	13	7	5	9	11	1	3	13	7	5	15	10313	8318
10	15	0	5	15	0	5	10	2	13	8	7	7	2	13	8	14	12	4	6	11	3	1	9	6	14	12	4	3	1	9	11	2538	8252
10	15	2	7	14	3	6	11	8	5	0	13	12	9	4	1	11	0	3	8	15	12	7	4	9	10	1	2	13	6	5	14	1513	11504
11	0	1	10	14	15	4	5	3	2	9	8	6	13	12	7	15	3	5	9	10	12	0	6	7	1	13	11	2	14	8	4	8192	1919
11	0	3	8	15	12	7	4	9	10	1	2	13	6	5	14	10	15	2	7	14	3	6	11	8	5	0	13	12	9	4	1	1202	4876
11	1	1	11	14	14	4	4	3	3	9	9	6	12	12	6	15	2	5	8	10	13	0	7	7	0	13	10	2	15	8	5	64	106
11	1	3	9	15	13	7	5	9	11	1	3	13	7	5	15	10	14	2	6	14	2	6	10	8	4	0	12	12	8	4	0	3113	855
11	2	1	8	14	13	4	7	3	0	9	10	6	15	12	5	15	1	5	11	10	14	0	4	7	3	13	9	2	12	8	6	2218	4096
11	2	3	10	15	14	7	6	9	8	1	0	13	4	5	12	10	13	2	5	14	1	6	9	8	7	0	15	12	11	4	3	8192	5785
11	3	1	9	14	12	4	6	3	1	9	11	6	14	12	4	15	0	5	10	10	15	0	5	7	2	13	8	2	13	8	7	8192	1834
11	3	3	11	15	15	7	7	9	9	1	1	13	5	5	13	10	12	2	4	14	0	6	8	8	6	0	14	12	10	4	2	10681	4879
11	4	1	14	14	11	4	1	3	6	9	12	6	9	12	3	15	7	5	13	10	8	0	2	7	5	13	15	2	10	8	0	2472	4291
11	4	3	12	15	8	7	0	9	14	1	6	13	2	5	10	10	11	2	3	14	7	6	15	8	1	0	9	12	13	4	5	11377	3022
11	5	1	15	14	10	4	0	3	7	9	13	6	8	12	2	15	6	5	12	10	9	0	3	7	4	13	14	2	11	8	1	8192	2112
11	5	3	13	15	9	7	1	9	15	1	7	13	3	5	11	10	10	2	2	14	6	6	14	8	0	0	8	12	12	4	4	3112	981
11	6	1	12	14	9	4	3	3	4	9	14	6	11	12	1	15	5	5	15	10	10	0	0	7	7	13	13	2	8	8	2	107	168
11	6	3	14	15	10	7	2	9	12	1	4	13	0	5	8	10	9	2	1	14	5	6	13	8	3	0	11	12	15	4	7	8369	938
11	7	1	13	14	8	4	2	3	5	9	15	6	10	12	0	15	4	5	14	10	11	0	1	7	6	13	12	2	9	8	3	2538	4291
11	7	3	15	15	11	7	3	9	13	1	5	13	1	5	9	10	8	2	0	14	4	6	12	8	2	0	10	12	14	4	6	1513	4879
11	8	1	2	14	7	4	13	3	10	9	0	6	5	12	15	15	11	5	1	10	4	0	14	7	9	13	3	2	6	8	12	2538	8387
11	8	3	0	15	4	7	12	9	2	1	10	13	14	5	6	10	7	2	15	14	11	6	3	8	13	0	5	12	1	4	9	1513	11504
11	9	1	3	14	6	4	12	3	11	9	1	6	4	12	14	15	10	5	0	10	5	0	15	7	8	13	2	2	7	8	13	8192	341
11	9	3	1	15	5	7	13	9	3	1	11	13	15	5	7	10	6	2	14	14	10	6	2	8	12	0	4	12	0	4	8	8338	3157
11	10	1	0	14	5	4	15	3	8	9	2	6	7	12	13	15	9	5	3	10	6	0	12	7	11	13	1	2	4	8	14	8192	258
11	10	3	2	15	6	7	14	9	0	1	8	13	12	5	4	10	5	2	13	14	9	6	1	8	15	0	7	12	3	4	11	1128	3115
11	11	1	1	14	4	4	14	3	9	9	3	6	6	12	12	15	8	5	2	10	7	0	13	7	10	13	0	2	5	8	15	2472	8387
11	11	3	3	15	7	7	15	9	1	1	9	13	13	5	5	10	4	2	12	14	8	6	0	8	14	0	6	12	2	4	10	3377	11314
11	12	1	6	14	3	4	9	3	14	9	4	6	1	12	11	15	15	5	5	10	0	0	10	7	13	13	7	2	2	8	8	8192	3668
11	12	3	4	15	0	7	8	9	6	1	14	13	10	5	2	10	3	2	11	14	15	6	7	8	9	0	1	12	5	4	13	11673	11460
11	13	1	7	14	2	4	8	3	15	9	5	6	0	12	10	15	14	5	4	10	1	0	11	7	12	13	6	2	3	8	9	8192	3668
11	13	3	5	15	1	7	9	9	7	1	15	13	11	5	3	10	2	2	10	14	14	6	6	8	8	0	0	12	4	4	12	3121	3092
11	14	1	4	14	1	4	11	3	12	9	6	6	3	12	9	15	13	5	7	10	2	0	8	7	15	13	5	2	0	8	10	8192	3838
11	14	3	6	15	2	7	10	9	4	1	12	13	8	5	0	10	1	2	9	14	13	6	5	8	11	0	3	12	7	4	15	3113	11306
11	15	1	5	14	0	4	10	3	13	9	7	6	2	12	8	15	12	5	6	10	3	0	9	7	14	13	4	2	1	8	11	2474	11468
11	15	3	7	15	3	7	11	9	5	1	13	13	9	5	1	10	0	2	8	14	12	6	4	8	10	0	2	12	6	4	14	3306	3094
12	0	4	8	8	12	0	4	14	10	6	2	10	6	2	14	13	15	5	7	9	3	1	11	15	5	7	13	11	9	3	1	2664	4879
12	0	6	10	9	15	3	5	4	2	14	8	1	13	11	7	8	3	2	9	13	12	7	6	0	1	10	11	5	14	15	4	85	22
12	1	4	9	8	13	0	5	14	11	6	3	10	7	2	15	13	14	5	6	9	2	1	10	15	4	7	12	11	8	3	0	1256	791
12	1	6	11	9	14	3	4	4	3	14	9	1	12	11	6	8	2	2	8	13	13	7	7	0	0	10	10	5	15	15	5	8192	1919
12	2	4	10	8	14	0	6	14	8	6	0	10	4	2	12	13	13	5	5	9	1	1	9	15	7	7	15	11	11	3	3	8281	946
12	2	6	8	9	13	3	7	4	0	14	10	1	15	11	5	8	1	2	11	13	14	7	4	0	3	10	9	5	12	15	6	2068	4100
12	3	4	11	8	15	0	7	14	9	6	1	10	5	2	13	13	12	5	4	9	0	1	8	15	6	7	14	11	10	3	2	3284	1174
12	3	6	9	9	12	3	6	4	1	14	11	1	14	11	4	8	0	2	10	13	15	7	5	0	2	10	8	5	13	15	7	1749	4156
12	4	4	12	8	8	0	0	14	14	6	6	10	2	2	10	13	11	5	3	9	7	1	15	15	1	7	9	11	13	3	5	9885	4879
12	4	6	14	9	11	3	1	4	6	14	12	1	9	11	3	8	7	2	13	13	8	7	2	0	5	10	15	5	10	15	0	3668	4096
12	5	4	13	8	9	0	1	14	15	6	7	10	3	2	11	13	10	5	2	9	6	1	14	15	0	7	8	11	12	3	4	3304	982
12	5	6	15	9	10	3	0	4	7	14	13	1	8	11	2	8	6	2	12	13	9	7	3	0	4	10	14	5	11	15	1	2068	4098
12	6	4	14	8	10	0	2	14	12	6	4	10	0	2	8	13	9	5	1	9	5	1	13	15	3	7	11	11	15	3	7	11468	2857
12	6	6	12	9	9	3	3	4	4	14	14	1	11	11	1	8	5	2	15	13	10	7	0	0	7	10	13	5	8	15	2	2048	4160
12	7	4	15	8	11	0	3	14	13	6	5	10	1	2	9	13	8	5	0	9	4	1	12	15	2	7	10	11	14	3	6	9865	4879
12	7	6	13	9	8	3	2	4	5	14	15	1	10	11	0	8	4	2	14	13	11	7	1	0	6	10	12	5	9	15	3	1621	5068
12	8	4	0	8	4	0	12	14	2	6	10	10	14	2	6	13	7	5	15	9	11	1	3	15	13	7	5	11	1	3	9	8777	11442
12	8	6	2	9	7	3	13	4	10	14	0	1	5	11	15	8	11	2	1	13	4	7	14	0	9	10	3	5	6	15	12	8789	11378
12	9	4	1	8	5	0	13	14	3	6	11	10	15	2	7	13	6	5	14	9	10	1	2	15	12	7	4	11	0	3	8	1100	11312
12	9	6	3	9	6	3	12	4	11	14	1	1	4	11	14	8	10	2	0	13	5	7	15	0	8	10	2	5	7	15	13	8192	343
12	10	4	2	8	6	0	14	14	0	6	8	10	12	2	4	13	5	5	13	9	9	1	1	15	15	7	7	11	3	3	11	3177	3243
12	10	6	0	9	5	3	15	4	8	14	2	1	7	11	13	8	9	2	3	13	6	7	12	0	11	10	1	5	4	15	14	8192	8530
12	11	4	3	8	7	0	15	14	1	6	9	10	13	2	5	13	4	5	12	9	8	1	0	15	14	7	6	11	2	3	10	11496	3443
12	11	6	1	9	4	3	14	4	9	14	3	1	6	11	12	8	8	2	2	13	7	7	13	0	10	10	0	5	5	15	15	8192	258
12	12	4	4	8	0	0	8	14	6	6	14	10	10	2	2	13	3	5	11	9	15	1	7	15	9	7	1	11	5	3	13	8861	3304
12	12	6	6	9	3	3	9	4	14	14	4	1	1	11	11	8	15	2	5	13	0	7	10	0	13	10	7	5	2	15	8	3668	8192
12	13	4	5	8	1	0	9	14	7	6	15	10	11	2	3	13	2	5	10	9	14	1	6	15	8	7	0	11	4	3	12	3240	3092
12	13	6	7	9	2	3	8	4	15	14	5	1	0	11	10	8	14	2	4	13	1	7	11	0	12	10	6	5	3	15	9	8192	3668
12	14	4	6	8	2	0	10	14	4	6	12	10	8	2	0	13	1	5	9	9	13	1	5	15	11	7	3	11	7	3	15	3084	3178
12	14	6	4	9	1	3	11	4	12	14	6	1	3	11	9	8	13	2	7	13	2	7	8	0	15	10	5	5	0	15	10	8192	3838
12	15	4	7	8	3	0	11	14	5	6	13	10	9	2	1	13	0	5	8	9	12	1	4	15	10	7	2	11	6	3	14	9880	11504
12	15	6	5	9	0	3	10	4	13	14	7	1	2	11	8	8	12	2	6	13	3	7	9	0	14	10	4	5	1	15	11	3648	8208
13	0	5	8	9	12	1	4	15	10	7	2	11	6	3	14	12	15	4	7	8	3	0	11	14	5	6	13	10	9	2	1	588	4883
13	0	7	10	8	15	2	5	5	2	15	8	0	13	10	7	9	3	3	9	12	12	6	6	1	1	11	11	4	14	14	4	3584	4128
13	1	5	9	9	13	1	5	15	11	7	3	11	7	3	15	12	14	4	6	8	2	0	10	14	4	6	12	10	8	2	0	11469	589
13	1	7	11	8	14	2	4	5	3	15	9	0	12	10	6	9	2	3	8	12	13	6	7	1	0	11	10	4	15	14	5	8192	258
13	2	5	10	9	14	1	6	15	8	7	0	11	4	3	12	12	13	4	5	8	1	0	9	14	7	6	15	10	11	2	3	3084	810
13	2	7	8	8	13	2	7	5	0	15	10	0	15	10	5	9	1	3	11	12	14	6	4	1	3	11	9	4	12	14	6	8192	424
13	3	5	11	9	15	1	7	15	9	7	1	11	5	3	13	12	12	4	4	8	0	0	8	14	6	6	14	10	10	2	2	2665	4096
13	3	7	9	8	12	2	6	5	1	15	11	0	14	10	4	9	0	3	10	12	15	6	5	1	2	11	8	4	13	14	7	3604	4100
13	4	5	12	9	8	1	0	15	14	7	6	11	2	3	10	12	11	4	3	8	7	0	15	14	1	6	9	10	13	2	5	8808	4225
13	4	7	14	8	11	2	1	5	6	15	12	0	9	10	3	9	7	3	13	12	8	6	2	1	5	11	15	4	10	14	0	1749	4291
13	5	5	13	9	9	1	1	15	15	7	7	11	3	3	11	12	10	4	2	8	6	0	14	14	0	6	8	10	12	2	4	3113	981
13	5	7	15	8	10	2	0	5	7	15	13	0	8	10	2	9	6	3	12	12	9	6	3	1	4	11	14	4	11	14	1	2068	4224
13	6	5	14	9	10	1	2	15	12	7	4	11	0	3	8	12	9	4	1	8	5	0	13	14	3	6	11	10	15	2	7	8192	6502
13	6	7	12	8	9	2	3	5	4	15	14	0	11	10	1	9	5	3	15	12	10	6	0	1	7	11	13	4	8	14	2	8192	258
13	7	5	15	9	11	1	3	15	13	7	5	11	1	3	9	12	8	4	0	8	4	0	12	14	2	6	10	10	14	2	6	2664	4879
13	7	7	13	8	8	2	2	5	5	15	15	0	10	10	0	9	4	3	14	12	11	6	1	1	6	11	12	4	9	14	3	1620	4291
13	8	5	0	9	4	1	12	15	2	7	10	11	14	3	6	12	7	4	15	8	11	0	3	14	13	6	5	10	1	2	9	8893	11314
13	8	7	2	8	7	2	13	5	10	15	0	0	5	10	15	9	11	3	1	12	4	6	14	1	9	11	3	4	6	14	12	3584	8194
13	9	5	1	9	5	1	13	15	3	7	11	11	15	3	7	12	6	4	14	8	10	0	2	14	12	6	4	10	0	2	8	3240	3158
13	9	7	3	8	6	2	12	5	11	15	1	0	4	10	14	9	10	3	0	12	5	6	15	1	8	11	2	4	7	14	13	8192	2112
13	10	5	2	9	6	1	14	15	0	7	8	11	12	3	4	12	5	4	13	8	9	0	1	14	15	6	7	10	3	2	11	1128	11314
13	10	7	0	8	5	2	15	5	8	15	2	0	7	10	13	9	9	3	3	12	6	6	12	1	11	11	1	4	4	14	14	8192	2282
13	11	5	3	9	7	1	15	15	1	7	9	11	13	3	5	12	4	4	12	8	8	0	0	14	14	6	6	10	2	2	10	11469	1256
13	11	7	1	8	4	2	14	5	9	15	3	0	6	10	12	9	8	3	2	12	7	6	13	1	10	11	0	4	5	14	15	1749	8387
13	12	5	4	9	0	1	8	15	6	7	14	11	10	3	2	12	3	4	11	8	15	0	7	14	9	6	1	10	5	2	13	11349	8352
13	12	7	6	8	3	2	9	5	14	15	4	0	1	10	11	9	15	3	5	12	0	6	10	1	13	11	7	4	2	14	8	64	21
13	13	5	5	9	1	1	9	15	7	7	15	11	11	3	3	12	2	4	10	8	14	0	6	14	8	6	0	10	4	2	12	3157	8428
13	13	7	7	8	2	2	8	5	15	15	5	0	0	10	10	9	14	3	4	12	1	6	11	1	12	11	6	4	3	14	9	8192	2069
13	14	5	6	9	2	1	10	15	4	7	12	11	8	3	0	12	1	4	9	8	13	0	5	14	11	6	3	10	7	2	15	8341	11434
13	14	7	4	8	1	2	11	5	12	15	6	0	3	10	9	9	13	3	7	12	2	6	8	1	15	11	5	4	0	14	10	2048	8208
13	15	5	7	9	3	1	11	15	5	7	13	11	9	3	1	12	0	4	8	8	12	0	4	14	10	6	2	10	6	2	14	616	3304
13	15	7	5	8	0	2	10	5	13	15	7	0	2	10	8	9	12	3	6	12	3	6	9	1	14	11	4	4	1	14	11	3584	8196
14	0	4	10	11	15	1	5	6	2	12	8	3	13	9	7	10	3	0	9	15	12	5	6	2	1	8	11	7	14	13	4	2068	4223
14	0	6	8	10	12	2	4	12	10	4	2	8	6	0	14	15	15	7	7	11	3	3	11	13	5	5	13	9	9	1	1	3094	852
14	1	4	11	11	14	1	4	6	3	12	9	3	12	9	6	10	2	0	8	15	13	5	7	2	0	8	10	7	15	13	5	2218	4098
14	1	6	9	10	13	2	5	12	11	4	3	8	7	0	15	15	14	7	6	11	2	3	10	13	4	5	12	9	8	1	0	3084	874
14	2	4	8	11	13	1	7	6	0	12	10	3	15	9	5	10	1	0	11	15	14	5	4	2	3	8	9	7	12	13	6	3648	4158
14	2	6	10	10	14	2	6	12	8	4	0	8	4	0	12	15	13	7	5	11	1	3	9	13	7	5	15	9	11	1	3	11500	563
14	3	4	9	11	12	1	6	6	1	12	11	3	14	9	4	10	0	0	10	15	15	5	5	2	2	8	8	7	13	13	7	20	4642
14	3	6	11	10	15	2	7	12	9	4	1	8	5	0	13	15	12	7	4	11	0	3	8	13	6	5	14	9	10	1	2	3306	790
14	4	4	14	11	11	1	1	6	6	12	12	3	9	9	3	10	7	0	13	15	8	5	2	2	5	8	15	7	10	13	0	130	86
14	4	6	12	10	8	2	0	12	14	4	6	8	2	0	10	15	11	7	3	11	7	3	15	13	1	5	9	9	13	1	5	10390	791
14	5	4	15	11	10	1	0	6	7	12	13	3	8	9	2	10	6	0	12	15	9	5	3	2	4	8	14	7	11	13	1	3584	4319
14	5	6	13	10	9	2	1	12	15	4	7	8	3	0	11	15	10	7	2	11	6	3	14	13	0	5	8	9	12	1	4	662	791
14	6	4	12	11	9	1	3	6	4	12	14	3	11	9	1	10	5	0	15	15	10	5	0	2	7	8	13	7	8	13	2	2218	4096
14	6	6	14	10	10	2	2	12	12	4	4	8	0	0	8	15	9	7	1	11	5	3	13	13	3	5	11	9	15	1	7	662	4899
14	7	4	13	11	8	1	2	6	5	12	15	3	10	9	0	10	4	0	14	15	11	5	1	2	6	8	12	7	9	13	3	3604	4100
14	7	6	15	10	11	2	3	12	13	4	5	8	1	0	9	15	8	7	0	11	4	3	12	13	2	5	10	9	14	1	6	8192	2665
14	8	4	2	11	7	1	13	6	10	12	0	3	5	9	15	10	11	0	1	15	4	5	14	2	9	8	3	7	6	13	12	3604	8224
14	8	6	0	10	4	2	12	12	2	4	10	8	14	0	6	15	7	7	15	11	11	3	3	13	13	5	5	9	1	1	9	8280	11349
14	9	4	3	11	6	1	12	6	11	12	1	3	4	9	14	10	10	0	0	15	5	5	15	2	8	8	2	7	7	13	13	40	2068
14	9	6	1	10	5	2	13	12	3	4	11	8	15	0	7	15	6	7	14	11	10	3	2	13	12	5	4	9	0	1	8	2774	11504
14	10	4	0	11	5	1	15	6	8	12	2	3	7	9	13	10	9	0	3	15	6	5	12	2	11	8	1	7	4	13	14	2218	0
14	10	6	2	10	6	2	14	12	0	4	8	8	12	0	4	15	5	7	13	11	9	3	1	13	15	5	7	9	3	1	11	1100	11267
14	11	4	1	11	4	1	14	6	9	12	3	3	6	9	12	10	8	0	2	15	7	5	13	2	10	8	0	7	5	13	15	2218	235
14	11	6	3	10	7	2	15	12	1	4	9	8	13	0	5	15	4	7	12	11	8	3	0	13	14	5	6	9	2	1	10	8854	3115
14	12	4	6	11	3	1	9	6	14	12	4	3	1	9	11	10	15	0	5	15	0	5	10	2	13	8	7	7	2	13	8	2238	8444
14	12	6	4	10	0	2	8	12	6	4	14	8	10	0	2	15	3	7	11	11	15	3	7	13	9	5	1	9	5	1	13	1074	11377
14	13	4	7	11	2	1	8	6	15	12	5	3	0	9	10	10	14	0	4	15	1	5	11	2	12	8	6	7	3	13	9	3774	8317
14	13	6	5	10	1	2	9	12	7	4	15	8	11	0	3	15	2	7	10	11	14	3	6	13	8	5	0	9	4	1	12	3240	3241
14	14	4	4	11	1	1	11	6	12	12	6	3	3	9	9	10	13	0	7	15	2	5	8	2	15	8	5	7	0	13	10	3754	8446
14	14	6	6	10	2	2	10	12	4	4	12	8	8	0	0	15	1	7	9	11	13	3	5	13	11	5	3	9	7	1	15	3156	3094
14	15	4	5	11	0	1	10	6	13	12	7	3	2	9	8	10	12	0	6	15	3	5	9	2	14	8	4	7	1	13	11	3604	8256
14	15	6	7	10	3	2	11	12	5	4	13	8	9	0	1	15	0	7	8	11	12	3	4	13	10	5	2	9	6	1	14	3092	3114
15	0	5	10	10	15	0	5	7	2	13	8	2	13	8	7	11	3	1	9	14	12	4	6	3	1	9	11	6	14	12	4	3668	4096
15	0	7	8	11	12	3	4	13	10	5	2	9	6	1	14	14	15	6	7	10	3	2	11	12	5	4	13	8	9	0	1	534	4914
15	1	5	11	10	14	0	4	7	3	13	9	2	12	8	6	11	2	1	8	14	13	4	7	3	0	9	10	6	15	12	5	130	21
15	1	7	9	11	13	3	5	13	11	5	3	9	7	1	15	14	14	6	6	10	2	2	10	12	4	4	12	8	8	0	0	11314	535
15	2	5	8	10	13	0	7	7	0	13	10	2	15	8	5	11	1	1	11	14	14	4	4	3	3	9	9	6	12	12	6	3648	4286
15	2	7	10	11	14	3	6	13	8	5	0	9	4	1	12	14	13	6	5	10	1	2	9	12	7	4	15	8	11	0	3	11464	1202
15	3	5	9	10	12	0	6	7	1	13	11	2	14	8	4	11	0	1	10	14	15	4	5	3	2	9	8	6	13	12	7	2048	4159
15	3	7	11	11	15	3	7	13	9	5	1	9	5	1	13	14	12	6	4	10	0	2	8	12	6	4	14	8	10	0	2	3176	810
15	4	5	14	10	11	0	1	7	6	13	12	2	9	8	3	11	7	1	13	14	8	4	2	3	5	9	15	6	10	12	0	3584	4104
15	4	7	12	11	8	3	0	13	14	5	6	9	2	1	10	14	11	6	3	10	7	2	15	12	1	4	9	8	13	0	5	8266	4957
15	5	5	15	10	10	0	0	7	7	13	13	2	8	8	2	11	6	1	12	14	9	4	3	3	4	9	14	6	11	12	1	20	6218
15	5	7	13	11	9	3	1	13	15	5	7	9	3	1	11	14	10	6	2	10	6	2	14	12	0	4	8	8	12	0	4	3276	2966
15	6	5	12	10	9	0	3	7	4	13	14	2	11	8	1	11	5	1	15	14	10	4	0	3	7	9	13	6	8	12	2	1706	5068
15	6	7	14	11	10	3	2	13	12	5	4	9	0	1	8	14	9	6	1	10	5	2	13	12	3	4	11	8	15	0	7	744	811
15	7	5	13	10	8	0	2	7	5	13	15	2	10	8	0	11	4	1	14	14	11	4	1	3	6	9	12	6	9	12	3	3668	4096
15	7	7	15	11	11	3	3	13	13	5	5	9	1	1	9	14	8	6	0	10	4	2	12	12	2	4	10	8	14	0	6	1174	811
15	8	5	2	10	7	0	13	7	10	13	0	2	5	8	15	11	11	1	1	14	4	4	14	3	9	9	3	6	6	12	12	214	21
15	8	7	0	11	4	3	12	13	2	5	10	9	14	1	6	14	7	6	15	10	11	2	3	12	13	4	5	8	1	0	9	3114	3094
15	9	5	3	10	6	0	12	7	11	13	1	2	4	8	14	11	10	1	0	14	5	4	15	3	8	9	2	6	7	12	13	1706	11315
15	9	7	1	11	5	3	13	13	3	5	11	9	15	1	7	14	6	6	14	10	10	2	2	12	12	4	4	8	0	0	8	9830	8192
15	10	5	0	10	5	0	15	7	8	13	2	2	7	8	13	11	9	1	3	14	6	4	12	3	11	9	1	6	4	12	14	3754	235
15	10	7	2	11	6	3	14	13	0	5	8	9	12	1	4	14	5	6	13	10	9	2	1	12	15	4	7	8	3	0	11	8320	10345
15	11	5	1	10	4	0	14	7	9	13	3	2	6	8	12	11	8	1	2	14	7	4	13	3	10	9	0	6	5	12	15	2048	8443
15	11	7	3	11	7	3	15	13	1	5	9	9	13	1	5	14	4	6	12	10	8	2	0	12	14	4	6	8	2	0	10	8776	3115
15	12	5	6	10	3	0	9	7	14	13	4	2	1	8	11	11	15	1	5	14	0	4	10	3	13	9	7	6	2	12	8	3584	8320
15	12	7	4	11	0	3	8	13	6	5	14	9	10	1	2	14	3	6	11	10	15	2	7	12	9	4	1	8	5	0	13	8196	8809
15	13	5	7	10	2	0	8	7	15	13	5	2	0	8	10	11	14	1	4	14	1	4	11	3	12	9	6	6	3	12	9	252	149
15	13	7	5	11	1	3	9	13	7	5	15	9	11	1	3	14	2	6	10	10	14	2	6	12	8	4	0	8	4	0	12	3156	3176
15	14	5	4	10	1	0	11	7	12	13	6	2	3	8	9	11	13	1	7	14	2	4	8	3	15	9	5	6	0	12	10	1578	8252
15	14	7	6	11	2	3	10	13	4	5	12	9	8	1	0	14	1	6	9	10	13	2	5	12	11	4	3	8	7	0	15	8280	11348
15	15	5	5	10	0	0	10	7	13	13	7	2	2	8	8	11	12	1	6	14	3	4	9	3	14	9	4	6	1	12	11	2132	8382
15	15	7	7	11	3	3	11	13	5	5	13	9	9	1	1	14	0	6	8	10	12	2	4	12	10	4	2	8	6	0	14	3214	3178
