0	0	8	8	4	12	12	4	2	10	10	2	6	6	14	14	1	15	9	7	5	3	13	11	3	5	11	13	7	9	15	1	1129	4914
0	0	10	10	5	15	15	5	8	2	2	8	13	13	7	7	4	3	14	9	1	12	11	6	12	1	6	11	9	14	3	4	104	84
0	1	8	9	4	13	12	5	2	11	10	3	6	7	14	15	1	14	9	6	5	2	13	10	3	4	11	12	7	8	15	0	1046	4940
0	1	10	11	5	14	15	4	8	3	2	9	13	12	7	6	4	2	14	8	1	13	11	7	12	0	6	10	9	15	3	5	1877	4221
0	2	8	10	4	14	12	6	2	8	10	0	6	4	14	12	1	13	9	5	5	1	13	9	3	7	11	15	7	11	15	3	562	4915
0	2	10	8	5	13	15	7	8	0	2	10	13	15	7	5	4	1	14	11	1	14	11	4	12	3	6	9	9	12	3	6	1794	4286
0	3	8	11	4	15	12	7	2	9	10	1	6	5	14	13	1	12	9	4	5	0	13	8	3	6	11	14	7	10	15	2	4096	5785
0	3	10	9	5	12	15	6	8	1	2	11	13	14	7	4	4	0	14	10	1	15	11	5	12	2	6	8	9	13	3	7	1792	4097
0	4	8	12	4	8	12	0	2	14	10	6	6	2	14	10	1	11	9	3	5	7	13	15	3	1	11	9	7	13	15	5	534	791
0	4	10	14	5	11	15	1	8	6	2	12	13	9	7	3	4	7	14	13	1	8	11	2	12	5	6	15	9	10	3	0	1792	4104
0	5	8	13	4	9	12	1	2	15	10	7	6	3	14	11	1	10	9	2	5	6	13	14	3	0	11	8	7	12	15	4	791	7041
0	5	10	15	5	10	15	0	8	7	2	13	13	8	7	2	4	6	14	12	1	9	11	3	12	4	6	14	9	11	3	1	1578	4291
0	6	8	14	4	10	12	2	2	12	10	4	6	0	14	8	1	9	9	1	5	5	13	13	3	3	11	11	7	15	15	7	1385	4096
0	6	10	12	5	9	15	3	8	4	2	14	13	11	7	1	4	5	14	15	1	10	11	0	12	7	6	13	9	8	3	2	1832	4335
0	7	8	15	4	11	12	3	2	13	10	5	6	1	14	9	1	8	9	0	5	4	13	12	3	2	11	10	7	14	15	6	4101	5034
0	7	10	13	5	8	15	2	8	5	2	15	13	10	7	0	4	4	14	14	1	11	11	1	12	6	6	12	9	9	3	3	1834	4096
0	8	8	0	4	4	12	12	2	2	10	10	6	14	14	6	1	7	9	15	5	11	13	3	3	13	11	5	7	1	15	9	534	11476
0	8	10	2	5	7	15	13	8	10	2	0	13	5	7	15	4	11	14	1	1	4	11	14	12	9	6	3	9	6	3	12	104	84
0	9	8	1	4	5	12	13	2	3	10	11	6	15	14	7	1	6	9	14	5	10	13	2	3	12	11	4	7	0	15	8	534	11299
0	9	10	3	5	6	15	12	8	11	2	1	13	4	7	14	4	10	14	0	1	5	11	15	12	8	6	2	9	7	3	13	1621	11315
0	10	8	2	4	6	12	14	2	0	10	8	6	12	14	4	1	5	9	13	5	9	13	1	3	15	11	7	7	3	15	11	4097	10345
0	10	10	0	5	5	15	15	8	8	2	2	13	7	7	13	4	9	14	3	1	6	11	12	12	11	6	1	9	4	3	14	86	2
0	11	8	3	4	7	12	15	2	1	10	9	6	13	14	5	1	4	9	12	5	8	13	0	3	14	11	6	7	2	15	10	4096	10649
0	11	10	1	5	4	15	14	8	9	2	3	13	6	7	12	4	8	14	2	1	7	11	13	12	10	6	0	9	5	3	15	1919	8192
0	12	8	4	4	0	12	8	2	6	10	14	6	10	14	2	1	3	9	11	5	15	13	7	3	9	11	1	7	5	15	13	562	11312
0	12	10	6	5	3	15	9	8	14	2	4	13	1	7	11	4	15	14	5	1	0	11	10	12	13	6	7	9	2	3	8	4883	11861
0	13	8	5	4	1	12	9	2	7	10	15	6	11	14	3	1	2	9	10	5	14	13	6	3	8	11	0	7	4	15	12	562	11468
0	13	10	7	5	2	15	8	8	15	2	5	13	0	7	10	4	14	14	4	1	1	11	11	12	12	6	6	9	3	3	9	86	20
0	14	8	6	4	2	12	10	2	4	10	12	6	8	14	0	1	1	9	9	5	13	13	5	3	11	11	3	7	7	15	15	4101	11348
0	14	10	4	5	1	15	11	8	12	2	6	13	3	7	9	4	13	14	7	1	2	11	8	12	15	6	5	9	0	3	10	124	106
0	15	8	7	4	3	12	11	2	5	10	13	6	9	14	1	1	0	9	8	5	12	13	4	3	10	11	2	7	6	15	14	4101	11434
0	15	10	5	5	0	15	10	8	13	2	7	13	2	7	8	4	12	14	6	1	3	11	9	12	14	6	4	9	1	3	11	1834	8192
1	0	9	8	5	12	13	4	3	10	11	2	7	6	15	14	0	15	8	7	4	3	12	11	2	5	10	13	6	9	14	1	4096	5734
1	0	11	10	4	15	14	5	9	2	3	8	12	13	6	7	5	3	15	9	0	12	10	6	13	1	7	11	8	14	2	4	1832	4098
1	1	9	9	5	13	13	5	3	11	11	3	7	7	15	15	0	14	8	6	4	2	12	10	2	4	10	12	6	8	14	0	4132	4133
1	1	11	11	4	14	14	4	9	3	3	9	12	12	6	6	5	2	15	8	0	13	10	7	13	0	7	10	8	15	2	5	1877	4223
1	2	9	10	5	14	13	6	3	8	11	0	7	4	15	12	0	13	8	5	4	1	12	9	2	7	10	15	6	11	14	3	1101	5006
1	2	11	8	4	13	14	7	9	0	3	10	12	15	6	5	5	1	15	11	0	14	10	4	13	3	7	9	8	12	2	6	1578	4156
1	3	9	11	5	15	13	7	3	9	11	1	7	5	15	13	0	12	8	4	4	0	12	8	2	6	10	14	6	10	14	2	4178	4906
1	3	11	9	4	12	14	6	9	1	3	11	12	14	6	4	5	0	15	10	0	15	10	5	13	2	7	8	8	13	2	7	1917	4097
1	4	9	12	5	8	13	0	3	14	11	6	7	2	15	10	0	11	8	3	4	7	12	15	2	1	10	9	6	13	14	5	588	4883
1	4	11	14	4	11	14	1	9	6	3	12	12	9	6	3	5	7	15	13	0	8	10	2	13	5	7	15	8	10	2	0	1877	0
1	5	9	13	5	9	13	1	3	15	11	7	7	3	15	11	0	10	8	2	4	6	12	14	2	0	10	8	6	12	14	4	4186	918
1	5	11	15	4	10	14	0	9	7	3	13	12	8	6	2	5	6	15	12	0	9	10	3	13	4	7	14	8	11	2	1	1792	4319
1	6	9	14	5	10	13	2	3	12	11	4	7	0	15	8	0	9	8	1	4	5	12	13	2	3	10	11	6	15	14	7	1128	811
1	6	11	12	4	9	14	3	9	4	3	14	12	11	6	1	5	5	15	15	0	10	10	0	13	7	7	13	8	8	2	2	1877	4331
1	7	9	15	5	11	13	3	3	13	11	5	7	1	15	9	0	8	8	0	4	4	12	12	2	2	10	10	6	14	14	6	4096	2665
1	7	11	13	4	8	14	2	9	5	3	15	12	10	6	0	5	4	15	14	0	11	10	1	13	6	7	12	8	9	2	3	21	40
1	8	9	0	5	4	13	12	3	2	11	10	7	14	15	6	0	7	8	15	4	11	12	3	2	13	10	5	6	1	14	9	780	3221
1	8	11	2	4	7	14	13	9	10	3	0	12	5	6	15	5	11	15	1	0	4	10	14	13	9	7	3	8	6	2	12	1832	8224
1	9	9	1	5	5	13	13	3	3	11	11	7	15	15	7	0	6	8	14	4	10	12	2	2	12	10	4	6	0	14	8	4907	1174
1	9	11	3	4	6	14	12	9	11	3	1	12	4	6	14	5	10	15	0	0	5	10	15	13	8	7	2	8	7	2	13	1620	8387
1	10	9	2	5	6	13	14	3	0	11	8	7	12	15	4	0	5	8	13	4	9	12	1	2	15	10	7	6	3	14	11	4913	1203
1	10	11	0	4	5	14	15	9	8	3	2	12	7	6	13	5	9	15	3	0	6	10	12	13	11	7	1	8	4	2	14	1792	8443
1	11	9	3	5	7	13	15	3	1	11	9	7	13	15	5	0	4	8	12	4	8	12	0	2	14	10	6	6	2	14	10	1129	3123
1	11	11	1	4	4	14	14	9	9	3	3	12	6	6	12	5	8	15	2	0	7	10	13	13	10	7	0	8	5	2	15	381	8427
1	12	9	4	5	0	13	8	3	6	11	14	7	10	15	2	0	3	8	11	4	15	12	7	2	9	10	1	6	5	14	13	4977	9337
1	12	11	6	4	3	14	9	9	14	3	4	12	1	6	11	5	15	15	5	0	0	10	10	13	13	7	7	8	2	2	8	381	8444
1	13	9	5	5	1	13	9	3	7	11	15	7	11	15	3	0	2	8	10	4	14	12	6	2	8	10	0	6	4	14	12	1302	11504
1	13	11	7	4	2	14	8	9	15	3	5	12	0	6	10	5	14	15	4	0	1	10	11	13	12	7	6	8	3	2	9	1578	8252
1	14	9	6	5	2	13	10	3	4	11	12	7	8	15	0	0	1	8	9	4	13	12	5	2	11	10	3	6	7	14	15	5702	11504
1	14	11	4	4	1	14	11	9	12	3	6	12	3	6	9	5	13	15	7	0	2	10	8	13	15	7	5	8	0	2	10	341	8256
1	15	9	7	5	3	13	11	3	5	11	13	7	9	15	1	0	0	8	8	4	12	12	4	2	10	10	2	6	6	14	14	810	3178
1	15	11	5	4	0	14	10	9	13	3	7	12	2	6	8	5	12	15	6	0	3	10	9	13	14	7	4	8	1	2	11	1832	8256
2	0	8	10	7	15	13	5	10	2	0	8	15	13	5	7	6	3	12	9	3	12	9	6	14	1	4	11	11	14	1	4	1792	4128
2	0	10	8	6	12	14	4	0	10	8	2	4	6	12	14	3	15	11	7	7	3	15	11	1	5	9	13	5	9	13	1	4876	1100
2	1	8	11	7	14	13	4	10	3	0	9	15	12	5	6	6	2	12	8	3	13	9	7	14	0	4	10	11	15	1	5	4096	258
2	1	10	9	6	13	14	5	0	11	8	3	4	7	12	15	3	14	11	6	7	2	15	10	1	4	9	12	5	8	13	0	917	789
2	2	8	8	7	13	13	7	10	0	0	10	15	15	5	5	6	1	12	11	3	14	9	4	14	3	4	9	11	12	1	6	4096	424
2	2	10	10	6	14	14	6	0	8	8	0	4	4	12	12	3	13	11	5	7	1	15	9	1	7	9	15	5	11	13	3	4233	4257
2	3	8	9	7	12	13	6	10	1	0	11	15	14	5	4	6	0	12	10	3	15	9	5	14	2	4	8	11	13	1	7	1706	4915
2	3	10	11	6	15	14	7	0	9	8	1	4	5	12	13	3	12	11	4	7	0	15	8	1	6	9	14	5	10	13	2	818	917
2	4	8	14	7	11	13	1	10	6	0	12	15	9	5	3	6	7	12	13	3	8	9	2	14	5	4	15	11	10	1	0	21	64
2	4	10	12	6	8	14	0	0	14	8	6	4	2	12	10	3	11	11	3	7	7	15	15	1	1	9	9	5	13	13	5	4915	662
2	5	8	15	7	10	13	0	10	7	0	13	15	8	5	2	6	6	12	12	3	9	9	3	14	4	4	14	11	11	1	1	4096	343
2	5	10	13	6	9	14	1	0	15	8	7	4	3	12	11	3	10	11	2	7	6	15	14	1	0	9	8	5	12	13	4	4101	4949
2	6	8	12	7	9	13	3	10	4	0	14	15	11	5	1	6	5	12	15	3	10	9	0	14	7	4	13	11	8	1	2	4096	258
2	6	10	14	6	10	14	2	0	12	8	4	4	0	12	8	3	9	11	1	7	5	15	13	1	3	9	11	5	15	13	7	690	5006
2	7	8	13	7	8	13	2	10	5	0	15	15	10	5	0	6	4	12	14	3	11	9	1	14	6	4	12	11	9	1	3	1792	4160
2	7	10	15	6	11	14	3	0	13	8	5	4	1	12	9	3	8	11	0	7	4	15	12	1	2	9	10	5	14	13	6	791	4455
2	8	8	2	7	7	13	13	10	10	0	0	15	5	5	15	6	11	12	1	3	4	9	14	14	9	4	3	11	6	1	12	1578	8387
2	8	10	0	6	4	14	12	0	2	8	10	4	14	12	6	3	7	11	15	7	11	15	3	1	13	9	5	5	1	13	9	1074	11312
2	9	8	3	7	6	13	12	10	11	0	1	15	4	5	14	6	10	12	0	3	5	9	15	14	8	4	2	11	7	1	13	4096	2112
2	9	10	1	6	5	14	13	0	3	8	11	4	15	12	7	3	6	11	14	7	10	15	2	1	12	9	4	5	0	13	8	819	10310
2	10	8	0	7	5	13	15	10	8	0	2	15	7	5	13	6	9	12	3	3	6	9	12	14	11	4	1	11	4	1	14	424	8192
2	10	10	2	6	6	14	14	0	0	8	8	4	12	12	4	3	5	11	13	7	9	15	1	1	15	9	7	5	3	13	11	4649	8411
2	11	8	1	7	4	13	14	10	9	0	3	15	6	5	12	6	8	12	2	3	7	9	13	14	10	4	0	11	5	1	15	1707	8387
2	11	10	3	6	7	14	15	0	1	8	9	4	13	12	5	3	4	11	12	7	8	15	0	1	14	9	6	5	2	13	10	808	3113
2	12	8	6	7	3	13	9	10	14	0	4	15	1	5	11	6	15	12	5	3	0	9	10	14	13	4	7	11	2	1	8	1706	11468
2	12	10	4	6	0	14	8	0	6	8	14	4	10	12	2	3	3	11	11	7	15	15	7	1	9	9	1	5	5	13	13	5273	3276
2	13	8	7	7	2	13	8	10	15	0	5	15	0	5	10	6	14	12	4	3	1	9	11	14	12	4	6	11	3	1	9	4096	2069
2	13	10	5	6	1	14	9	0	7	8	15	4	11	12	3	3	2	11	10	7	14	15	6	1	8	9	0	5	4	13	12	4101	11333
2	14	8	4	7	1	13	11	10	12	0	6	15	3	5	9	6	13	12	7	3	2	9	8	14	15	4	5	11	0	1	10	4096	2112
2	14	10	6	6	2	14	10	0	4	8	12	4	8	12	0	3	1	11	9	7	13	15	5	1	11	9	3	5	7	13	15	4878	588
2	15	8	5	7	0	13	10	10	13	0	7	15	2	5	8	6	12	12	6	3	3	9	9	14	14	4	4	11	1	1	11	1792	8196
2	15	10	7	6	3	14	11	0	5	8	13	4	9	12	1	3	0	11	8	7	12	15	4	1	10	9	2	5	6	13	14	5782	11504
3	0	9	10	6	15	12	5	11	2	1	8	14	13	4	7	7	3	13	9	2	12	8	6	15	1	5	11	10	14	0	4	1578	4156
3	0	11	8	7	12	15	4	1	10	9	2	5	6	13	14	2	15	10	7	6	3	14	11	0	5	8	13	4	9	12	1	780	874
3	1	9	11	6	14	12	4	11	3	1	9	14	12	4	6	7	2	13	8	2	13	8	7	15	0	5	10	10	15	0	5	384	4128
3	1	11	9	7	13	15	5	1	11	9	3	5	7	13	15	2	14	10	6	6	2	14	10	0	4	8	12	4	8	12	0	4097	4457
3	2	9	8	6	13	12	7	11	0	1	10	14	15	4	5	7	1	13	11	2	14	8	4	15	3	5	9	10	12	0	6	4096	1834
3	2	11	10	7	14	15	6	1	8	9	0	5	4	13	12	2	13	10	5	6	1	14	9	0	7	8	15	4	11	12	3	4096	1430
3	3	9	9	6	12	12	6	11	1	1	11	14	14	4	4	7	0	13	10	2	15	8	5	15	2	5	8	10	13	0	7	1707	4156
3	3	11	11	7	15	15	7	1	9	9	1	5	5	13	13	2	12	10	4	6	0	14	8	0	6	8	14	4	10	12	2	5309	791
3	4	9	14	6	11	12	1	11	6	1	12	14	9	4	3	7	7	13	13	2	8	8	2	15	5	5	15	10	10	0	0	1832	4224
3	4	11	12	7	8	15	0	1	14	9	6	5	2	13	10	2	11	10	3	6	7	14	15	0	1	8	9	4	13	12	5	791	2964
3	5	9	15	6	10	12	0	11	7	1	13	14	8	4	2	7	6	13	12	2	9	8	3	15	4	5	14	10	11	0	1	4096	6218
3	5	11	13	7	9	15	1	1	15	9	7	5	3	13	11	2	10	10	2	6	6	14	14	0	0	8	8	4	12	12	4	4377	5069
3	6	9	12	6	9	12	3	11	4	1	14	14	11	4	1	7	5	13	15	2	10	8	0	15	7	5	13	10	8	0	2	384	4160
3	6	11	14	7	10	15	2	1	12	9	4	5	0	13	8	2	9	10	1	6	5	14	13	0	3	8	11	4	15	12	7	5026	937
3	7	9	13	6	8	12	2	11	5	1	15	14	10	4	0	7	4	13	14	2	11	8	1	15	6	5	12	10	9	0	3	149	2
3	7	11	15	7	11	15	3	1	13	9	5	5	1	13	9	2	8	10	0	6	4	14	12	0	2	8	10	4	14	12	6	936	845
3	8	9	2	6	7	12	13	11	10	1	0	14	5	4	15	7	11	13	1	2	4	8	14	15	9	5	3	10	6	0	12	1792	8320
3	8	11	0	7	4	15	12	1	2	9	10	5	14	13	6	2	7	10	15	6	11	14	3	0	13	8	5	4	1	12	9	5042	3286
3	9	9	3	6	6	12	12	11	11	1	1	14	4	4	14	7	10	13	0	2	5	8	15	15	8	5	2	10	7	0	13	4096	343
3	9	11	1	7	5	15	13	1	3	9	11	5	15	13	7	2	6	10	14	6	10	14	2	0	12	8	4	4	0	12	8	916	3093
3	10	9	0	6	5	12	15	11	8	1	2	14	7	4	13	7	9	13	3	2	6	8	12	15	11	5	1	10	4	0	14	4096	8530
3	10	11	2	7	6	15	14	1	0	9	8	5	12	13	4	2	5	10	13	6	9	14	1	0	15	8	7	4	3	12	11	534	11442
3	11	9	1	6	4	12	14	11	9	1	3	14	6	4	12	7	8	13	2	2	7	8	13	15	10	5	0	10	5	0	15	1832	8193
3	11	11	3	7	7	15	15	1	1	9	9	5	13	13	5	2	4	10	12	6	8	14	0	0	14	8	6	4	2	12	10	4879	10569
3	12	9	6	6	3	12	9	11	14	1	4	14	1	4	11	7	15	13	5	2	0	8	10	15	13	5	7	10	2	0	8	1707	8252
3	12	11	4	7	0	15	8	1	6	9	14	5	10	13	2	2	3	10	11	6	15	14	7	0	9	8	1	4	5	12	13	5305	3304
3	13	9	7	6	2	12	8	11	15	1	5	14	0	4	10	7	14	13	4	2	1	8	11	15	12	5	6	10	3	0	9	4096	3668
3	13	11	5	7	1	15	9	1	7	9	15	5	11	13	3	2	2	10	10	6	14	14	6	0	8	8	0	4	4	12	12	534	11476
3	14	9	4	6	1	12	11	11	12	1	6	14	3	4	9	7	13	13	7	2	2	8	8	15	15	5	5	10	0	0	10	4096	3838
3	14	11	6	7	2	15	10	1	4	9	12	5	8	13	0	2	1	10	9	6	13	14	5	0	11	8	3	4	7	12	15	4097	10390
3	15	9	5	6	0	12	10	11	13	1	7	14	2	4	8	7	12	13	6	2	3	8	9	15	14	5	4	10	1	0	11	1792	8208
3	15	11	7	7	3	15	11	1	5	9	13	5	9	13	1	2	0	10	8	6	12	14	4	0	10	8	2	4	6	12	14	1074	11496
4	0	12	8	0	12	8	4	6	10	14	2	2	6	10	14	5	15	13	7	1	3	9	11	7	5	15	13	3	9	11	1	588	4876
4	0	14	10	1	15	11	5	12	2	6	8	9	13	3	7	0	3	10	9	5	12	15	6	8	1	2	11	13	14	7	4	386	4159
4	1	12	9	0	13	8	5	6	11	14	3	2	7	10	15	5	14	13	6	1	2	9	10	7	4	15	12	3	8	11	0	716	4979
4	1	14	11	1	14	11	4	12	3	6	9	9	12	3	6	0	2	10	8	5	13	15	7	8	0	2	10	13	15	7	5	4096	1919
4	2	12	10	0	14	8	6	6	8	14	0	2	4	10	12	5	13	13	5	1	1	9	9	7	7	15	15	3	11	11	3	780	937
4	2	14	8	1	13	11	7	12	0	6	10	9	15	3	5	0	1	10	11	5	14	15	4	8	3	2	9	13	12	7	6	4096	1834
4	3	12	11	0	15	8	7	6	9	14	1	2	5	10	13	5	12	13	4	1	0	9	8	7	6	15	14	3	10	11	2	2956	4883
4	3	14	9	1	12	11	6	12	1	6	11	9	14	3	4	0	0	10	10	5	15	15	5	8	2	2	8	13	13	7	7	2048	4128
4	4	12	12	0	8	8	0	6	14	14	6	2	2	10	10	5	11	13	3	1	7	9	15	7	1	15	9	3	13	11	5	2774	4879
4	4	14	14	1	11	11	1	12	6	6	12	9	9	3	3	0	7	10	13	5	8	15	2	8	5	2	15	13	10	7	0	4096	2112
4	5	12	13	0	9	8	1	6	15	14	7	2	3	10	11	5	10	13	2	1	6	9	14	7	0	15	8	3	12	11	4	4096	2710
4	5	14	15	1	10	11	0	12	7	6	13	9	8	3	2	0	6	10	12	5	9	15	3	8	4	2	14	13	11	7	1	341	4112
4	6	12	14	0	10	8	2	6	12	14	4	2	0	10	8	5	9	13	1	1	5	9	13	7	3	15	11	3	15	11	7	588	5096
4	6	14	12	1	9	11	3	12	4	6	14	9	11	3	1	0	5	10	15	5	10	15	0	8	7	2	13	13	8	7	2	4096	2218
4	7	12	15	0	11	8	3	6	13	14	5	2	1	10	9	5	8	13	0	1	4	9	12	7	2	15	10	3	14	11	6	4318	873
4	7	14	13	1	8	11	2	12	5	6	15	9	10	3	0	0	4	10	14	5	11	15	1	8	6	2	12	13	9	7	3	4096	2282
4	8	12	0	0	4	8	12	6	2	14	10	2	14	10	6	5	7	13	15	1	11	9	3	7	13	15	5	3	1	11	9	853	3222
4	8	14	2	1	7	11	13	12	10	6	0	9	5	3	15	0	11	10	1	5	4	15	14	8	9	2	3	13	6	7	12	2068	8256
4	9	12	1	0	5	8	13	6	3	14	11	2	15	10	7	5	6	13	14	1	10	9	2	7	12	15	4	3	0	11	8	981	3092
4	9	14	3	1	6	11	12	12	11	6	1	9	4	3	14	0	10	10	0	5	5	15	15	8	8	2	2	13	7	7	13	4096	341
4	10	12	2	0	6	8	14	6	0	14	8	2	12	10	4	5	5	13	13	1	9	9	1	7	15	15	7	3	3	11	11	4745	11442
4	10	14	0	1	5	11	15	12	8	6	2	9	7	3	13	0	9	10	3	5	6	15	12	8	11	2	1	13	4	7	14	4096	258
4	11	12	3	0	7	8	15	6	1	14	9	2	13	10	5	5	4	13	12	1	8	9	0	7	14	15	6	3	2	11	10	2774	11504
4	11	14	1	1	4	11	14	12	9	6	3	9	6	3	12	0	8	10	2	5	7	15	13	8	10	2	0	13	5	7	15	4096	8530
4	12	12	4	0	0	8	8	6	6	14	14	2	10	10	2	5	3	13	11	1	15	9	7	7	9	15	1	3	5	11	13	7070	11476
4	12	14	6	1	3	11	9	12	14	6	4	9	1	3	11	0	15	10	5	5	0	15	10	8	13	2	7	13	2	7	8	6229	40
4	13	12	5	0	1	8	9	6	7	14	15	2	11	10	3	5	2	13	10	1	14	9	6	7	8	15	0	3	4	11	12	4101	11349
4	13	14	7	1	2	11	8	12	15	6	5	9	0	3	10	0	14	10	4	5	1	15	11	8	12	2	6	13	3	7	9	4096	3668
4	14	12	6	0	2	8	10	6	4	14	12	2	8	10	0	5	1	13	9	1	13	9	5	7	11	15	3	3	7	11	15	4228	11306
4	14	14	4	1	1	11	11	12	12	6	6	9	3	3	9	0	13	10	7	5	2	15	8	8	15	2	5	13	0	7	10	4096	3838
4	15	12	7	0	3	8	11	6	5	14	13	2	9	10	1	5	0	13	8	1	12	9	4	7	10	15	2	3	6	11	14	4315	8808
4	15	14	5	1	0	11	10	12	13	6	7	9	2	3	8	0	12	10	6	5	3	15	9	8	14	2	4	13	1	7	11	84	8232
5	0	13	8	1	12	9	4	7	10	15	2	3	6	11	14	4	15	12	7	0	3	8	11	6	5	14	13	2	9	10	1	780	810
5	0	15	10	0	15	10	5	13	2	7	8	8	13	2	7	1	3	11	9	4	12	14	6	9	1	3	11	12	14	6	4	4096	258
5	1	13	9	1	13	9	5	7	11	15	3	3	7	11	15	4	14	12	6	0	2	8	10	6	4	14	12	2	8	10	0	4096	5734
5	1	15	11	0	14	10	4	13	3	7	9	8	12	2	6	1	2	11	8	4	13	14	7	9	0	3	10	12	15	6	5	386	4097
5	2	13	10	1	14	9	6	7	8	15	0	3	4	11	12	4	13	12	5	0	1	8	9	6	7	14	15	2	11	10	3	4949	4101
5	2	15	8	0	13	10	7	13	0	7	10	8	15	2	5	1	1	11	11	4	14	14	4	9	3	3	9	12	12	6	6	4096	4775
5	3	13	11	1	15	9	7	7	9	15	1	3	5	11	13	4	12	12	4	0	0	8	8	6	6	14	14	2	10	10	2	4314	4251
5	3	15	9	0	12	10	6	13	1	7	11	8	14	2	4	1	0	11	10	4	15	14	5	9	2	3	8	12	13	6	7	4096	424
5	4	13	12	1	8	9	0	7	14	15	6	3	2	11	10	4	11	12	3	0	7	8	15	6	1	14	9	2	13	10	5	853	788
5	4	15	14	0	11	10	1	13	6	7	12	8	9	2	3	1	7	11	13	4	8	14	2	9	5	3	15	12	10	6	0	2389	5068
5	5	13	13	1	9	9	1	7	15	15	7	3	3	11	11	4	10	12	2	0	6	8	14	6	0	14	8	2	12	10	4	534	5060
5	5	15	15	0	10	10	0	13	7	7	13	8	8	2	2	1	6	11	12	4	9	14	3	9	4	3	14	12	11	6	1	4096	4696
5	6	13	14	1	10	9	2	7	12	15	4	3	0	11	8	4	9	12	1	0	5	8	13	6	3	14	11	2	15	10	7	4096	2665
5	6	15	12	0	9	10	3	13	4	7	14	8	11	2	1	1	5	11	15	4	10	14	0	9	7	3	13	12	8	6	2	4096	258
5	7	13	15	1	11	9	3	7	13	15	5	3	1	11	9	4	8	12	0	0	4	8	12	6	2	14	10	2	14	10	6	2964	4940
5	7	15	13	0	8	10	2	13	5	7	15	8	10	2	0	1	4	11	14	4	11	14	1	9	6	3	12	12	9	6	3	215	6314
5	8	13	0	1	4	9	12	7	2	15	10	3	14	11	6	4	7	12	15	0	11	8	3	6	13	14	5	2	1	10	9	6537	11504
5	8	15	2	0	7	10	13	13	10	7	0	8	5	2	15	1	11	11	1	4	4	14	14	9	9	3	3	12	6	6	12	4096	2112
5	9	13	1	1	5	9	13	7	3	15	11	3	15	11	7	4	6	12	14	0	10	8	2	6	12	14	4	2	0	10	8	534	3095
5	9	15	3	0	6	10	12	13	11	7	1	8	4	2	14	1	10	11	0	4	5	14	15	9	8	3	2	12	7	6	13	4096	2112
5	10	13	2	1	6	9	14	7	0	15	8	3	12	11	4	4	5	12	13	0	9	8	1	6	15	14	7	2	3	10	11	534	11299
5	10	15	0	0	5	10	15	13	8	7	2	8	7	2	13	1	9	11	3	4	6	14	12	9	11	3	1	12	4	6	14	4096	9242
5	11	13	3	1	7	9	15	7	1	15	9	3	13	11	5	4	4	12	12	0	8	8	0	6	14	14	6	2	2	10	10	2710	8192
5	11	15	1	0	4	10	14	13	9	7	3	8	6	2	12	1	8	11	2	4	7	14	13	9	10	3	0	12	5	6	15	2048	8320
5	12	13	4	1	0	9	8	7	6	15	14	3	10	11	2	4	3	12	11	0	15	8	7	6	9	14	1	2	5	10	13	2774	11504
5	12	15	6	0	3	10	9	13	14	7	4	8	1	2	11	1	15	11	5	4	0	14	10	9	13	3	7	12	2	6	8	2048	8208
5	13	13	5	1	1	9	9	7	7	15	15	3	11	11	3	4	2	12	10	0	14	8	6	6	8	14	0	2	4	10	12	5068	1129
5	13	15	7	0	2	10	8	13	15	7	5	8	0	2	10	1	14	11	4	4	1	14	11	9	12	3	6	12	3	6	9	4096	2069
5	14	13	6	1	2	9	10	7	4	15	12	3	8	11	0	4	1	12	9	0	13	8	5	6	11	14	3	2	7	10	15	4096	9830
5	14	15	4	0	1	10	11	13	12	7	6	8	3	2	9	1	13	11	7	4	2	14	8	9	15	3	5	12	0	6	10	4096	2112
5	15	13	7	1	3	9	11	7	5	15	13	3	9	11	1	4	0	12	8	0	12	8	4	6	10	14	2	2	6	10	14	2711	11504
5	15	15	5	0	0	10	10	13	13	7	7	8	2	2	8	1	12	11	6	4	3	14	9	9	14	3	4	12	1	6	11	4096	2112
6	0	12	10	3	15	9	5	14	2	4	8	11	13	1	7	2	3	8	9	7	12	13	6	10	1	0	11	15	14	5	4	4096	343
6	0	14	8	2	12	10	4	4	10	12	2	0	6	8	14	7	15	15	7	3	3	11	11	5	5	13	13	1	9	9	1	811	1046
6	1	12	11	3	14	9	4	14	3	4	9	11	12	1	6	2	2	8	8	7	13	13	7	10	0	0	10	15	15	5	5	2538	4156
6	1	14	9	2	13	10	5	4	11	12	3	0	7	8	15	7	14	15	6	3	2	11	10	5	4	13	12	1	8	9	0	2601	4879
6	2	12	8	3	13	9	7	14	0	4	10	11	15	1	5	2	1	8	11	7	14	13	4	10	3	0	9	15	12	5	6	4096	258
6	2	14	10	2	14	10	6	4	8	12	0	0	4	8	12	7	13	15	5	3	1	11	9	5	7	13	15	1	11	9	3	588	4887
6	3	12	9	3	12	9	6	14	1	4	11	11	14	1	4	2	0	8	10	7	15	13	5	10	2	0	8	15	13	5	7	2218	4098
6	3	14	11	2	15	10	7	4	9	12	1	0	5	8	13	7	12	15	4	3	0	11	8	5	6	13	14	1	10	9	2	2857	4914
6	4	12	14	3	11	9	1	14	6	4	12	11	9	1	3	2	7	8	13	7	8	13	2	10	5	0	15	15	10	5	0	2218	20
6	4	14	12	2	8	10	0	4	14	12	6	0	2	8	10	7	11	15	3	3	7	11	15	5	1	13	9	1	13	9	5	4257	4186
6	5	12	15	3	10	9	0	14	7	4	13	11	8	1	2	2	6	8	12	7	9	13	3	10	4	0	14	15	11	5	1	2474	5068
6	5	14	13	2	9	10	1	4	15	12	7	0	3	8	11	7	10	15	2	3	6	11	14	5	0	13	8	1	12	9	4	717	5070
6	6	12	12	3	9	9	3	14	4	4	14	11	11	1	1	2	5	8	15	7	10	13	0	10	7	0	13	15	8	5	2	235	6314
6	6	14	14	2	10	10	2	4	12	12	4	0	0	8	8	7	9	15	1	3	5	11	13	5	3	13	11	1	15	9	7	6509	4879
6	7	12	13	3	8	9	2	14	5	4	15	11	10	1	0	2	4	8	14	7	11	13	1	10	6	0	12	15	9	5	3	4096	424
6	7	14	15	2	11	10	3	4	13	12	5	0	1	8	9	7	8	15	0	3	4	11	12	5	2	13	10	1	14	9	6	4745	4907
6	8	12	2	3	7	9	13	14	10	4	0	11	5	1	15	2	11	8	1	7	4	13	14	10	9	0	3	15	6	5	12	2048	8208
6	8	14	0	2	4	10	12	4	2	12	10	0	14	8	6	7	7	15	15	3	11	11	3	5	13	13	5	1	1	9	9	4128	11670
6	9	12	3	3	6	9	12	14	11	4	1	11	4	1	14	2	10	8	0	7	5	13	15	10	8	0	2	15	7	5	13	4096	9445
6	9	14	1	2	5	10	13	4	3	12	11	0	15	8	7	7	6	15	14	3	10	11	2	5	12	13	4	1	0	9	8	744	11314
6	10	12	0	3	5	9	15	14	8	4	2	11	7	1	13	2	9	8	3	7	6	13	12	10	11	0	1	15	4	5	14	4096	2112
6	10	14	2	2	6	10	14	4	0	12	8	0	12	8	4	7	5	15	13	3	9	11	1	5	15	13	7	1	3	9	11	588	11377
6	11	12	1	3	4	9	14	14	9	4	3	11	6	1	12	2	8	8	2	7	7	13	13	10	10	0	0	15	5	5	15	2218	8192
6	11	14	3	2	7	10	15	4	1	12	9	0	13	8	5	7	4	15	12	3	8	11	0	5	14	13	6	1	2	9	10	873	3242
6	12	12	6	3	3	9	9	14	14	4	4	11	1	1	11	2	15	8	5	7	0	13	10	10	13	0	7	15	2	5	8	4096	2112
6	12	14	4	2	0	10	8	4	6	12	14	0	10	8	2	7	3	15	11	3	15	11	7	5	9	13	1	1	5	9	13	808	3092
6	13	12	7	3	2	9	8	14	15	4	5	11	0	1	10	2	14	8	4	7	1	13	11	10	12	0	6	15	3	5	9	4096	2112
6	13	14	5	2	1	10	9	4	7	12	15	0	11	8	3	7	2	15	10	3	14	11	6	5	8	13	0	1	4	9	12	2664	11504
6	14	12	4	3	1	9	11	14	12	4	6	11	3	1	9	2	13	8	7	7	2	13	8	10	15	0	5	15	0	5	10	4096	2218
6	14	14	6	2	2	10	10	4	4	12	12	0	8	8	0	7	1	15	9	3	13	11	5	5	11	13	3	1	7	9	15	4907	12006
6	15	12	5	3	0	9	10	14	13	4	7	11	2	1	8	2	12	8	6	7	3	13	9	10	14	0	4	15	1	5	11	2048	8320
6	15	14	7	2	3	10	11	4	5	12	13	0	9	8	1	7	0	15	8	3	12	11	4	5	10	13	2	1	6	9	14	811	616
7	0	13	10	2	15	8	5	15	2	5	8	10	13	0	7	3	3	9	9	6	12	12	6	11	1	1	11	14	14	4	4	40	5973
7	0	15	8	3	12	11	4	5	10	13	2	1	6	9	14	6	15	14	7	2	3	10	11	4	5	12	13	0	9	8	1	2956	4915
7	1	13	11	2	14	8	4	15	3	5	9	10	12	0	6	3	2	9	8	6	13	12	7	11	0	1	10	14	15	4	5	2474	4915
7	1	15	9	3	13	11	5	5	11	13	3	1	7	9	15	6	14	14	6	2	2	10	10	4	4	12	12	0	8	8	0	4457	811
7	2	13	8	2	13	8	7	15	0	5	10	10	15	0	5	3	1	9	11	6	14	12	4	11	3	1	9	14	12	4	6	4096	1920
7	2	15	10	3	14	11	6	5	8	13	0	1	4	9	12	6	13	14	5	2	1	10	9	4	7	12	15	0	11	8	3	617	819
7	3	13	9	2	12	8	6	15	1	5	11	10	14	0	4	3	0	9	10	6	15	12	5	11	2	1	8	14	13	4	7	2218	4096
7	3	15	11	3	15	11	7	5	9	13	1	1	5	9	13	6	12	14	4	2	0	10	8	4	6	12	14	0	10	8	2	2857	4915
7	4	13	14	2	11	8	1	15	6	5	12	10	9	0	3	3	7	9	13	6	8	12	2	11	5	1	15	14	10	4	0	4096	2069
7	4	15	12	3	8	11	0	5	14	13	6	1	2	9	10	6	11	14	3	2	7	10	15	4	1	12	9	0	13	8	5	2857	980
7	5	13	15	2	10	8	0	15	7	5	13	10	8	0	2	3	6	9	12	6	9	12	3	11	4	1	14	14	11	4	1	2472	4291
7	5	15	13	3	9	11	1	5	15	13	7	1	3	9	11	6	10	14	2	2	6	10	14	4	0	12	8	0	12	8	4	716	4876
7	6	13	12	2	9	8	3	15	4	5	14	10	11	0	1	3	5	9	15	6	10	12	0	11	7	1	13	14	8	4	2	2538	4291
7	6	15	14	3	10	11	2	5	12	13	4	1	0	9	8	6	9	14	1	2	5	10	13	4	3	12	11	0	15	8	7	5060	7041
7	7	13	13	2	8	8	2	15	5	5	15	10	10	0	0	3	4	9	14	6	11	12	1	11	6	1	12	14	9	4	3	2048	4128
7	7	15	15	3	11	11	3	5	13	13	5	1	1	9	9	6	8	14	0	2	4	10	12	4	2	12	10	0	14	8	6	2857	972
7	8	13	2	2	7	8	13	15	10	5	0	10	5	0	15	3	11	9	1	6	4	12	14	11	9	1	3	14	6	4	12	2282	0
7	8	15	0	3	4	11	12	5	2	13	10	1	14	9	6	6	7	14	15	2	11	10	3	4	13	12	5	0	1	8	9	4713	8228
7	9	13	3	2	6	8	12	15	11	5	1	10	4	0	14	3	10	9	0	6	5	12	15	11	8	1	2	14	7	4	13	104	84
7	9	15	1	3	5	11	13	5	3	13	11	1	15	9	7	6	6	14	14	2	10	10	2	4	12	12	4	0	0	8	8	616	11315
7	10	13	0	2	5	8	15	15	8	5	2	10	7	0	13	3	9	9	3	6	6	12	12	11	11	1	1	14	4	4	14	256	8194
7	10	15	2	3	6	11	14	5	0	13	8	1	12	9	4	6	5	14	13	2	9	10	1	4	15	12	7	0	3	8	11	7017	3304
7	11	13	1	2	4	8	14	15	9	5	3	10	6	0	12	3	8	9	2	6	7	12	13	11	10	1	0	14	5	4	15	2218	8200
7	11	15	3	3	7	11	15	5	1	13	9	1	13	9	5	6	4	14	12	2	8	10	0	4	14	12	6	0	2	8	10	4256	11434
7	12	13	6	2	3	8	9	15	14	5	4	10	1	0	11	3	15	9	5	6	0	12	10	11	13	1	7	14	2	4	8	2218	8192
7	12	15	4	3	0	11	8	5	6	13	14	1	10	9	2	6	3	14	11	2	15	10	7	4	9	12	1	0	5	8	13	4173	11333
7	13	13	7	2	2	8	8	15	15	5	5	10	0	0	10	3	14	9	4	6	1	12	11	11	12	1	6	14	3	4	9	4096	3585
7	13	15	5	3	1	11	9	5	7	13	15	1	11	9	3	6	2	14	10	2	14	10	6	4	8	12	0	0	4	8	12	588	11464
7	14	13	4	2	1	8	11	15	12	5	6	10	3	0	9	3	13	9	7	6	2	12	8	11	15	1	5	14	0	4	10	424	8192
7	14	15	6	3	2	11	10	5	4	13	12	1	8	9	0	6	1	14	9	2	13	10	5	4	11	12	3	0	7	8	15	2665	8192
7	15	13	5	2	0	8	10	15	13	5	7	10	2	0	8	3	12	9	6	6	3	12	9	11	14	1	4	14	1	4	11	4096	3668
7	15	15	7	3	3	11	11	5	5	13	13	1	9	9	1	6	0	14	8	2	12	10	4	4	10	12	2	0	6	8	14	5026	8358
8	0	0	8	12	12	4	4	10	10	2	2	14	6	6	14	9	15	1	7	13	3	5	11	11	5	3	13	15	9	7	1	8196	4457
8	0	2	10	13	15	7	5	0	2	10	8	5	13	15	7	12	3	6	9	9	12	3	6	4	1	14	11	1	14	11	4	11298	4221
8	1	0	9	12	13	4	5	10	11	2	3	14	7	6	15	9	14	1	6	13	2	5	10	11	4	3	12	15	8	7	0	3157	4151
8	1	2	11	13	14	7	4	0	3	10	9	5	12	15	6	12	2	6	8	9	13	3	7	4	0	14	10	1	15	11	5	2068	4100
8	2	0	10	12	14	4	6	10	8	2	0	14	4	6	12	9	13	1	5	13	1	5	9	11	7	3	15	15	11	7	3	1202	4887
8	2	2	8	13	13	7	7	0	0	10	10	5	15	15	5	12	1	6	11	9	14	3	4	4	3	14	9	1	12	11	6	2048	4128
8	3	0	11	12	15	4	7	10	9	2	1	14	5	6	13	9	12	1	4	13	0	5	8	11	6	3	14	15	10	7	2	3222	808
8	3	2	9	13	12	7	6	0	1	10	11	5	14	15	4	12	0	6	10	9	15	3	5	4	2	14	8	1	13	11	7	8192	1920
8	4	0	12	12	8	4	0	10	14	2	6	14	2	6	10	9	11	1	3	13	7	5	15	11	1	3	9	15	13	7	5	3221	4949
8	4	2	14	13	11	7	1	0	6	10	12	5	9	15	3	12	7	6	13	9	8	3	2	4	5	14	15	1	10	11	0	11298	4244
8	5	0	13	12	9	4	1	10	15	2	7	14	3	6	11	9	10	1	2	13	6	5	14	11	0	3	8	15	12	7	4	10390	4097
8	5	2	15	13	10	7	0	0	7	10	13	5	8	15	2	12	6	6	12	9	9	3	3	4	4	14	14	1	11	11	1	8192	2069
8	6	0	14	12	10	4	2	10	12	2	4	14	0	6	8	9	9	1	1	13	5	5	13	11	3	3	11	15	15	7	7	11665	811
8	6	2	12	13	9	7	3	0	4	10	14	5	11	15	1	12	5	6	15	9	10	3	0	4	7	14	13	1	8	11	2	8192	6218
8	7	0	15	12	11	4	3	10	13	2	5	14	1	6	9	9	8	1	0	13	4	5	12	11	2	3	10	15	14	7	6	8336	5034
8	7	2	13	13	8	7	2	0	5	10	15	5	10	15	0	12	4	6	14	9	11	3	1	4	6	14	12	1	9	11	3	8192	2112
8	8	0	0	12	4	4	12	10	2	2	10	14	14	6	6	9	7	1	15	13	11	5	3	11	13	3	5	15	1	7	9	3092	3092
8	8	2	2	13	7	7	13	0	10	10	0	5	5	15	15	12	11	6	1	9	4	3	14	4	9	14	3	1	6	11	12	8196	386
8	9	0	1	12	5	4	13	10	3	2	11	14	15	6	7	9	6	1	14	13	10	5	2	11	12	3	4	15	0	7	8	3092	3222
8	9	2	3	13	6	7	12	0	11	10	1	5	4	15	14	12	10	6	0	9	5	3	15	4	8	14	2	1	7	11	13	8192	8530
8	10	0	2	12	6	4	14	10	0	2	8	14	12	6	4	9	5	1	13	13	9	5	1	11	15	3	7	15	3	7	11	10691	10691
8	10	2	0	13	5	7	15	0	8	10	2	5	7	15	13	12	9	6	3	9	6	3	12	4	11	14	1	1	4	11	14	8192	424
8	11	0	3	12	7	4	15	10	1	2	9	14	13	6	5	9	4	1	12	13	8	5	0	11	14	3	6	15	2	7	10	3221	11434
8	11	2	1	13	4	7	14	0	9	10	3	5	6	15	12	12	8	6	2	9	7	3	13	4	10	14	0	1	5	11	15	8192	424
8	12	0	4	12	0	4	8	10	6	2	14	14	10	6	2	9	3	1	11	13	15	5	7	11	9	3	1	15	5	7	13	9348	11377
8	12	2	6	13	3	7	9	0	14	10	4	5	1	15	11	12	15	6	5	9	0	3	10	4	13	14	7	1	2	11	8	11298	105
8	13	0	5	12	1	4	9	10	7	2	15	14	11	6	3	9	2	1	10	13	14	5	6	11	8	3	0	15	4	7	12	1202	11464
8	13	2	7	13	2	7	8	0	15	10	5	5	0	15	10	12	14	6	4	9	1	3	11	4	12	14	6	1	3	11	9	2048	8196
8	14	0	6	12	2	4	10	10	4	2	12	14	8	6	0	9	1	1	9	13	13	5	5	11	11	3	3	15	7	7	15	1046	3276
8	14	2	4	13	1	7	11	0	12	10	6	5	3	15	9	12	13	6	7	9	2	3	8	4	15	14	5	1	0	11	10	2068	8224
8	15	0	7	12	3	4	11	10	5	2	13	14	9	6	1	9	0	1	8	13	12	5	4	11	10	3	2	15	6	7	14	3092	3176
8	15	2	5	13	0	7	10	0	13	10	7	5	2	15	8	12	12	6	6	9	3	3	9	4	14	14	4	1	1	11	11	8192	3668
9	0	1	8	13	12	5	4	11	10	3	2	15	6	7	14	8	15	0	7	12	3	4	11	10	5	2	13	14	9	6	1	3123	617
9	0	3	10	12	15	6	5	1	2	11	8	4	13	14	7	13	3	7	9	8	12	2	6	5	1	15	11	0	14	10	4	8192	343
9	1	1	9	13	13	5	5	11	11	3	3	15	7	7	15	8	14	0	6	12	2	4	10	10	4	2	12	14	8	6	0	3250	808
9	1	3	11	12	14	6	4	1	3	11	9	4	12	14	6	13	2	7	8	8	13	2	7	5	0	15	10	0	15	10	5	2068	4112
9	2	1	10	13	14	5	6	11	8	3	0	15	4	7	12	8	13	0	5	12	1	4	9	10	7	2	15	14	11	6	3	3121	917
9	2	3	8	12	13	6	7	1	0	11	10	4	15	14	5	13	1	7	11	8	14	2	4	5	3	15	9	0	12	10	6	2048	4104
9	3	1	11	13	15	5	7	11	9	3	1	15	5	7	13	8	12	0	4	12	0	4	8	10	6	2	14	14	10	6	2	3092	808
9	3	3	9	12	12	6	6	1	1	11	11	4	14	14	4	13	0	7	10	8	15	2	5	5	2	15	8	0	13	10	7	8192	258
9	4	1	12	13	8	5	0	11	14	3	6	15	2	7	10	8	11	0	3	12	7	4	15	10	1	2	9	14	13	6	5	3157	4300
9	4	3	14	12	11	6	1	1	6	11	12	4	9	14	3	13	7	7	13	8	8	2	2	5	5	15	15	0	10	10	0	8192	258
9	5	1	13	13	9	5	1	11	15	3	7	15	3	7	11	8	10	0	2	12	6	4	14	10	0	2	8	14	12	6	4	1203	5070
9	5	3	15	12	10	6	0	1	7	11	13	4	8	14	2	13	6	7	12	8	9	2	3	5	4	15	14	0	11	10	1	2112	4096
9	6	1	14	13	10	5	2	11	12	3	4	15	0	7	8	8	9	0	1	12	5	4	13	10	3	2	11	14	15	6	7	3223	4933
9	6	3	12	12	9	6	3	1	4	11	14	4	11	14	1	13	5	7	15	8	10	2	0	5	7	15	13	0	8	10	2	8192	4775
9	7	1	15	13	11	5	3	11	13	3	5	15	1	7	9	8	8	0	0	12	4	4	12	10	2	2	10	14	14	6	6	11443	616
9	7	3	13	12	8	6	2	1	5	11	15	4	10	14	0	13	4	7	14	8	11	2	1	5	6	15	12	0	9	10	3	8192	424
9	8	1	0	13	4	5	12	11	2	3	10	15	14	7	6	8	7	0	15	12	11	4	3	10	13	2	5	14	1	6	9	8353	11349
9	8	3	2	12	7	6	13	1	10	11	0	4	5	14	15	13	11	7	1	8	4	2	14	5	9	15	3	0	6	10	12	212	22
9	9	1	1	13	5	5	13	11	3	3	11	15	15	7	7	8	6	0	14	12	10	4	2	10	12	2	4	14	0	6	8	10646	11504
9	9	3	3	12	6	6	12	1	11	11	1	4	4	14	14	13	10	7	0	8	5	2	15	5	8	15	2	0	7	10	13	2068	8193
9	10	1	2	13	6	5	14	11	0	3	8	15	12	7	4	8	5	0	13	12	9	4	1	10	15	2	7	14	3	6	11	3092	3176
9	10	3	0	12	5	6	15	1	8	11	2	4	7	14	13	13	9	7	3	8	6	2	12	5	11	15	1	0	4	10	14	8192	2112
9	11	1	3	13	7	5	15	11	1	3	9	15	13	7	5	8	4	0	12	12	8	4	0	10	14	2	6	14	2	6	10	3184	3243
9	11	3	1	12	4	6	14	1	9	11	3	4	6	14	12	13	8	7	2	8	7	2	13	5	10	15	0	0	5	10	15	8192	2112
9	12	1	4	13	0	5	8	11	6	3	14	15	10	7	2	8	3	0	11	12	15	4	7	10	9	2	1	14	5	6	13	3092	3092
9	12	3	6	12	3	6	9	1	14	11	4	4	1	14	11	13	15	7	5	8	0	2	10	5	13	15	7	0	2	10	8	8192	2112
9	13	1	5	13	1	5	9	11	7	3	15	15	11	7	3	8	2	0	10	12	14	4	6	10	8	2	0	14	4	6	12	3092	3113
9	13	3	7	12	2	6	8	1	15	11	5	4	0	14	10	13	14	7	4	8	1	2	11	5	12	15	6	0	3	10	9	2069	0
9	14	1	6	13	2	5	10	11	4	3	12	15	8	7	0	8	1	0	9	12	13	4	5	10	11	2	3	14	7	6	15	3222	8324
9	14	3	4	12	1	6	11	1	12	11	6	4	3	14	9	13	13	7	7	8	2	2	8	5	15	15	5	0	0	10	10	8192	2218
9	15	1	7	13	3	5	11	11	5	3	13	15	9	7	1	8	0	0	8	12	12	4	4	10	10	2	2	14	6	6	14	3222	3242
9	15	3	5	12	0	6	10	1	13	11	7	4	2	14	8	13	12	7	6	8	3	2	9	5	14	15	4	0	1	10	11	8192	2282
10	0	0	10	15	15	5	5	2	2	8	8	7	13	13	7	14	3	4	9	11	12	1	6	6	1	12	11	3	14	9	4	8192	258
10	0	2	8	14	12	6	4	8	10	0	2	12	6	4	14	11	15	3	7	15	3	7	11	9	5	1	13	13	9	5	1	1513	4879
10	1	0	11	15	14	5	4	2	3	8	9	7	12	13	6	14	2	4	8	11	13	1	7	6	0	12	10	3	15	9	5	2048	4097
10	1	2	9	14	13	6	5	8	11	0	3	12	7	4	15	11	14	3	6	15	2	7	10	9	4	1	12	13	8	5	0	3113	853
10	2	0	8	15	13	5	7	2	0	8	10	7	15	13	5	14	1	4	11	11	14	1	4	6	3	12	9	3	12	9	6	8192	4775
10	2	2	10	14	14	6	6	8	8	0	0	12	4	4	12	11	13	3	5	15	1	7	9	9	7	1	15	13	11	5	3	3242	936
10	3	0	9	15	12	5	6	2	1	8	11	7	14	13	4	14	0	4	10	11	15	1	5	6	2	12	8	3	13	9	7	168	40
10	3	2	11	14	15	6	7	8	9	0	1	12	5	4	13	11	12	3	4	15	0	7	8	9	6	1	14	13	10	5	2	8555	4887
10	4	0	14	15	11	5	1	2	6	8	12	7	9	13	3	14	7	4	13	11	8	1	2	6	5	12	15	3	10	9	0	2474	5068
10	4	2	12	14	8	6	0	8	14	0	6	12	2	4	10	11	11	3	3	15	7	7	15	9	1	1	9	13	13	5	5	11435	917
10	5	0	15	15	10	5	0	2	7	8	13	7	8	13	2	14	6	4	12	11	9	1	3	6	4	12	14	3	11	9	1	168	150
10	5	2	13	14	9	6	1	8	15	0	7	12	3	4	11	11	10	3	2	15	6	7	14	9	0	1	8	13	12	5	4	8209	853
10	6	0	12	15	9	5	3	2	4	8	14	7	11	13	1	14	5	4	15	11	10	1	0	6	7	12	13	3	8	9	2	235	6218
10	6	2	14	14	10	6	2	8	12	0	4	12	0	4	8	11	9	3	1	15	5	7	13	9	3	1	11	13	15	5	7	8393	938
10	7	0	13	15	8	5	2	2	5	8	15	7	10	13	0	14	4	4	14	11	11	1	1	6	6	12	12	3	9	9	3	8192	258
10	7	2	15	14	11	6	3	8	13	0	5	12	1	4	9	11	8	3	0	15	4	7	12	9	2	1	10	13	14	5	6	3113	4933
10	8	0	2	15	7	5	13	2	10	8	0	7	5	13	15	14	11	4	1	11	4	1	14	6	9	12	3	3	6	9	12	8192	2112
10	8	2	0	14	4	6	12	8	2	0	10	12	14	4	6	11	7	3	15	15	11	7	3	9	13	1	5	13	1	5	9	3113	11426
10	9	0	3	15	6	5	12	2	11	8	1	7	4	13	14	14	10	4	0	11	5	1	15	6	8	12	2	3	7	9	13	235	8530
10	9	2	1	14	5	6	13	8	3	0	11	12	15	4	7	11	6	3	14	15	10	7	2	9	12	1	4	13	0	5	8	1256	3095
10	10	0	0	15	5	5	15	2	8	8	2	7	7	13	13	14	9	4	3	11	6	1	12	6	11	12	1	3	4	9	14	8192	9242
10	10	2	2	14	6	6	14	8	0	0	8	12	12	4	4	11	5	3	13	15	9	7	1	9	15	1	7	13	3	5	11	3304	3178
10	11	0	1	15	4	5	14	2	9	8	3	7	6	13	12	14	8	4	2	11	7	1	13	6	10	12	0	3	5	9	15	384	8320
10	11	2	3	14	7	6	15	8	1	0	9	12	13	4	5	11	4	3	12	15	8	7	0	9	14	1	6	13	2	5	10	1385	8192
10	12	0	6	15	3	5	9	2	14	8	4	7	1	13	11	14	15	4	5	11	0	1	10	6	13	12	7	3	2	9	8	8192	2069
10	12	2	4	14	0	6	8	8	6	0	14	12	10	4	2	11	3	3	11	15	15	7	7	9	9	1	1	13	5	5	13	11625	8228
10	13	0	7	15	2	5	8	2	15	8	5	7	0	13	10	14	14	4	4	11	1	1	11	6	12	12	6	3	3	9	9	2218	8256
10	13	2	5	14	1	6	9	8	7	0	15	12	11	4	3	11	2	3	10	15	14	7	6	9	8	1	0	13	4	5	12	1128	11340
10	14	0	4	15	1	5	11	2	12	8	6	7	3	13	9	14	13	4	7	11	2	1	8	6	15	12	5	3	0	9	10	8192	2112
10	14	2	6	14	2	6	10	8	4	0	12	12	8	4	0	11	1	3	9	15	13	7	5	9	11	1	3	13	7	5	15	11496	588
10	15	0	5	15	0	5	10	2	13	8	7	7	2	13	8	14	12	4	6	11	3	1	9	6	14	12	4	3	1	9	11	2538	8252
10	15	2	7	14	3	6	11	8	5	0	13	12	9	4	1	11	0	3	8	15	12	7	4	9	10	1	2	13	6	5	14	3433	3276
11	0	1	10	14	15	4	5	3	2	9	8	6	13	12	7	15	3	5	9	10	12	0	6	7	1	13	11	2	14	8	4	169	2
11	0	3	8	15	12	7	4	9	10	1	2	13	6	5	14	10	15	2	7	14	3	6	11	8	5	0	13	12	9	4	1	3435	4915
11	1	1	11	14	14	4	4	3	3	9	9	6	12	12	6	15	2	5	8	10	13	0	7	7	0	13	10	2	15	8	5	192	106
11	1	3	9	15	13	7	5	9	11	1	3	13	7	5	15	10	14	2	6	14	2	6	10	8	4	0	12	12	8	4	0	3114	854
11	2	1	8	14	13	4	7	3	0	9	10	6	15	12	5	15	1	5	11	10	14	0	4	7	3	13	9	2	12	8	6	2218	4096
11	2	3	10	15	14	7	6	9	8	1	0	13	4	5	12	10	13	2	5	14	1	6	9	8	7	0	15	12	11	4	3	3112	936
11	3	1	9	14	12	4	6	3	1	9	11	6	14	12	4	15	0	5	10	10	15	0	5	7	2	13	8	2	13	8	7	8192	1962
11	3	3	11	15	15	7	7	9	9	1	1	13	5	5	13	10	12	2	4	14	0	6	8	8	6	0	14	12	10	4	2	3369	791
11	4	1	14	14	11	4	1	3	6	9	12	6	9	12	3	15	7	5	13	10	8	0	2	7	5	13	15	2	10	8	0	2472	4291
11	4	3	12	15	8	7	0	9	14	1	6	13	2	5	10	10	11	2	3	14	7	6	15	8	1	0	9	12	13	4	5	8571	5006
11	5	1	15	14	10	4	0	3	7	9	13	6	8	12	2	15	6	5	12	10	9	0	3	7	4	13	14	2	11	8	1	8192	2112
11	5	3	13	15	9	7	1	9	15	1	7	13	3	5	11	10	10	2	2	14	6	6	14	8	0	0	8	12	12	4	4	3240	4949
11	6	1	12	14	9	4	3	3	4	9	14	6	11	12	1	15	5	5	15	10	10	0	0	7	7	13	13	2	8	8	2	2218	0
11	6	3	14	15	10	7	2	9	12	1	4	13	0	5	8	10	9	2	1	14	5	6	13	8	3	0	11	12	15	4	7	1202	5096
11	7	1	13	14	8	4	2	3	5	9	15	6	10	12	0	15	4	5	14	10	11	0	1	7	6	13	12	2	9	8	3	296	4098
11	7	3	15	15	11	7	3	9	13	1	5	13	1	5	9	10	8	2	0	14	4	6	12	8	2	0	10	12	14	4	6	1513	4879
11	8	1	2	14	7	4	13	3	10	9	0	6	5	12	15	15	11	5	1	10	4	0	14	7	9	13	3	2	6	8	12	296	8256
11	8	3	0	15	4	7	12	9	2	1	10	13	14	5	6	10	7	2	15	14	11	6	3	8	13	0	5	12	1	4	9	11306	8225
11	9	1	3	14	6	4	12	3	11	9	1	6	4	12	14	15	10	5	0	10	5	0	15	7	8	13	2	2	7	8	13	192	22
11	9	3	1	15	5	7	13	9	3	1	11	13	15	5	7	10	6	2	14	14	10	6	2	8	12	0	4	12	0	4	8	3115	3220
11	10	1	0	14	5	4	15	3	8	9	2	6	7	12	13	15	9	5	3	10	6	0	12	7	11	13	1	2	4	8	14	8192	258
11	10	3	2	15	6	7	14	9	0	1	8	13	12	5	4	10	5	2	13	14	9	6	1	8	15	0	7	12	3	4	11	1128	11307
11	11	1	1	14	4	4	14	3	9	9	3	6	6	12	12	15	8	5	2	10	7	0	13	7	10	13	0	2	5	8	15	8192	258
11	11	3	3	15	7	7	15	9	1	1	9	13	13	5	5	10	4	2	12	14	8	6	0	8	14	0	6	12	2	4	10	3377	11312
11	12	1	6	14	3	4	9	3	14	9	4	6	1	12	11	15	15	5	5	10	0	0	10	7	13	13	7	2	2	8	8	8192	3668
11	12	3	4	15	0	7	8	9	6	1	14	13	10	5	2	10	3	2	11	14	15	6	7	8	9	0	1	12	5	4	13	3443	11496
11	13	1	7	14	2	4	8	3	15	9	5	6	0	12	10	15	14	5	4	10	1	0	11	7	12	13	6	2	3	8	9	2282	8192
11	13	3	5	15	1	7	9	9	7	1	15	13	11	5	3	10	2	2	10	14	14	6	6	8	8	0	0	12	4	4	12	3177	3157
11	14	1	4	14	1	4	11	3	12	9	6	6	3	12	9	15	13	5	7	10	2	0	8	7	15	13	5	2	0	8	10	2048	8194
11	14	3	6	15	2	7	10	9	4	1	12	13	8	5	0	10	1	2	9	14	13	6	5	8	11	0	3	12	7	4	15	3113	11306
11	15	1	5	14	0	4	10	3	13	9	7	6	2	12	8	15	12	5	6	10	3	0	9	7	14	13	4	2	1	8	11	8192	3838
11	15	3	7	15	3	7	11	9	5	1	13	13	9	5	1	10	0	2	8	14	12	6	4	8	10	0	2	12	6	4	14	11368	11368
12	0	4	8	8	12	0	4	14	10	6	2	10	6	2	14	13	15	5	7	9	3	1	11	15	5	7	13	11	9	3	1	3221	808
12	0	6	10	9	15	3	5	4	2	14	8	1	13	11	7	8	3	2	9	13	12	7	6	0	1	10	11	5	14	15	4	3584	4108
12	1	4	9	8	13	0	5	14	11	6	3	10	7	2	15	13	14	5	6	9	2	1	10	15	4	7	12	11	8	3	0	1101	4887
12	1	6	11	9	14	3	4	4	3	14	9	1	12	11	6	8	2	2	8	13	13	7	7	0	0	10	10	5	15	15	5	8192	1919
12	2	4	10	8	14	0	6	14	8	6	0	10	4	2	12	13	13	5	5	9	1	1	9	15	7	7	15	11	11	3	3	3305	809
12	2	6	8	9	13	3	7	4	0	14	10	1	15	11	5	8	1	2	11	13	14	7	4	0	3	10	9	5	12	15	6	2068	4100
12	3	4	11	8	15	0	7	14	9	6	1	10	5	2	13	13	12	5	4	9	0	1	8	15	6	7	14	11	10	3	2	2601	4879
12	3	6	9	9	12	3	6	4	1	14	11	1	14	11	4	8	0	2	10	13	15	7	5	0	2	10	8	5	13	15	7	8192	1834
12	4	4	12	8	8	0	0	14	14	6	6	10	2	2	10	13	11	5	3	9	7	1	15	15	1	7	9	11	13	3	5	616	4940
12	4	6	14	9	11	3	1	4	6	14	12	1	9	11	3	8	7	2	13	13	8	7	2	0	5	10	15	5	10	15	0	3604	4224
12	5	4	13	8	9	0	1	14	15	6	7	10	3	2	11	13	10	5	2	9	6	1	14	15	0	7	8	11	12	3	4	1128	4941
12	5	6	15	9	10	3	0	4	7	14	13	1	8	11	2	8	6	2	12	13	9	7	3	0	4	10	14	5	11	15	1	2068	4098
12	6	4	14	8	10	0	2	14	12	6	4	10	0	2	8	13	9	5	1	9	5	1	13	15	3	7	11	11	15	3	7	11333	4256
12	6	6	12	9	9	3	3	4	4	14	14	1	11	11	1	8	5	2	15	13	10	7	0	0	7	10	13	5	8	15	2	2048	4160
12	7	4	15	8	11	0	3	14	13	6	5	10	1	2	9	13	8	5	0	9	4	1	12	15	2	7	10	11	14	3	6	9833	4879
12	7	6	13	9	8	3	2	4	5	14	15	1	10	11	0	8	4	2	14	13	11	7	1	0	6	10	12	5	9	15	3	3584	4097
12	8	4	0	8	4	0	12	14	2	6	10	10	14	2	6	13	7	5	15	9	11	1	3	15	13	7	5	11	1	3	9	717	11379
12	8	6	2	9	7	3	13	4	10	14	0	1	5	11	15	8	11	2	1	13	4	7	14	0	9	10	3	5	6	15	12	169	193
12	9	4	1	8	5	0	13	14	3	6	11	10	15	2	7	13	6	5	14	9	10	1	2	15	12	7	4	11	0	3	8	3084	3221
12	9	6	3	9	6	3	12	4	11	14	1	1	4	11	14	8	10	2	0	13	5	7	15	0	8	10	2	5	7	15	13	2112	8192
12	10	4	2	8	6	0	14	14	0	6	8	10	12	2	4	13	5	5	13	9	9	1	1	15	15	7	7	11	3	3	11	3113	3243
12	10	6	0	9	5	3	15	4	8	14	2	1	7	11	13	8	9	2	3	13	6	7	12	0	11	10	1	5	4	15	14	8192	8530
12	11	4	3	8	7	0	15	14	1	6	9	10	13	2	5	13	4	5	12	9	8	1	0	15	14	7	6	11	2	3	10	616	11314
12	11	6	1	9	4	3	14	4	9	14	3	1	6	11	12	8	8	2	2	13	7	7	13	0	10	10	0	5	5	15	15	3604	8193
12	12	4	4	8	0	0	8	14	6	6	14	10	10	2	2	13	3	5	11	9	15	1	7	15	9	7	1	11	5	3	13	9833	11504
12	12	6	6	9	3	3	9	4	14	14	4	1	1	11	11	8	15	2	5	13	0	7	10	0	13	10	7	5	2	15	8	20	11953
12	13	4	5	8	1	0	9	14	7	6	15	10	11	2	3	13	2	5	10	9	14	1	6	15	8	7	0	11	4	3	12	10264	11484
12	13	6	7	9	2	3	8	4	15	14	5	1	0	11	10	8	14	2	4	13	1	7	11	0	12	10	6	5	3	15	9	148	168
12	14	4	6	8	2	0	10	14	4	6	12	10	8	2	0	13	1	5	9	9	13	1	5	15	11	7	3	11	7	3	15	11384	11384
12	14	6	4	9	1	3	11	4	12	14	6	1	3	11	9	8	13	2	7	13	2	7	8	0	15	10	5	5	0	15	10	2048	8196
12	15	4	7	8	3	0	11	14	5	6	13	10	9	2	1	13	0	5	8	9	12	1	4	15	10	7	2	11	6	3	14	8776	3284
12	15	6	5	9	0	3	10	4	13	14	7	1	2	11	8	8	12	2	6	13	3	7	9	0	14	10	4	5	1	15	11	3649	8208
13	0	5	8	9	12	1	4	15	10	7	2	11	6	3	14	12	15	4	7	8	3	0	11	14	5	6	13	10	9	2	1	3176	808
13	0	7	10	8	15	2	5	5	2	15	8	0	13	10	7	9	3	3	9	12	12	6	6	1	1	11	11	4	14	14	4	3584	4128
13	1	5	9	9	13	1	5	15	11	7	3	11	7	3	15	12	14	4	6	8	2	0	10	14	4	6	12	10	8	2	0	1100	4915
13	1	7	11	8	14	2	4	5	3	15	9	0	12	10	6	9	2	3	8	12	13	6	7	1	0	11	10	4	15	14	5	8192	258
13	2	5	10	9	14	1	6	15	8	7	0	11	4	3	12	12	13	4	5	8	1	0	9	14	7	6	15	10	11	2	3	3085	810
13	2	7	8	8	13	2	7	5	0	15	10	0	15	10	5	9	1	3	11	12	14	6	4	1	3	11	9	4	12	14	6	8192	424
13	3	5	11	9	15	1	7	15	9	7	1	11	5	3	13	12	12	4	4	8	0	0	8	14	6	6	14	10	10	2	2	2665	4096
13	3	7	9	8	12	2	6	5	1	15	11	0	14	10	4	9	0	3	10	12	15	6	5	1	2	11	8	4	13	14	7	1621	4915
13	4	5	12	9	8	1	0	15	14	7	6	11	2	3	10	12	11	4	3	8	7	0	15	14	1	6	9	10	13	2	5	3156	916
13	4	7	14	8	11	2	1	5	6	15	12	0	9	10	3	9	7	3	13	12	8	6	2	1	5	11	15	4	10	14	0	3604	4098
13	5	5	13	9	9	1	1	15	15	7	7	11	3	3	11	12	10	4	2	8	6	0	14	14	0	6	8	10	12	2	4	11333	789
13	5	7	15	8	10	2	0	5	7	15	13	0	8	10	2	9	6	3	12	12	9	6	3	1	4	11	14	4	11	14	1	8192	343
13	6	5	14	9	10	1	2	15	12	7	4	11	0	3	8	12	9	4	1	8	5	0	13	14	3	6	11	10	15	2	7	9337	5096
13	6	7	12	8	9	2	3	5	4	15	14	0	11	10	1	9	5	3	15	12	10	6	0	1	7	11	13	4	8	14	2	148	168
13	7	5	15	9	11	1	3	15	13	7	5	11	1	3	9	12	8	4	0	8	4	0	12	14	2	6	10	10	14	2	6	3276	617
13	7	7	13	8	8	2	2	5	5	15	15	0	10	10	0	9	4	3	14	12	11	6	1	1	6	11	12	4	9	14	3	1620	4291
13	8	5	0	9	4	1	12	15	2	7	10	11	14	3	6	12	7	4	15	8	11	0	3	14	13	6	5	10	1	2	9	9880	11504
13	8	7	2	8	7	2	13	5	10	15	0	0	5	10	15	9	11	3	1	12	4	6	14	1	9	11	3	4	6	14	12	3584	8194
13	9	5	1	9	5	1	13	15	3	7	11	11	15	3	7	12	6	4	14	8	10	0	2	14	12	6	4	10	0	2	8	3177	3092
13	9	7	3	8	6	2	12	5	11	15	1	0	4	10	14	9	10	3	0	12	5	6	15	1	8	11	2	4	7	14	13	8192	2112
13	10	5	2	9	6	1	14	15	0	7	8	11	12	3	4	12	5	4	13	8	9	0	1	14	15	6	7	10	3	2	11	3084	3241
13	10	7	0	8	5	2	15	5	8	15	2	0	7	10	13	9	9	3	3	12	6	6	12	1	11	11	1	4	4	14	14	168	104
13	11	5	3	9	7	1	15	15	1	7	9	11	13	3	5	12	4	4	12	8	8	0	0	14	14	6	6	10	2	2	10	8809	8320
13	11	7	1	8	4	2	14	5	9	15	3	0	6	10	12	9	8	3	2	12	7	6	13	1	10	11	0	4	5	14	15	168	2
13	12	5	4	9	0	1	8	15	6	7	14	11	10	3	2	12	3	4	11	8	15	0	7	14	9	6	1	10	5	2	13	2665	8192
13	12	7	6	8	3	2	9	5	14	15	4	0	1	10	11	9	15	3	5	12	0	6	10	1	13	11	7	4	2	14	8	3604	8224
13	13	5	5	9	1	1	9	15	7	7	15	11	11	3	3	12	2	4	10	8	14	0	6	14	8	6	0	10	4	2	12	8196	10345
13	13	7	7	8	2	2	8	5	15	15	5	0	0	10	10	9	14	3	4	12	1	6	11	1	12	11	6	4	3	14	9	8192	2069
13	14	5	6	9	2	1	10	15	4	7	12	11	8	3	0	12	1	4	9	8	13	0	5	14	11	6	3	10	7	2	15	11404	1100
13	14	7	4	8	1	2	11	5	12	15	6	0	3	10	9	9	13	3	7	12	2	6	8	1	15	11	5	4	0	14	10	8192	2112
13	15	5	7	9	3	1	11	15	5	7	13	11	9	3	1	12	0	4	8	8	12	0	4	14	10	6	2	10	6	2	14	3176	3092
13	15	7	5	8	0	2	10	5	13	15	7	0	2	10	8	9	12	3	6	12	3	6	9	1	14	11	4	4	1	14	11	3584	8196
14	0	4	10	11	15	1	5	6	2	12	8	3	13	9	7	10	3	0	9	15	12	5	6	2	1	8	11	7	14	13	4	3604	4098
14	0	6	8	10	12	2	4	12	10	4	2	8	6	0	14	15	15	7	7	11	3	3	11	13	5	5	13	9	9	1	1	616	4914
14	1	4	11	11	14	1	4	6	3	12	9	3	12	9	6	10	2	0	8	15	13	5	7	2	0	8	10	7	15	13	5	168	22
14	1	6	9	10	13	2	5	12	11	4	3	8	7	0	15	15	14	7	6	11	2	3	10	13	4	5	12	9	8	1	0	8414	4907
14	2	4	8	11	13	1	7	6	0	12	10	3	15	9	5	10	1	0	11	15	14	5	4	2	3	8	9	7	12	13	6	3648	4158
14	2	6	10	10	14	2	6	12	8	4	0	8	4	0	12	15	13	7	5	11	1	3	9	13	7	5	15	9	11	1	3	2664	4879
14	3	4	9	11	12	1	6	6	1	12	11	3	14	9	4	10	0	0	10	15	15	5	5	2	2	8	8	7	13	13	7	2238	4159
14	3	6	11	10	15	2	7	12	9	4	1	8	5	0	13	15	12	7	4	11	0	3	8	13	6	5	14	9	10	1	2	8442	5034
14	4	4	14	11	11	1	1	6	6	12	12	3	9	9	3	10	7	0	13	15	8	5	2	2	5	8	15	7	10	13	0	3754	0
14	4	6	12	10	8	2	0	12	14	4	6	8	2	0	10	15	11	7	3	11	7	3	15	13	1	5	9	9	13	1	5	11398	5014
14	5	4	15	11	10	1	0	6	7	12	13	3	8	9	2	10	6	0	12	15	9	5	3	2	4	8	14	7	11	13	1	3584	4319
14	5	6	13	10	9	2	1	12	15	4	7	8	3	0	11	15	10	7	2	11	6	3	14	13	0	5	8	9	12	1	4	588	4883
14	6	4	12	11	9	1	3	6	4	12	14	3	11	9	1	10	5	0	15	15	10	5	0	2	7	8	13	7	8	13	2	2218	4096
14	6	6	14	10	10	2	2	12	12	4	4	8	0	0	8	15	9	7	1	11	5	3	13	13	3	5	11	9	15	1	7	3276	617
14	7	4	13	11	8	1	2	6	5	12	15	3	10	9	0	10	4	0	14	15	11	5	1	2	6	8	12	7	9	13	3	8192	424
14	7	6	15	10	11	2	3	12	13	4	5	8	1	0	9	15	8	7	0	11	4	3	12	13	2	5	10	9	14	1	6	744	5060
14	8	4	2	11	7	1	13	6	10	12	0	3	5	9	15	10	11	0	1	15	4	5	14	2	9	8	3	7	6	13	12	64	21
14	8	6	0	10	4	2	12	12	2	4	10	8	14	0	6	15	7	7	15	11	11	3	3	13	13	5	5	9	1	1	9	662	3123
14	9	4	3	11	6	1	12	6	11	12	1	3	4	9	14	10	10	0	0	15	5	5	15	2	8	8	2	7	7	13	13	1578	8387
14	9	6	1	10	5	2	13	12	3	4	11	8	15	0	7	15	6	7	14	11	10	3	2	13	12	5	4	9	0	1	8	8196	10390
14	10	4	0	11	5	1	15	6	8	12	2	3	7	9	13	10	9	0	3	15	6	5	12	2	11	8	1	7	4	13	14	2218	0
14	10	6	2	10	6	2	14	12	0	4	8	8	12	0	4	15	5	7	13	11	9	3	1	13	15	5	7	9	3	1	11	662	3304
14	11	4	1	11	4	1	14	6	9	12	3	3	6	9	12	10	8	0	2	15	7	5	13	2	10	8	0	7	5	13	15	2218	235
14	11	6	3	10	7	2	15	12	1	4	9	8	13	0	5	15	4	7	12	11	8	3	0	13	14	5	6	9	2	1	10	11434	8266
14	12	4	6	11	3	1	9	6	14	12	4	3	1	9	11	10	15	0	5	15	0	5	10	2	13	8	7	7	2	13	8	2238	8444
14	12	6	4	10	0	2	8	12	6	4	14	8	10	0	2	15	3	7	11	11	15	3	7	13	9	5	1	9	5	1	13	3178	3156
14	13	4	7	11	2	1	8	6	15	12	5	3	0	9	10	10	14	0	4	15	1	5	11	2	12	8	6	7	3	13	9	2048	8320
14	13	6	5	10	1	2	9	12	7	4	15	8	11	0	3	15	2	7	10	11	14	3	6	13	8	5	0	9	4	1	12	9830	8192
14	14	4	4	11	1	1	11	6	12	12	6	3	3	9	9	10	13	0	7	15	2	5	8	2	15	8	5	7	0	13	10	2218	8256
14	14	6	6	10	2	2	10	12	4	4	12	8	8	0	0	15	1	7	9	11	13	3	5	13	11	5	3	9	7	1	15	9788	9788
14	15	4	5	11	0	1	10	6	13	12	7	3	2	9	8	10	12	0	6	15	3	5	9	2	14	8	4	7	1	13	11	124	22
14	15	6	7	10	3	2	11	12	5	4	13	8	9	0	1	15	0	7	8	11	12	3	4	13	10	5	2	9	6	1	14	8192	9830
15	0	5	10	10	15	0	5	7	2	13	8	2	13	8	7	11	3	1	9	14	12	4	6	3	1	9	11	6	14	12	4	3668	4096
15	0	7	8	11	12	3	4	13	10	5	2	9	6	1	14	14	15	6	7	10	3	2	11	12	5	4	13	8	9	0	1	1174	4940
15	1	5	11	10	14	0	4	7	3	13	9	2	12	8	6	11	2	1	8	14	13	4	7	3	0	9	10	6	15	12	5	3604	4223
15	1	7	9	11	13	3	5	13	11	5	3	9	7	1	15	14	14	6	6	10	2	2	10	12	4	4	12	8	8	0	0	616	4940
15	2	5	8	10	13	0	7	7	0	13	10	2	15	8	5	11	1	1	11	14	14	4	4	3	3	9	9	6	12	12	6	232	40
15	2	7	10	11	14	3	6	13	8	5	0	9	4	1	12	14	13	6	5	10	1	2	9	12	7	4	15	8	11	0	3	1074	4913
15	3	5	9	10	12	0	6	7	1	13	11	2	14	8	4	11	0	1	10	14	15	4	5	3	2	9	8	6	13	12	7	2048	4159
15	3	7	11	11	15	3	7	13	9	5	1	9	5	1	13	14	12	6	4	10	0	2	8	12	6	4	14	8	10	0	2	3284	808
15	4	5	14	10	11	0	1	7	6	13	12	2	9	8	3	11	7	1	13	14	8	4	2	3	5	9	15	6	10	12	0	3584	4104
15	4	7	12	11	8	3	0	13	14	5	6	9	2	1	10	14	11	6	3	10	7	2	15	12	1	4	9	8	13	0	5	11376	588
15	5	5	15	10	10	0	0	7	7	13	13	2	8	8	2	11	6	1	12	14	9	4	3	3	4	9	14	6	11	12	1	3648	4307
15	5	7	13	11	9	3	1	13	15	5	7	9	3	1	11	14	10	6	2	10	6	2	14	12	0	4	8	8	12	0	4	562	4883
15	6	5	12	10	9	0	3	7	4	13	14	2	11	8	1	11	5	1	15	14	10	4	0	3	7	9	13	6	8	12	2	1706	5068
15	6	7	14	11	10	3	2	13	12	5	4	9	0	1	8	14	9	6	1	10	5	2	13	12	3	4	11	8	15	0	7	2710	4096
15	7	5	13	10	8	0	2	7	5	13	15	2	10	8	0	11	4	1	14	14	11	4	1	3	6	9	12	6	9	12	3	62	169
15	7	7	15	11	11	3	3	13	13	5	5	9	1	1	9	14	8	6	0	10	4	2	12	12	2	4	10	8	14	0	6	3304	808
15	8	5	2	10	7	0	13	7	10	13	0	2	5	8	15	11	11	1	1	14	4	4	14	3	9	9	3	6	6	12	12	2132	8407
15	8	7	0	11	4	3	12	13	2	5	10	9	14	1	6	14	7	6	15	10	11	2	3	12	13	4	5	8	1	0	9	3114	3094
15	9	5	3	10	6	0	12	7	11	13	1	2	4	8	14	11	10	1	0	14	5	4	15	3	8	9	2	6	7	12	13	2218	0
15	9	7	1	11	5	3	13	13	3	5	11	9	15	1	7	14	6	6	14	10	10	2	2	12	12	4	4	8	0	0	8	2710	8192
15	10	5	0	10	5	0	15	7	8	13	2	2	7	8	13	11	9	1	3	14	6	4	12	3	11	9	1	6	4	12	14	2112	8192
15	10	7	2	11	6	3	14	13	0	5	8	9	12	1	4	14	5	6	13	10	9	2	1	12	15	4	7	8	3	0	11	3156	3112
15	11	5	1	10	4	0	14	7	9	13	3	2	6	8	12	11	8	1	2	14	7	4	13	3	10	9	0	6	5	12	15	2218	235
15	11	7	3	11	7	3	15	13	1	5	9	9	13	1	5	14	4	6	12	10	8	2	0	12	14	4	6	8	2	0	10	8392	3242
15	12	5	6	10	3	0	9	7	14	13	4	2	1	8	11	11	15	1	5	14	0	4	10	3	13	9	7	6	2	12	8	2112	8444
15	12	7	4	11	0	3	8	13	6	5	14	9	10	1	2	14	3	6	11	10	15	2	7	12	9	4	1	8	5	0	13	562	11468
15	13	5	7	10	2	0	8	7	15	13	5	2	0	8	10	11	14	1	4	14	1	4	11	3	12	9	6	6	3	12	9	3774	8444
15	13	7	5	11	1	3	9	13	7	5	15	9	11	1	3	14	2	6	10	10	14	2	6	12	8	4	0	8	4	0	12	3092	3176
15	14	5	4	10	1	0	11	7	12	13	6	2	3	8	9	11	13	1	7	14	2	4	8	3	15	9	5	6	0	12	10	3604	8446
15	14	7	6	11	2	3	10	13	4	5	12	9	8	1	0	14	1	6	9	10	13	2	5	12	11	4	3	8	7	0	15	616	11314
15	15	5	5	10	0	0	10	7	13	13	7	2	2	8	8	11	12	1	6	14	3	4	9	3	14	9	4	6	1	12	11	3818	8256
15	15	7	7	11	3	3	11	13	5	5	13	9	9	1	1	14	0	6	8	10	12	2	4	12	10	4	2	8	6	0	14	8280	11434
