0	0	8	8	4	12	12	4	2	10	10	2	6	6	14	14	1	15	9	7	5	3	13	11	3	5	11	13	7	9	15	1	4941	534
0	0	10	10	5	15	15	5	8	2	2	8	13	13	7	7	4	3	14	9	1	12	11	6	12	1	6	11	9	14	3	4	4201	4906
0	1	8	9	4	13	12	5	2	11	10	3	6	7	14	15	1	14	9	6	5	2	13	10	3	4	11	12	7	8	15	0	534	4914
0	1	10	11	5	14	15	4	8	3	2	9	13	12	7	6	4	2	14	8	1	13	11	7	12	0	6	10	9	15	3	5	1620	4156
0	2	8	10	4	14	12	6	2	8	10	0	6	4	14	12	1	13	9	5	5	1	13	9	3	7	11	15	7	11	15	3	4641	4887
0	2	10	8	5	13	15	7	8	0	2	10	13	15	7	5	4	1	14	11	1	14	11	4	12	3	6	9	9	12	3	6	20	6021
0	3	8	11	4	15	12	7	2	9	10	1	6	5	14	13	1	12	9	4	5	0	13	8	3	6	11	14	7	10	15	2	4096	5785
0	3	10	9	5	12	15	6	8	1	2	11	13	14	7	4	4	0	14	10	1	15	11	5	12	2	6	8	9	13	3	7	1792	4097
0	4	8	12	4	8	12	0	2	14	10	6	6	2	14	10	1	11	9	3	5	7	13	15	3	1	11	9	7	13	15	5	1129	972
0	4	10	14	5	11	15	1	8	6	2	12	13	9	7	3	4	7	14	13	1	8	11	2	12	5	6	15	9	10	3	0	4223	386
0	5	8	13	4	9	12	1	2	15	10	7	6	3	14	11	1	10	9	2	5	6	13	14	3	0	11	8	7	12	15	4	562	5068
0	5	10	15	5	10	15	0	8	7	2	13	13	8	7	2	4	6	14	12	1	9	11	3	12	4	6	14	9	11	3	1	1578	4291
0	6	8	14	4	10	12	2	2	12	10	4	6	0	14	8	1	9	9	1	5	5	13	13	3	3	11	11	7	15	15	7	853	4164
0	6	10	12	5	9	15	3	8	4	2	14	13	11	7	1	4	5	14	15	1	10	11	0	12	7	6	13	9	8	3	2	1621	5068
0	7	8	15	4	11	12	3	2	13	10	5	6	1	14	9	1	8	9	0	5	4	13	12	3	2	11	10	7	14	15	6	616	811
0	7	10	13	5	8	15	2	8	5	2	15	13	10	7	0	4	4	14	14	1	11	11	1	12	6	6	12	9	9	3	3	1834	4096
0	8	8	0	4	4	12	12	2	2	10	10	6	14	14	6	1	7	9	15	5	11	13	3	3	13	11	5	7	1	15	9	534	11476
0	8	10	2	5	7	15	13	8	10	2	0	13	5	7	15	4	11	14	1	1	4	11	14	12	9	6	3	9	6	3	12	1834	8192
0	9	8	1	4	5	12	13	2	3	10	11	6	15	14	7	1	6	9	14	5	10	13	2	3	12	11	4	7	0	15	8	616	11315
0	9	10	3	5	6	15	12	8	11	2	1	13	4	7	14	4	10	14	0	1	5	11	15	12	8	6	2	9	7	3	13	1621	11315
0	10	8	2	4	6	12	14	2	0	10	8	6	12	14	4	1	5	9	13	5	9	13	1	3	15	11	7	7	3	15	11	4097	10345
0	10	10	0	5	5	15	15	8	8	2	2	13	7	7	13	4	9	14	3	1	6	11	12	12	11	6	1	9	4	3	14	1578	8387
0	11	8	3	4	7	12	15	2	1	10	9	6	13	14	5	1	4	9	12	5	8	13	0	3	14	11	6	7	2	15	10	4096	1385
0	11	10	1	5	4	15	14	8	9	2	3	13	6	7	12	4	8	14	2	1	7	11	13	12	10	6	0	9	5	3	15	1792	8208
0	12	8	4	4	0	12	8	2	6	10	14	6	10	14	2	1	3	9	11	5	15	13	7	3	9	11	1	7	5	15	13	562	11312
0	12	10	6	5	3	15	9	8	14	2	4	13	1	7	11	4	15	14	5	1	0	11	10	12	13	6	7	9	2	3	8	1792	8320
0	13	8	5	4	1	12	9	2	7	10	15	6	11	14	3	1	2	9	10	5	14	13	6	3	8	11	0	7	4	15	12	562	11468
0	13	10	7	5	2	15	8	8	15	2	5	13	0	7	10	4	14	14	4	1	1	11	11	12	12	6	6	9	3	3	9	1794	8317
0	14	8	6	4	2	12	10	2	4	10	12	6	8	14	0	1	1	9	9	5	13	13	5	3	11	11	3	7	7	15	15	534	11340
0	14	10	4	5	1	15	11	8	12	2	6	13	3	7	9	4	13	14	7	1	2	11	8	12	15	6	5	9	0	3	10	1620	8252
0	15	8	7	4	3	12	11	2	5	10	13	6	9	14	1	1	0	9	8	5	12	13	4	3	10	11	2	7	6	15	14	1128	11340
0	15	10	5	5	0	15	10	8	13	2	7	13	2	7	8	4	12	14	6	1	3	11	9	12	14	6	4	9	1	3	11	1834	8192
1	0	9	8	5	12	13	4	3	10	11	2	7	6	15	14	0	15	8	7	4	3	12	11	2	5	10	13	6	9	14	1	4096	5734
1	0	11	10	4	15	14	5	9	2	3	8	12	13	6	7	5	3	15	9	0	12	10	6	13	1	7	11	8	14	2	4	1832	4098
1	1	9	9	5	13	13	5	3	11	11	3	7	7	15	15	0	14	8	6	4	2	12	10	2	4	10	12	6	8	14	0	872	808
1	1	11	11	4	14	14	4	9	3	3	9	12	12	6	6	5	2	15	8	0	13	10	7	13	0	7	10	8	15	2	5	341	4098
1	2	9	10	5	14	13	6	3	8	11	0	7	4	15	12	0	13	8	5	4	1	12	9	2	7	10	15	6	11	14	3	5906	5006
1	2	11	8	4	13	14	7	9	0	3	10	12	15	6	5	5	1	15	11	0	14	10	4	13	3	7	9	8	12	2	6	1578	4156
1	3	9	11	5	15	13	7	3	9	11	1	7	5	15	13	0	12	8	4	4	0	12	8	2	6	10	14	6	10	14	2	847	937
1	3	11	9	4	12	14	6	9	1	3	11	12	14	6	4	5	0	15	10	0	15	10	5	13	2	7	8	8	13	2	7	1917	4097
1	4	9	12	5	8	13	0	3	14	11	6	7	2	15	10	0	11	8	3	4	7	12	15	2	1	10	9	6	13	14	5	1100	5056
1	4	11	14	4	11	14	1	9	6	3	12	12	9	6	3	5	7	15	13	0	8	10	2	13	5	7	15	8	10	2	0	1877	0
1	5	9	13	5	9	13	1	3	15	11	7	7	3	15	11	0	10	8	2	4	6	12	14	2	0	10	8	6	12	14	4	617	972
1	5	11	15	4	10	14	0	9	7	3	13	12	8	6	2	5	6	15	12	0	9	10	3	13	4	7	14	8	11	2	1	1792	4319
1	6	9	14	5	10	13	2	3	12	11	4	7	0	15	8	0	9	8	1	4	5	12	13	2	3	10	11	6	15	14	7	4128	4457
1	6	11	12	4	9	14	3	9	4	3	14	12	11	6	1	5	5	15	15	0	10	10	0	13	7	7	13	8	8	2	2	86	2
1	7	9	15	5	11	13	3	3	13	11	5	7	1	15	9	0	8	8	0	4	4	12	12	2	2	10	10	6	14	14	6	4923	4583
1	7	11	13	4	8	14	2	9	5	3	15	12	10	6	0	5	4	15	14	0	11	10	1	13	6	7	12	8	9	2	3	1832	4100
1	8	9	0	5	4	13	12	3	2	11	10	7	14	15	6	0	7	8	15	4	11	12	3	2	13	10	5	6	1	14	9	811	3158
1	8	11	2	4	7	14	13	9	10	3	0	12	5	6	15	5	11	15	1	0	4	10	14	13	9	7	3	8	6	2	12	1832	8224
1	9	9	1	5	5	13	13	3	3	11	11	7	15	15	7	0	6	8	14	4	10	12	2	2	12	10	4	6	0	14	8	5692	10691
1	9	11	3	4	6	14	12	9	11	3	1	12	4	6	14	5	10	15	0	0	5	10	15	13	8	7	2	8	7	2	13	1620	8387
1	10	9	2	5	6	13	14	3	0	11	8	7	12	15	4	0	5	8	13	4	9	12	1	2	15	10	7	6	3	14	11	1074	11496
1	10	11	0	4	5	14	15	9	8	3	2	12	7	6	13	5	9	15	3	0	6	10	12	13	11	7	1	8	4	2	14	1792	8443
1	11	9	3	5	7	13	15	3	1	11	9	7	13	15	5	0	4	8	12	4	8	12	0	2	14	10	6	6	2	14	10	4164	3242
1	11	11	1	4	4	14	14	9	9	3	3	12	6	6	12	5	8	15	2	0	7	10	13	13	10	7	0	8	5	2	15	64	106
1	12	9	4	5	0	13	8	3	6	11	14	7	10	15	2	0	3	8	11	4	15	12	7	2	9	10	1	6	5	14	13	4222	8356
1	12	11	6	4	3	14	9	9	14	3	4	12	1	6	11	5	15	15	5	0	0	10	10	13	13	7	7	8	2	2	8	1917	8320
1	13	9	5	5	1	13	9	3	7	11	15	7	11	15	3	0	2	8	10	4	14	12	6	2	8	10	0	6	4	14	12	5997	8321
1	13	11	7	4	2	14	8	9	15	3	5	12	0	6	10	5	14	15	4	0	1	10	11	13	12	7	6	8	3	2	9	1578	8252
1	14	9	6	5	2	13	10	3	4	11	12	7	8	15	0	0	1	8	9	4	13	12	5	2	11	10	3	6	7	14	15	1128	11314
1	14	11	4	4	1	14	11	9	12	3	6	12	3	6	9	5	13	15	7	0	2	10	8	13	15	7	5	8	0	2	10	1877	8446
1	15	9	7	5	3	13	11	3	5	11	13	7	9	15	1	0	0	8	8	4	12	12	4	2	10	10	2	6	6	14	14	4096	9830
1	15	11	5	4	0	14	10	9	13	3	7	12	2	6	8	5	12	15	6	0	3	10	9	13	14	7	4	8	1	2	11	4096	9242
2	0	8	10	7	15	13	5	10	2	0	8	15	13	5	7	6	3	12	9	3	12	9	6	14	1	4	11	11	14	1	4	1792	4128
2	0	10	8	6	12	14	4	0	10	8	2	4	6	12	14	3	15	11	7	7	3	15	11	1	5	9	13	5	9	13	1	789	808
2	1	8	11	7	14	13	4	10	3	0	9	15	12	5	6	6	2	12	8	3	13	9	7	14	0	4	10	11	15	1	5	256	4104
2	1	10	9	6	13	14	5	0	11	8	3	4	7	12	15	3	14	11	6	7	2	15	10	1	4	9	12	5	8	13	0	4641	4977
2	2	8	8	7	13	13	7	10	0	0	10	15	15	5	5	6	1	12	11	3	14	9	4	14	3	4	9	11	12	1	6	4096	424
2	2	10	10	6	14	14	6	0	8	8	0	4	4	12	12	3	13	11	5	7	1	15	9	1	7	9	15	5	11	13	3	4101	5026
2	3	8	9	7	12	13	6	10	1	0	11	15	14	5	4	6	0	12	10	3	15	9	5	14	2	4	8	11	13	1	7	1706	4915
2	3	10	11	6	15	14	7	0	9	8	1	4	5	12	13	3	12	11	4	7	0	15	8	1	6	9	14	5	10	13	2	808	917
2	4	8	14	7	11	13	1	10	6	0	12	15	9	5	3	6	7	12	13	3	8	9	2	14	5	4	15	11	10	1	0	1834	4096
2	4	10	12	6	8	14	0	0	14	8	6	4	2	12	10	3	11	11	3	7	7	15	15	1	1	9	9	5	13	13	5	808	908
2	5	8	15	7	10	13	0	10	7	0	13	15	8	5	2	6	6	12	12	3	9	9	3	14	4	4	14	11	11	1	1	148	22
2	5	10	13	6	9	14	1	0	15	8	7	4	3	12	11	3	10	11	2	7	6	15	14	1	0	9	8	5	12	13	4	4504	4940
2	6	8	12	7	9	13	3	10	4	0	14	15	11	5	1	6	5	12	15	3	10	9	0	14	7	4	13	11	8	1	2	4096	258
2	6	10	14	6	10	14	2	0	12	8	4	4	0	12	8	3	9	11	1	7	5	15	13	1	3	9	11	5	15	13	7	4274	4906
2	7	8	13	7	8	13	2	10	5	0	15	15	10	5	0	6	4	12	14	3	11	9	1	14	6	4	12	11	9	1	3	1578	4291
2	7	10	15	6	11	14	3	0	13	8	5	4	1	12	9	3	8	11	0	7	4	15	12	1	2	9	10	5	14	13	6	1302	4879
2	8	8	2	7	7	13	13	10	10	0	0	15	5	5	15	6	11	12	1	3	4	9	14	14	9	4	3	11	6	1	12	1578	8387
2	8	10	0	6	4	14	12	0	2	8	10	4	14	12	6	3	7	11	15	7	11	15	3	1	13	9	5	5	1	13	9	791	10390
2	9	8	3	7	6	13	12	10	11	0	1	15	4	5	14	6	10	12	0	3	5	9	15	14	8	4	2	11	7	1	13	4096	2112
2	9	10	1	6	5	14	13	0	3	8	11	4	15	12	7	3	6	11	14	7	10	15	2	1	12	9	4	5	0	13	8	4096	10598
2	10	8	0	7	5	13	15	10	8	0	2	15	7	5	13	6	9	12	3	3	6	9	12	14	11	4	1	11	4	1	14	424	8192
2	10	10	2	6	6	14	14	0	0	8	8	4	12	12	4	3	5	11	13	7	9	15	1	1	15	9	7	5	3	13	11	534	11314
2	11	8	1	7	4	13	14	10	9	0	3	15	6	5	12	6	8	12	2	3	7	9	13	14	10	4	0	11	5	1	15	1707	8387
2	11	10	3	6	7	14	15	0	1	8	9	4	13	12	5	3	4	11	12	7	8	15	0	1	14	9	6	5	2	13	10	808	3113
2	12	8	6	7	3	13	9	10	14	0	4	15	1	5	11	6	15	12	5	3	0	9	10	14	13	4	7	11	2	1	8	1706	11468
2	12	10	4	6	0	14	8	0	6	8	14	4	10	12	2	3	3	11	11	7	15	15	7	1	9	9	1	5	5	13	13	4907	3176
2	13	8	7	7	2	13	8	10	15	0	5	15	0	5	10	6	14	12	4	3	1	9	11	14	12	4	6	11	3	1	9	4096	2069
2	13	10	5	6	1	14	9	0	7	8	15	4	11	12	3	3	2	11	10	7	14	15	6	1	8	9	0	5	4	13	12	4101	11333
2	14	8	4	7	1	13	11	10	12	0	6	15	3	5	9	6	13	12	7	3	2	9	8	14	15	4	5	11	0	1	10	384	8208
2	14	10	6	6	2	14	10	0	4	8	12	4	8	12	0	3	1	11	9	7	13	15	5	1	11	9	3	5	7	13	15	4265	11434
2	15	8	5	7	0	13	10	10	13	0	7	15	2	5	8	6	12	12	6	3	3	9	9	14	14	4	4	11	1	1	11	1792	8196
2	15	10	7	6	3	14	11	0	5	8	13	4	9	12	1	3	0	11	8	7	12	15	4	1	10	9	2	5	6	13	14	790	3156
3	0	9	10	6	15	12	5	11	2	1	8	14	13	4	7	7	3	13	9	2	12	8	6	15	1	5	11	10	14	0	4	1578	4156
3	0	11	8	7	12	15	4	1	10	9	2	5	6	13	14	2	15	10	7	6	3	14	11	0	5	8	13	4	9	12	1	908	874
3	1	9	11	6	14	12	4	11	3	1	9	14	12	4	6	7	2	13	8	2	13	8	7	15	0	5	10	10	15	0	5	4096	1919
3	1	11	9	7	13	15	5	1	11	9	3	5	7	13	15	2	14	10	6	6	2	14	10	0	4	8	12	4	8	12	0	4894	4894
3	2	9	8	6	13	12	7	11	0	1	10	14	15	4	5	7	1	13	11	2	14	8	4	15	3	5	9	10	12	0	6	4096	1962
3	2	11	10	7	14	15	6	1	8	9	0	5	4	13	12	2	13	10	5	6	1	14	9	0	7	8	15	4	11	12	3	4504	4915
3	3	9	9	6	12	12	6	11	1	1	11	14	14	4	4	7	0	13	10	2	15	8	5	15	2	5	8	10	13	0	7	1707	4156
3	3	11	11	7	15	15	7	1	9	9	1	5	5	13	13	2	12	10	4	6	0	14	8	0	6	8	14	4	10	12	2	791	5270
3	4	9	14	6	11	12	1	11	6	1	12	14	9	4	3	7	7	13	13	2	8	8	2	15	5	5	15	10	10	0	0	1832	4224
3	4	11	12	7	8	15	0	1	14	9	6	5	2	13	10	2	11	10	3	6	7	14	15	0	1	8	9	4	13	12	5	4879	6546
3	5	9	15	6	10	12	0	11	7	1	13	14	8	4	2	7	6	13	12	2	9	8	3	15	4	5	14	10	11	0	1	20	6161
3	5	11	13	7	9	15	1	1	15	9	7	5	3	13	11	2	10	10	2	6	6	14	14	0	0	8	8	4	12	12	4	4915	2956
3	6	9	12	6	9	12	3	11	4	1	14	14	11	4	1	7	5	13	15	2	10	8	0	15	7	5	13	10	8	0	2	4096	2282
3	6	11	14	7	10	15	2	1	12	9	4	5	0	13	8	2	9	10	1	6	5	14	13	0	3	8	11	4	15	12	7	4225	4133
3	7	9	13	6	8	12	2	11	5	1	15	14	10	4	0	7	4	13	14	2	11	8	1	15	6	5	12	10	9	0	3	1706	5068
3	7	11	15	7	11	15	3	1	13	9	5	5	1	13	9	2	8	10	0	6	4	14	12	0	2	8	10	4	14	12	6	5273	5069
3	8	9	2	6	7	12	13	11	10	1	0	14	5	4	15	7	11	13	1	2	4	8	14	15	9	5	3	10	6	0	12	1920	8192
3	8	11	0	7	4	15	12	1	2	9	10	5	14	13	6	2	7	10	15	6	11	14	3	0	13	8	5	4	1	12	9	5266	11442
3	9	9	3	6	6	12	12	11	11	1	1	14	4	4	14	7	10	13	0	2	5	8	15	15	8	5	2	10	7	0	13	4096	343
3	9	11	1	7	5	15	13	1	3	9	11	5	15	13	7	2	6	10	14	6	10	14	2	0	12	8	4	4	0	12	8	5042	8486
3	10	9	0	6	5	12	15	11	8	1	2	14	7	4	13	7	9	13	3	2	6	8	12	15	11	5	1	10	4	0	14	424	8192
3	10	11	2	7	6	15	14	1	0	9	8	5	12	13	4	2	5	10	13	6	9	14	1	0	15	8	7	4	3	12	11	791	3433
3	11	9	1	6	4	12	14	11	9	1	3	14	6	4	12	7	8	13	2	2	7	8	13	15	10	5	0	10	5	0	15	1832	8193
3	11	11	3	7	7	15	15	1	1	9	9	5	13	13	5	2	4	10	12	6	8	14	0	0	14	8	6	4	2	12	10	4879	10569
3	12	9	6	6	3	12	9	11	14	1	4	14	1	4	11	7	15	13	5	2	0	8	10	15	13	5	7	10	2	0	8	1707	8252
3	12	11	4	7	0	15	8	1	6	9	14	5	10	13	2	2	3	10	11	6	15	14	7	0	9	8	1	4	5	12	13	4879	9773
3	13	9	7	6	2	12	8	11	15	1	5	14	0	4	10	7	14	13	4	2	1	8	11	15	12	5	6	10	3	0	9	4096	3668
3	13	11	5	7	1	15	9	1	7	9	15	5	11	13	3	2	2	10	10	6	14	14	6	0	8	8	0	4	4	12	12	4096	2665
3	14	9	4	6	1	12	11	11	12	1	6	14	3	4	9	7	13	13	7	2	2	8	8	15	15	5	5	10	0	0	10	424	20
3	14	11	6	7	2	15	10	1	4	9	12	5	8	13	0	2	1	10	9	6	13	14	5	0	11	8	3	4	7	12	15	534	3304
3	15	9	5	6	0	12	10	11	13	1	7	14	2	4	8	7	12	13	6	2	3	8	9	15	14	5	4	10	1	0	11	1578	8252
3	15	11	7	7	3	15	11	1	5	9	13	5	9	13	1	2	0	10	8	6	12	14	4	0	10	8	2	4	6	12	14	4876	1100
4	0	12	8	0	12	8	4	6	10	14	2	2	6	10	14	5	15	13	7	1	3	9	11	7	5	15	13	3	9	11	1	789	872
4	0	14	10	1	15	11	5	12	2	6	8	9	13	3	7	0	3	10	9	5	12	15	6	8	1	2	11	13	14	7	4	2068	4100
4	1	12	9	0	13	8	5	6	11	14	3	2	7	10	15	5	14	13	6	1	2	9	10	7	4	15	12	3	8	11	0	588	4977
4	1	14	11	1	14	11	4	12	3	6	9	9	12	3	6	0	2	10	8	5	13	15	7	8	0	2	10	13	15	7	5	4096	1919
4	2	12	10	0	14	8	6	6	8	14	0	2	4	10	12	5	13	13	5	1	1	9	9	7	7	15	15	3	11	11	3	4096	5785
4	2	14	8	1	13	11	7	12	0	6	10	9	15	3	5	0	1	10	11	5	14	15	4	8	3	2	9	13	12	7	6	4096	1834
4	3	12	11	0	15	8	7	6	9	14	1	2	5	10	13	5	12	13	4	1	0	9	8	7	6	15	14	3	10	11	2	2956	4883
4	3	14	9	1	12	11	6	12	1	6	11	9	14	3	4	0	0	10	10	5	15	15	5	8	2	2	8	13	13	7	7	2048	4128
4	4	12	12	0	8	8	0	6	14	14	6	2	2	10	10	5	11	13	3	1	7	9	15	7	1	15	9	3	13	11	5	2774	4879
4	4	14	14	1	11	11	1	12	6	6	12	9	9	3	3	0	7	10	13	5	8	15	2	8	5	2	15	13	10	7	0	2048	4160
4	5	12	13	0	9	8	1	6	15	14	7	2	3	10	11	5	10	13	2	1	6	9	14	7	0	15	8	3	12	11	4	534	5076
4	5	14	15	1	10	11	0	12	7	6	13	9	8	3	2	0	6	10	12	5	9	15	3	8	4	2	14	13	11	7	1	4096	2112
4	6	12	14	0	10	8	2	6	12	14	4	2	0	10	8	5	9	13	1	1	5	9	13	7	3	15	11	3	15	11	7	4164	938
4	6	14	12	1	9	11	3	12	4	6	14	9	11	3	1	0	5	10	15	5	10	15	0	8	7	2	13	13	8	7	2	341	0
4	7	12	15	0	11	8	3	6	13	14	5	2	1	10	9	5	8	13	0	1	4	9	12	7	2	15	10	3	14	11	6	853	873
4	7	14	13	1	8	11	2	12	5	6	15	9	10	3	0	0	4	10	14	5	11	15	1	8	6	2	12	13	9	7	3	2391	4291
4	8	12	0	0	4	8	12	6	2	14	10	2	14	10	6	5	7	13	15	1	11	9	3	7	13	15	5	3	1	11	9	853	3222
4	8	14	2	1	7	11	13	12	10	6	0	9	5	3	15	0	11	10	1	5	4	15	14	8	9	2	3	13	6	7	12	0	341
4	9	12	1	0	5	8	13	6	3	14	11	2	15	10	7	5	6	13	14	1	10	9	2	7	12	15	4	3	0	11	8	4228	3157
4	9	14	3	1	6	11	12	12	11	6	1	9	4	3	14	0	10	10	0	5	5	15	15	8	8	2	2	13	7	7	13	213	23
4	10	12	2	0	6	8	14	6	0	14	8	2	12	10	4	5	5	13	13	1	9	9	1	7	15	15	7	3	3	11	11	4941	11641
4	10	14	0	1	5	11	15	12	8	6	2	9	7	3	13	0	9	10	3	5	6	15	12	8	11	2	1	13	4	7	14	341	8200
4	11	12	3	0	7	8	15	6	1	14	9	2	13	10	5	5	4	13	12	1	8	9	0	7	14	15	6	3	2	11	10	2774	11504
4	11	14	1	1	4	11	14	12	9	6	3	9	6	3	12	0	8	10	2	5	7	15	13	8	10	2	0	13	5	7	15	4096	8530
4	12	12	4	0	0	8	8	6	6	14	14	2	10	10	2	5	3	13	11	1	15	9	7	7	9	15	1	3	5	11	13	2956	11464
4	12	14	6	1	3	11	9	12	14	6	4	9	1	3	11	0	15	10	5	5	0	15	10	8	13	2	7	13	2	7	8	4224	3668
4	13	12	5	0	1	8	9	6	7	14	15	2	11	10	3	5	2	13	10	1	14	9	6	7	8	15	0	3	4	11	12	4096	9881
4	13	14	7	1	2	11	8	12	15	6	5	9	0	3	10	0	14	10	4	5	1	15	11	8	12	2	6	13	3	7	9	4096	3668
4	14	12	6	0	2	8	10	6	4	14	12	2	8	10	0	5	1	13	9	1	13	9	5	7	11	15	3	3	7	11	15	972	662
4	14	14	4	1	1	11	11	12	12	6	6	9	3	3	9	0	13	10	7	5	2	15	8	8	15	2	5	13	0	7	10	4096	3838
4	15	12	7	0	3	8	11	6	5	14	13	2	9	10	1	5	0	13	8	1	12	9	4	7	10	15	2	3	6	11	14	589	11312
4	15	14	5	1	0	11	10	12	13	6	7	9	2	3	8	0	12	10	6	5	3	15	9	8	14	2	4	13	1	7	11	4096	3838
5	0	13	8	1	12	9	4	7	10	15	2	3	6	11	14	4	15	12	7	0	3	8	11	6	5	14	13	2	9	10	1	2711	4879
5	0	15	10	0	15	10	5	13	2	7	8	8	13	2	7	1	3	11	9	4	12	14	6	9	1	3	11	12	14	6	4	2068	4112
5	1	13	9	1	13	9	5	7	11	15	3	3	7	11	15	4	14	12	6	0	2	8	10	6	4	14	12	2	8	10	0	4096	5734
5	1	15	11	0	14	10	4	13	3	7	9	8	12	2	6	1	2	11	8	4	13	14	7	9	0	3	10	12	15	6	5	4096	258
5	2	13	10	1	14	9	6	7	8	15	0	3	4	11	12	4	13	12	5	0	1	8	9	6	7	14	15	2	11	10	3	4505	4914
5	2	15	8	0	13	10	7	13	0	7	10	8	15	2	5	1	1	11	11	4	14	14	4	9	3	3	9	12	12	6	6	4096	4775
5	3	13	11	1	15	9	7	7	9	15	1	3	5	11	13	4	12	12	4	0	0	8	8	6	6	14	14	2	10	10	2	7070	811
5	3	15	9	0	12	10	6	13	1	7	11	8	14	2	4	1	0	11	10	4	15	14	5	9	2	3	8	12	13	6	7	4096	424
5	4	13	12	1	8	9	0	7	14	15	6	3	2	11	10	4	11	12	3	0	7	8	15	6	1	14	9	2	13	10	5	2710	4096
5	4	15	14	0	11	10	1	13	6	7	12	8	9	2	3	1	7	11	13	4	8	14	2	9	5	3	15	12	10	6	0	2048	4097
5	5	13	13	1	9	9	1	7	15	15	7	3	3	11	11	4	10	12	2	0	6	8	14	6	0	14	8	2	12	10	4	4101	4949
5	5	15	15	0	10	10	0	13	7	7	13	8	8	2	2	1	6	11	12	4	9	14	3	9	4	3	14	12	11	6	1	4096	4696
5	6	13	14	1	10	9	2	7	12	15	4	3	0	11	8	4	9	12	1	0	5	8	13	6	3	14	11	2	15	10	7	4096	2665
5	6	15	12	0	9	10	3	13	4	7	14	8	11	2	1	1	5	11	15	4	10	14	0	9	7	3	13	12	8	6	2	341	0
5	7	13	15	1	11	9	3	7	13	15	5	3	1	11	9	4	8	12	0	0	4	8	12	6	2	14	10	2	14	10	6	3028	4940
5	7	15	13	0	8	10	2	13	5	7	15	8	10	2	0	1	4	11	14	4	11	14	1	9	6	3	12	12	9	6	3	4096	258
5	8	13	0	1	4	9	12	7	2	15	10	3	14	11	6	4	7	12	15	0	11	8	3	6	13	14	5	2	1	10	9	4879	10641
5	8	15	2	0	7	10	13	13	10	7	0	8	5	2	15	1	11	11	1	4	4	14	14	9	9	3	3	12	6	6	12	215	8533
5	9	13	1	1	5	9	13	7	3	15	11	3	15	11	7	4	6	12	14	0	10	8	2	6	12	14	4	2	0	10	8	4502	3095
5	9	15	3	0	6	10	12	13	11	7	1	8	4	2	14	1	10	11	0	4	5	14	15	9	8	3	2	12	7	6	13	4096	2112
5	10	13	2	1	6	9	14	7	0	15	8	3	12	11	4	4	5	12	13	0	9	8	1	6	15	14	7	2	3	10	11	4101	11434
5	10	15	0	0	5	10	15	13	8	7	2	8	7	2	13	1	9	11	3	4	6	14	12	9	11	3	1	12	4	6	14	4096	9242
5	11	13	3	1	7	9	15	7	1	15	9	3	13	11	5	4	4	12	12	0	8	8	0	6	14	14	6	2	2	10	10	2956	11315
5	11	15	1	0	4	10	14	13	9	7	3	8	6	2	12	1	8	11	2	4	7	14	13	9	10	3	0	12	5	6	15	4096	2282
5	12	13	4	1	0	9	8	7	6	15	14	3	10	11	2	4	3	12	11	0	15	8	7	6	9	14	1	2	5	10	13	2956	11468
5	12	15	6	0	3	10	9	13	14	7	4	8	1	2	11	1	15	11	5	4	0	14	10	9	13	3	7	12	2	6	8	148	21
5	13	13	5	1	1	9	9	7	7	15	15	3	11	11	3	4	2	12	10	0	14	8	6	6	8	14	0	2	4	10	12	4940	1256
5	13	15	7	0	2	10	8	13	15	7	5	8	0	2	10	1	14	11	4	4	1	14	11	9	12	3	6	12	3	6	9	4096	9445
5	14	13	6	1	2	9	10	7	4	15	12	3	8	11	0	4	1	12	9	0	13	8	5	6	11	14	3	2	7	10	15	4096	9830
5	14	15	4	0	1	10	11	13	12	7	6	8	3	2	9	1	13	11	7	4	2	14	8	9	15	3	5	12	0	6	10	4096	2112
5	15	13	7	1	3	9	11	7	5	15	13	3	9	11	1	4	0	12	8	0	12	8	4	6	10	14	2	2	6	10	14	780	3156
5	15	15	5	0	0	10	10	13	13	7	7	8	2	2	8	1	12	11	6	4	3	14	9	9	14	3	4	12	1	6	11	2068	8200
6	0	12	10	3	15	9	5	14	2	4	8	11	13	1	7	2	3	8	9	7	12	13	6	10	1	0	11	15	14	5	4	2048	4097
6	0	14	8	2	12	10	4	4	10	12	2	0	6	8	14	7	15	15	7	3	3	11	11	5	5	13	13	1	9	9	1	2956	4913
6	1	12	11	3	14	9	4	14	3	4	9	11	12	1	6	2	2	8	8	7	13	13	7	10	0	0	10	15	15	5	5	2538	4156
6	1	14	9	2	13	10	5	4	11	12	3	0	7	8	15	7	14	15	6	3	2	11	10	5	4	13	12	1	8	9	0	4454	4899
6	2	12	8	3	13	9	7	14	0	4	10	11	15	1	5	2	1	8	11	7	14	13	4	10	3	0	9	15	12	5	6	104	168
6	2	14	10	2	14	10	6	4	8	12	0	0	4	8	12	7	13	15	5	3	1	11	9	5	7	13	15	1	11	9	3	716	4919
6	3	12	9	3	12	9	6	14	1	4	11	11	14	1	4	2	0	8	10	7	15	13	5	10	2	0	8	15	13	5	7	4096	258
6	3	14	11	2	15	10	7	4	9	12	1	0	5	8	13	7	12	15	4	3	0	11	8	5	6	13	14	1	10	9	2	2857	4914
6	4	12	14	3	11	9	1	14	6	4	12	11	9	1	3	2	7	8	13	7	8	13	2	10	5	0	15	15	10	5	0	4096	258
6	4	14	12	2	8	10	0	4	14	12	6	0	2	8	10	7	11	15	3	3	7	11	15	5	1	13	9	1	13	9	5	2857	5060
6	5	12	15	3	10	9	0	14	7	4	13	11	8	1	2	2	6	8	12	7	9	13	3	10	4	0	14	15	11	5	1	2474	5068
6	5	14	13	2	9	10	1	4	15	12	7	0	3	8	11	7	10	15	2	3	6	11	14	5	0	13	8	1	12	9	4	588	5006
6	6	12	12	3	9	9	3	14	4	4	14	11	11	1	1	2	5	8	15	7	10	13	0	10	7	0	13	15	8	5	2	424	4096
6	6	14	14	2	10	10	2	4	12	12	4	0	0	8	8	7	9	15	1	3	5	11	13	5	3	13	11	1	15	9	7	617	4940
6	7	12	13	3	8	9	2	14	5	4	15	11	10	1	0	2	4	8	14	7	11	13	1	10	6	0	12	15	9	5	3	2218	0
6	7	14	15	2	11	10	3	4	13	12	5	0	1	8	9	7	8	15	0	3	4	11	12	5	2	13	10	1	14	9	6	2857	1000
6	8	12	2	3	7	9	13	14	10	4	0	11	5	1	15	2	11	8	1	7	4	13	14	10	9	0	3	15	6	5	12	4096	2069
6	8	14	0	2	4	10	12	4	2	12	10	0	14	8	6	7	7	15	15	3	11	11	3	5	13	13	5	1	1	9	9	2857	3095
6	9	12	3	3	6	9	12	14	11	4	1	11	4	1	14	2	10	8	0	7	5	13	15	10	8	0	2	15	7	5	13	235	8533
6	9	14	1	2	5	10	13	4	3	12	11	0	15	8	7	7	6	15	14	3	10	11	2	5	12	13	4	1	0	9	8	616	11314
6	10	12	0	3	5	9	15	14	8	4	2	11	7	1	13	2	9	8	3	7	6	13	12	10	11	0	1	15	4	5	14	2474	11315
6	10	14	2	2	6	10	14	4	0	12	8	0	12	8	4	7	5	15	13	3	9	11	1	5	15	13	7	1	3	9	11	938	8424
6	11	12	1	3	4	9	14	14	9	4	3	11	6	1	12	2	8	8	2	7	7	13	13	10	10	0	0	15	5	5	15	2218	8192
6	11	14	3	2	7	10	15	4	1	12	9	0	13	8	5	7	4	15	12	3	8	11	0	5	14	13	6	1	2	9	10	808	3304
6	12	12	6	3	3	9	9	14	14	4	4	11	1	1	11	2	15	8	5	7	0	13	10	10	13	0	7	15	2	5	8	4096	2112
6	12	14	4	2	0	10	8	4	6	12	14	0	10	8	2	7	3	15	11	3	15	11	7	5	9	13	1	1	5	9	13	4197	8353
6	13	12	7	3	2	9	8	14	15	4	5	11	0	1	10	2	14	8	4	7	1	13	11	10	12	0	6	15	3	5	9	168	20
6	13	14	5	2	1	10	9	4	7	12	15	0	11	8	3	7	2	15	10	3	14	11	6	5	8	13	0	1	4	9	12	5035	3113
6	14	12	4	3	1	9	11	14	12	4	6	11	3	1	9	2	13	8	7	7	2	13	8	10	15	0	5	15	0	5	10	4096	9242
6	14	14	6	2	2	10	10	4	4	12	12	0	8	8	0	7	1	15	9	3	13	11	5	5	11	13	3	1	7	9	15	616	3284
6	15	12	5	3	0	9	10	14	13	4	7	11	2	1	8	2	12	8	6	7	3	13	9	10	14	0	4	15	1	5	11	4096	2282
6	15	14	7	2	3	10	11	4	5	12	13	0	9	8	1	7	0	15	8	3	12	11	4	5	10	13	2	1	6	9	14	5060	10264
7	0	13	10	2	15	8	5	15	2	5	8	10	13	0	7	3	3	9	9	6	12	12	6	11	1	1	11	14	14	4	4	4096	1877
7	0	15	8	3	12	11	4	5	10	13	2	1	6	9	14	6	15	14	7	2	3	10	11	4	5	12	13	0	9	8	1	2956	4915
7	1	13	11	2	14	8	4	15	3	5	9	10	12	0	6	3	2	9	8	6	13	12	7	11	0	1	10	14	15	4	5	2048	4159
7	1	15	9	3	13	11	5	5	11	13	3	1	7	9	15	6	14	14	6	2	2	10	10	4	4	12	12	0	8	8	0	2665	4096
7	2	13	8	2	13	8	7	15	0	5	10	10	15	0	5	3	1	9	11	6	14	12	4	11	3	1	9	14	12	4	6	4096	1920
7	2	15	10	3	14	11	6	5	8	13	0	1	4	9	12	6	13	14	5	2	1	10	9	4	7	12	15	0	11	8	3	588	4883
7	3	13	9	2	12	8	6	15	1	5	11	10	14	0	4	3	0	9	10	6	15	12	5	11	2	1	8	14	13	4	7	4096	1920
7	3	15	11	3	15	11	7	5	9	13	1	1	5	9	13	6	12	14	4	2	0	10	8	4	6	12	14	0	10	8	2	4296	938
7	4	13	14	2	11	8	1	15	6	5	12	10	9	0	3	3	7	9	13	6	8	12	2	11	5	1	15	14	10	4	0	2218	4112
7	4	15	12	3	8	11	0	5	14	13	6	1	2	9	10	6	11	14	3	2	7	10	15	4	1	12	9	0	13	8	5	4225	7126
7	5	13	15	2	10	8	0	15	7	5	13	10	8	0	2	3	6	9	12	6	9	12	3	11	4	1	14	14	11	4	1	2472	4291
7	5	15	13	3	9	11	1	5	15	13	7	1	3	9	11	6	10	14	2	2	6	10	14	4	0	12	8	0	12	8	4	4461	4225
7	6	13	12	2	9	8	3	15	4	5	14	10	11	0	1	3	5	9	15	6	10	12	0	11	7	1	13	14	8	4	2	2538	4291
7	6	15	14	3	10	11	2	5	12	13	4	1	0	9	8	6	9	14	1	2	5	10	13	4	3	12	11	0	15	8	7	6953	4132
7	7	13	13	2	8	8	2	15	5	5	15	10	10	0	0	3	4	9	14	6	11	12	1	11	6	1	12	14	9	4	3	4096	2112
7	7	15	15	3	11	11	3	5	13	13	5	1	1	9	9	6	8	14	0	2	4	10	12	4	2	12	10	0	14	8	6	938	936
7	8	13	2	2	7	8	13	15	10	5	0	10	5	0	15	3	11	9	1	6	4	12	14	11	9	1	3	14	6	4	12	4096	258
7	8	15	0	3	4	11	12	5	2	13	10	1	14	9	6	6	7	14	15	2	11	10	3	4	13	12	5	0	1	8	9	936	3221
7	9	13	3	2	6	8	12	15	11	5	1	10	4	0	14	3	10	9	0	6	5	12	15	11	8	1	2	14	7	4	13	2538	8387
7	9	15	1	3	5	11	13	5	3	13	11	1	15	9	7	6	6	14	14	2	10	10	2	4	12	12	4	0	0	8	8	616	11315
7	10	13	0	2	5	8	15	15	8	5	2	10	7	0	13	3	9	9	3	6	6	12	12	11	11	1	1	14	4	4	14	2472	8387
7	10	15	2	3	6	11	14	5	0	13	8	1	12	9	4	6	5	14	13	2	9	10	1	4	15	12	7	0	3	8	11	4940	3371
7	11	13	1	2	4	8	14	15	9	5	3	10	6	0	12	3	8	9	2	6	7	12	13	11	10	1	0	14	5	4	15	42	104
7	11	15	3	3	7	11	15	5	1	13	9	1	13	9	5	6	4	14	12	2	8	10	0	4	14	12	6	0	2	8	10	2857	3115
7	12	13	6	2	3	8	9	15	14	5	4	10	1	0	11	3	15	9	5	6	0	12	10	11	13	1	7	14	2	4	8	4096	3585
7	12	15	4	3	0	11	8	5	6	13	14	1	10	9	2	6	3	14	11	2	15	10	7	4	9	12	1	0	5	8	13	873	3157
7	13	13	7	2	2	8	8	15	15	5	5	10	0	0	10	3	14	9	4	6	1	12	11	11	12	1	6	14	3	4	9	4096	3585
7	13	15	5	3	1	11	9	5	7	13	15	1	11	9	3	6	2	14	10	2	14	10	6	4	8	12	0	0	4	8	12	4589	3304
7	14	13	4	2	1	8	11	15	12	5	6	10	3	0	9	3	13	9	7	6	2	12	8	11	15	1	5	14	0	4	10	168	40
7	14	15	6	3	2	11	10	5	4	13	12	1	8	9	0	6	1	14	9	2	13	10	5	4	11	12	3	0	7	8	15	2956	11312
7	15	13	5	2	0	8	10	15	13	5	7	10	2	0	8	3	12	9	6	6	3	12	9	11	14	1	4	14	1	4	11	4096	3668
7	15	15	7	3	3	11	11	5	5	13	13	1	9	9	1	6	0	14	8	2	12	10	4	4	10	12	2	0	6	8	14	780	3178
8	0	0	8	12	12	4	4	10	10	2	2	14	6	6	14	9	15	1	7	13	3	5	11	11	5	3	13	15	9	7	1	3092	789
8	0	2	10	13	15	7	5	0	2	10	8	5	13	15	7	12	3	6	9	9	12	3	6	4	1	14	11	1	14	11	4	21	125
8	1	0	9	12	13	4	5	10	11	2	3	14	7	6	15	9	14	1	6	13	2	5	10	11	4	3	12	15	8	7	0	1047	4923
8	1	2	11	13	14	7	4	0	3	10	9	5	12	15	6	12	2	6	8	9	13	3	7	4	0	14	10	1	15	11	5	2389	4915
8	2	0	10	12	14	4	6	10	8	2	0	14	4	6	12	9	13	1	5	13	1	5	9	11	7	3	15	15	11	7	3	1046	791
8	2	2	8	13	13	7	7	0	0	10	10	5	15	15	5	12	1	6	11	9	14	3	4	4	3	14	9	1	12	11	6	2048	4128
8	3	0	11	12	15	4	7	10	9	2	1	14	5	6	13	9	12	1	4	13	0	5	8	11	6	3	14	15	10	7	2	3222	808
8	3	2	9	13	12	7	6	0	1	10	11	5	14	15	4	12	0	6	10	9	15	3	5	4	2	14	8	1	13	11	7	8192	1920
8	4	0	12	12	8	4	0	10	14	2	6	14	2	6	10	9	11	1	3	13	7	5	15	11	1	3	9	15	13	7	5	3285	4949
8	4	2	14	13	11	7	1	0	6	10	12	5	9	15	3	12	7	6	13	9	8	3	2	4	5	14	15	1	10	11	0	11378	6165
8	5	0	13	12	9	4	1	10	15	2	7	14	3	6	11	9	10	1	2	13	6	5	14	11	0	3	8	15	12	7	4	1202	4876
8	5	2	15	13	10	7	0	0	7	10	13	5	8	15	2	12	6	6	12	9	9	3	3	4	4	14	14	1	11	11	1	8192	2069
8	6	0	14	12	10	4	2	10	12	2	4	14	0	6	8	9	9	1	1	13	5	5	13	11	3	3	11	15	15	7	7	3092	873
8	6	2	12	13	9	7	3	0	4	10	14	5	11	15	1	12	5	6	15	9	10	3	0	4	7	14	13	1	8	11	2	8192	2112
8	7	0	15	12	11	4	3	10	13	2	5	14	1	6	9	9	8	1	0	13	4	5	12	11	2	3	10	15	14	7	6	3221	936
8	7	2	13	13	8	7	2	0	5	10	15	5	10	15	0	12	4	6	14	9	11	3	1	4	6	14	12	1	9	11	3	8192	2112
8	8	0	0	12	4	4	12	10	2	2	10	14	14	6	6	9	7	1	15	13	11	5	3	11	13	3	5	15	1	7	9	3092	3092
8	8	2	2	13	7	7	13	0	10	10	0	5	5	15	15	12	11	6	1	9	4	3	14	4	9	14	3	1	6	11	12	2	86
8	9	0	1	12	5	4	13	10	3	2	11	14	15	6	7	9	6	1	14	13	10	5	2	11	12	3	4	15	0	7	8	1428	11504
8	9	2	3	13	6	7	12	0	11	10	1	5	4	15	14	12	10	6	0	9	5	3	15	4	8	14	2	1	7	11	13	2132	8256
8	10	0	2	12	6	4	14	10	0	2	8	14	12	6	4	9	5	1	13	13	9	5	1	11	15	3	7	15	3	7	11	10390	8320
8	10	2	0	13	5	7	15	0	8	10	2	5	7	15	13	12	9	6	3	9	6	3	12	4	11	14	1	1	4	11	14	2048	8194
8	11	0	3	12	7	4	15	10	1	2	9	14	13	6	5	9	4	1	12	13	8	5	0	11	14	3	6	15	2	7	10	3221	11434
8	11	2	1	13	4	7	14	0	9	10	3	5	6	15	12	12	8	6	2	9	7	3	13	4	10	14	0	1	5	11	15	8192	424
8	12	0	4	12	0	4	8	10	6	2	14	14	10	6	2	9	3	1	11	13	15	5	7	11	9	3	1	15	5	7	13	3222	3092
8	12	2	6	13	3	7	9	0	14	10	4	5	1	15	11	12	15	6	5	9	0	3	10	4	13	14	7	1	2	11	8	11318	8297
8	13	0	5	12	1	4	9	10	7	2	15	14	11	6	3	9	2	1	10	13	14	5	6	11	8	3	0	15	4	7	12	11313	717
8	13	2	7	13	2	7	8	0	15	10	5	5	0	15	10	12	14	6	4	9	1	3	11	4	12	14	6	1	3	11	9	8192	3585
8	14	0	6	12	2	4	10	10	4	2	12	14	8	6	0	9	1	1	9	13	13	5	5	11	11	3	3	15	7	7	15	1046	3276
8	14	2	4	13	1	7	11	0	12	10	6	5	3	15	9	12	13	6	7	9	2	3	8	4	15	14	5	1	0	11	10	8192	3668
8	15	0	7	12	3	4	11	10	5	2	13	14	9	6	1	9	0	1	8	13	12	5	4	11	10	3	2	15	6	7	14	3441	11470
8	15	2	5	13	0	7	10	0	13	10	7	5	2	15	8	12	12	6	6	9	3	3	9	4	14	14	4	1	1	11	11	215	2218
9	0	1	8	13	12	5	4	11	10	3	2	15	6	7	14	8	15	0	7	12	3	4	11	10	5	2	13	14	9	6	1	3123	617
9	0	3	10	12	15	6	5	1	2	11	8	4	13	14	7	13	3	7	9	8	12	2	6	5	1	15	11	0	14	10	4	8192	343
9	1	1	9	13	13	5	5	11	11	3	3	15	7	7	15	8	14	0	6	12	2	4	10	10	4	2	12	14	8	6	0	11299	4455
9	1	3	11	12	14	6	4	1	3	11	9	4	12	14	6	13	2	7	8	8	13	2	7	5	0	15	10	0	15	10	5	2068	4112
9	2	1	10	13	14	5	6	11	8	3	0	15	4	7	12	8	13	0	5	12	1	4	9	10	7	2	15	14	11	6	3	1202	4919
9	2	3	8	12	13	6	7	1	0	11	10	4	15	14	5	13	1	7	11	8	14	2	4	5	3	15	9	0	12	10	6	2048	4104
9	3	1	11	13	15	5	7	11	9	3	1	15	5	7	13	8	12	0	4	12	0	4	8	10	6	2	14	14	10	6	2	8326	938
9	3	3	9	12	12	6	6	1	1	11	11	4	14	14	4	13	0	7	10	8	15	2	5	5	2	15	8	0	13	10	7	469	4098
9	4	1	12	13	8	5	0	11	14	3	6	15	2	7	10	8	11	0	3	12	7	4	15	10	1	2	9	14	13	6	5	3540	5060
9	4	3	14	12	11	6	1	1	6	11	12	4	9	14	3	13	7	7	13	8	8	2	2	5	5	15	15	0	10	10	0	8192	258
9	5	1	13	13	9	5	1	11	15	3	7	15	3	7	11	8	10	0	2	12	6	4	14	10	0	2	8	14	12	6	4	3092	790
9	5	3	15	12	10	6	0	1	7	11	13	4	8	14	2	13	6	7	12	8	9	2	3	5	4	15	14	0	11	10	1	8192	258
9	6	1	14	13	10	5	2	11	12	3	4	15	0	7	8	8	9	0	1	12	5	4	13	10	3	2	11	14	15	6	7	3223	4933
9	6	3	12	12	9	6	3	1	4	11	14	4	11	14	1	13	5	7	15	8	10	2	0	5	7	15	13	0	8	10	2	84	4226
9	7	1	15	13	11	5	3	11	13	3	5	15	1	7	9	8	8	0	0	12	4	4	12	10	2	2	10	14	14	6	6	8192	6502
9	7	3	13	12	8	6	2	1	5	11	15	4	10	14	0	13	4	7	14	8	11	2	1	5	6	15	12	0	9	10	3	8192	424
9	8	1	0	13	4	5	12	11	2	3	10	15	14	7	6	8	7	0	15	12	11	4	3	10	13	2	5	14	1	6	9	3222	3092
9	8	3	2	12	7	6	13	1	10	11	0	4	5	14	15	13	11	7	1	8	4	2	14	5	9	15	3	0	6	10	12	8192	2069
9	9	1	1	13	5	5	13	11	3	3	11	15	15	7	7	8	6	0	14	12	10	4	2	10	12	2	4	14	0	6	8	3223	11426
9	9	3	3	12	6	6	12	1	11	11	1	4	4	14	14	13	10	7	0	8	5	2	15	5	8	15	2	0	7	10	13	8192	2069
9	10	1	2	13	6	5	14	11	0	3	8	15	12	7	4	8	5	0	13	12	9	4	1	10	15	2	7	14	3	6	11	1074	11377
9	10	3	0	12	5	6	15	1	8	11	2	4	7	14	13	13	9	7	3	8	6	2	12	5	11	15	1	0	4	10	14	8192	2112
9	11	1	3	13	7	5	15	11	1	3	9	15	13	7	5	8	4	0	12	12	8	4	0	10	14	2	6	14	2	6	10	3220	3242
9	11	3	1	12	4	6	14	1	9	11	3	4	6	14	12	13	8	7	2	8	7	2	13	5	10	15	0	0	5	10	15	8192	2112
9	12	1	4	13	0	5	8	11	6	3	14	15	10	7	2	8	3	0	11	12	15	4	7	10	9	2	1	14	5	6	13	3284	3221
9	12	3	6	12	3	6	9	1	14	11	4	4	1	14	11	13	15	7	5	8	0	2	10	5	13	15	7	0	2	10	8	8192	2112
9	13	1	5	13	1	5	9	11	7	3	15	15	11	7	3	8	2	0	10	12	14	4	6	10	8	2	0	14	4	6	12	3092	3113
9	13	3	7	12	2	6	8	1	15	11	5	4	0	14	10	13	14	7	4	8	1	2	11	5	12	15	6	0	3	10	9	8192	2112
9	14	1	6	13	2	5	10	11	4	3	12	15	8	7	0	8	1	0	9	12	13	4	5	10	11	2	3	14	7	6	15	3123	1046
9	14	3	4	12	1	6	11	1	12	11	6	4	3	14	9	13	13	7	7	8	2	2	8	5	15	15	5	0	0	10	10	2068	8200
9	15	1	7	13	3	5	11	11	5	3	13	15	9	7	1	8	0	0	8	12	12	4	4	10	10	2	2	14	6	6	14	8336	11434
9	15	3	5	12	0	6	10	1	13	11	7	4	2	14	8	13	12	7	6	8	3	2	9	5	14	15	4	0	1	10	11	8192	2282
10	0	0	10	15	15	5	5	2	2	8	8	7	13	13	7	14	3	4	9	11	12	1	6	6	1	12	11	3	14	9	4	2538	4156
10	0	2	8	14	12	6	4	8	10	0	2	12	6	4	14	11	15	3	7	15	3	7	11	9	5	1	13	13	9	5	1	3369	4899
10	1	0	11	15	14	5	4	2	3	8	9	7	12	13	6	14	2	4	8	11	13	1	7	6	0	12	10	3	15	9	5	8192	258
10	1	2	9	14	13	6	5	8	11	0	3	12	7	4	15	11	14	3	6	15	2	7	10	9	4	1	12	13	8	5	0	3112	853
10	2	0	8	15	13	5	7	2	0	8	10	7	15	13	5	14	1	4	11	11	14	1	4	6	3	12	9	3	12	9	6	2218	4098
10	2	2	10	14	14	6	6	8	8	0	0	12	4	4	12	11	13	3	5	15	1	7	9	9	7	1	15	13	11	5	3	8225	5035
10	3	0	9	15	12	5	6	2	1	8	11	7	14	13	4	14	0	4	10	11	15	1	5	6	2	12	8	3	13	9	7	2472	4156
10	3	2	11	14	15	6	7	8	9	0	1	12	5	4	13	11	12	3	4	15	0	7	8	9	6	1	14	13	10	5	2	11625	4132
10	4	0	14	15	11	5	1	2	6	8	12	7	9	13	3	14	7	4	13	11	8	1	2	6	5	12	15	3	10	9	0	384	4097
10	4	2	12	14	8	6	0	8	14	0	6	12	2	4	10	11	11	3	3	15	7	7	15	9	1	1	9	13	13	5	5	11315	663
10	5	0	15	15	10	5	0	2	7	8	13	7	8	13	2	14	6	4	12	11	9	1	3	6	4	12	14	3	11	9	1	8192	4696
10	5	2	13	14	9	6	1	8	15	0	7	12	3	4	11	11	10	3	2	15	6	7	14	9	0	1	8	13	12	5	4	3176	4948
10	6	0	12	15	9	5	3	2	4	8	14	7	11	13	1	14	5	4	15	11	10	1	0	6	7	12	13	3	8	9	2	8192	258
10	6	2	14	14	10	6	2	8	12	0	4	12	0	4	8	11	9	3	1	15	5	7	13	9	3	1	11	13	15	5	7	8192	2665
10	7	0	13	15	8	5	2	2	5	8	15	7	10	13	0	14	4	4	14	11	11	1	1	6	6	12	12	3	9	9	3	8192	258
10	7	2	15	14	11	6	3	8	13	0	5	12	1	4	9	11	8	3	0	15	4	7	12	9	2	1	10	13	14	5	6	3113	4933
10	8	0	2	15	7	5	13	2	10	8	0	7	5	13	15	14	11	4	1	11	4	1	14	6	9	12	3	3	6	9	12	8192	2112
10	8	2	0	14	4	6	12	8	2	0	10	12	14	4	6	11	7	3	15	15	11	7	3	9	13	1	5	13	1	5	9	11314	1202
10	9	0	3	15	6	5	12	2	11	8	1	7	4	13	14	14	10	4	0	11	5	1	15	6	8	12	2	3	7	9	13	8192	2112
10	9	2	1	14	5	6	13	8	3	0	11	12	15	4	7	11	6	3	14	15	10	7	2	9	12	1	4	13	0	5	8	3112	3093
10	10	0	0	15	5	5	15	2	8	8	2	7	7	13	13	14	9	4	3	11	6	1	12	6	11	12	1	3	4	9	14	8192	9242
10	10	2	2	14	6	6	14	8	0	0	8	12	12	4	4	11	5	3	13	15	9	7	1	9	15	1	7	13	3	5	11	3114	3241
10	11	0	1	15	4	5	14	2	9	8	3	7	6	13	12	14	8	4	2	11	7	1	13	6	10	12	0	3	5	9	15	232	170
10	11	2	3	14	7	6	15	8	1	0	9	12	13	4	5	11	4	3	12	15	8	7	0	9	14	1	6	13	2	5	10	3306	3176
10	12	0	6	15	3	5	9	2	14	8	4	7	1	13	11	14	15	4	5	11	0	1	10	6	13	12	7	3	2	9	8	8192	2069
10	12	2	4	14	0	6	8	8	6	0	14	12	10	4	2	11	3	3	11	15	15	7	7	9	9	1	1	13	5	5	13	3178	3240
10	13	0	7	15	2	5	8	2	15	8	5	7	0	13	10	14	14	4	4	11	1	1	11	6	12	12	6	3	3	9	9	2218	8256
10	13	2	5	14	1	6	9	8	7	0	15	12	11	4	3	11	2	3	10	15	14	7	6	9	8	1	0	13	4	5	12	8225	11476
10	14	0	4	15	1	5	11	2	12	8	6	7	3	13	9	14	13	4	7	11	2	1	8	6	15	12	5	3	0	9	10	8192	2112
10	14	2	6	14	2	6	10	8	4	0	12	12	8	4	0	11	1	3	9	15	13	7	5	9	11	1	3	13	7	5	15	3112	3242
10	15	0	5	15	0	5	10	2	13	8	7	7	2	13	8	14	12	4	6	11	3	1	9	6	14	12	4	3	1	9	11	235	3754
10	15	2	7	14	3	6	11	8	5	0	13	12	9	4	1	11	0	3	8	15	12	7	4	9	10	1	2	13	6	5	14	3112	3156
11	0	1	10	14	15	4	5	3	2	9	8	6	13	12	7	15	3	5	9	10	12	0	6	7	1	13	11	2	14	8	4	2474	4915
11	0	3	8	15	12	7	4	9	10	1	2	13	6	5	14	10	15	2	7	14	3	6	11	8	5	0	13	12	9	4	1	8225	4907
11	1	1	11	14	14	4	4	3	3	9	9	6	12	12	6	15	2	5	8	10	13	0	7	7	0	13	10	2	15	8	5	40	5973
11	1	3	9	15	13	7	5	9	11	1	3	13	7	5	15	10	14	2	6	14	2	6	10	8	4	0	12	12	8	4	0	11315	1100
11	2	1	8	14	13	4	7	3	0	9	10	6	15	12	5	15	1	5	11	10	14	0	4	7	3	13	9	2	12	8	6	8192	1834
11	2	3	10	15	14	7	6	9	8	1	0	13	4	5	12	10	13	2	5	14	1	6	9	8	7	0	15	12	11	4	3	10264	5043
11	3	1	9	14	12	4	6	3	1	9	11	6	14	12	4	15	0	5	10	10	15	0	5	7	2	13	8	2	13	8	7	8192	1834
11	3	3	11	15	15	7	7	9	9	1	1	13	5	5	13	10	12	2	4	14	0	6	8	8	6	0	14	12	10	4	2	3377	4883
11	4	1	14	14	11	4	1	3	6	9	12	6	9	12	3	15	7	5	13	10	8	0	2	7	5	13	15	2	10	8	0	2472	4291
11	4	3	12	15	8	7	0	9	14	1	6	13	2	5	10	10	11	2	3	14	7	6	15	8	1	0	9	12	13	4	5	1387	4879
11	5	1	15	14	10	4	0	3	7	9	13	6	8	12	2	15	6	5	12	10	9	0	3	7	4	13	14	2	11	8	1	8192	2112
11	5	3	13	15	9	7	1	9	15	1	7	13	3	5	11	10	10	2	2	14	6	6	14	8	0	0	8	12	12	4	4	3112	853
11	6	1	12	14	9	4	3	3	4	9	14	6	11	12	1	15	5	5	15	10	10	0	0	7	7	13	13	2	8	8	2	8192	2218
11	6	3	14	15	10	7	2	9	12	1	4	13	0	5	8	10	9	2	1	14	5	6	13	8	3	0	11	12	15	4	7	8371	938
11	7	1	13	14	8	4	2	3	5	9	15	6	10	12	0	15	4	5	14	10	11	0	1	7	6	13	12	2	9	8	3	296	4098
11	7	3	15	15	11	7	3	9	13	1	5	13	1	5	9	10	8	2	0	14	4	6	12	8	2	0	10	12	14	4	6	3115	2857
11	8	1	2	14	7	4	13	3	10	9	0	6	5	12	15	15	11	5	1	10	4	0	14	7	9	13	3	2	6	8	12	2538	8387
11	8	3	0	15	4	7	12	9	2	1	10	13	14	5	6	10	7	2	15	14	11	6	3	8	13	0	5	12	1	4	9	10521	11504
11	9	1	3	14	6	4	12	3	11	9	1	6	4	12	14	15	10	5	0	10	5	0	15	7	8	13	2	2	7	8	13	8192	341
11	9	3	1	15	5	7	13	9	3	1	11	13	15	5	7	10	6	2	14	14	10	6	2	8	12	0	4	12	0	4	8	3307	3158
11	10	1	0	14	5	4	15	3	8	9	2	6	7	12	13	15	9	5	3	10	6	0	12	7	11	13	1	2	4	8	14	170	11400
11	10	3	2	15	6	7	14	9	0	1	8	13	12	5	4	10	5	2	13	14	9	6	1	8	15	0	7	12	3	4	11	1128	11307
11	11	1	1	14	4	4	14	3	9	9	3	6	6	12	12	15	8	5	2	10	7	0	13	7	10	13	0	2	5	8	15	8192	8530
11	11	3	3	15	7	7	15	9	1	1	9	13	13	5	5	10	4	2	12	14	8	6	0	8	14	0	6	12	2	4	10	10651	11504
11	12	1	6	14	3	4	9	3	14	9	4	6	1	12	11	15	15	5	5	10	0	0	10	7	13	13	7	2	2	8	8	8192	3668
11	12	3	4	15	0	7	8	9	6	1	14	13	10	5	2	10	3	2	11	14	15	6	7	8	9	0	1	12	5	4	13	11641	11476
11	13	1	7	14	2	4	8	3	15	9	5	6	0	12	10	15	14	5	4	10	1	0	11	7	12	13	6	2	3	8	9	8192	3668
11	13	3	5	15	1	7	9	9	7	1	15	13	11	5	3	10	2	2	10	14	14	6	6	8	8	0	0	12	4	4	12	8192	9881
11	14	1	4	14	1	4	11	3	12	9	6	6	3	12	9	15	13	5	7	10	2	0	8	7	15	13	5	2	0	8	10	8192	3838
11	14	3	6	15	2	7	10	9	4	1	12	13	8	5	0	10	1	2	9	14	13	6	5	8	11	0	3	12	7	4	15	11442	3286
11	15	1	5	14	0	4	10	3	13	9	7	6	2	12	8	15	12	5	6	10	3	0	9	7	14	13	4	2	1	8	11	8192	3838
11	15	3	7	15	3	7	11	9	5	1	13	13	9	5	1	10	0	2	8	14	12	6	4	8	10	0	2	12	6	4	14	11385	11384
12	0	4	8	8	12	0	4	14	10	6	2	10	6	2	14	13	15	5	7	9	3	1	11	15	5	7	13	11	9	3	1	2664	4879
12	0	6	10	9	15	3	5	4	2	14	8	1	13	11	7	8	3	2	9	13	12	7	6	0	1	10	11	5	14	15	4	11937	4096
12	1	4	9	8	13	0	5	14	11	6	3	10	7	2	15	13	14	5	6	9	2	1	10	15	4	7	12	11	8	3	0	10313	791
12	1	6	11	9	14	3	4	4	3	14	9	1	12	11	6	8	2	2	8	13	13	7	7	0	0	10	10	5	15	15	5	2048	4128
12	2	4	10	8	14	0	6	14	8	6	0	10	4	2	12	13	13	5	5	9	1	1	9	15	7	7	15	11	11	3	3	10425	819
12	2	6	8	9	13	3	7	4	0	14	10	1	15	11	5	8	1	2	11	13	14	7	4	0	3	10	9	5	12	15	6	8192	1834
12	3	4	11	8	15	0	7	14	9	6	1	10	5	2	13	13	12	5	4	9	0	1	8	15	6	7	14	11	10	3	2	8809	791
12	3	6	9	9	12	3	6	4	1	14	11	1	14	11	4	8	0	2	10	13	15	7	5	0	2	10	8	5	13	15	7	3604	4112
12	4	4	12	8	8	0	0	14	14	6	6	10	2	2	10	13	11	5	3	9	7	1	15	15	1	7	9	11	13	3	5	11468	2956
12	4	6	14	9	11	3	1	4	6	14	12	1	9	11	3	8	7	2	13	13	8	7	2	0	5	10	15	5	10	15	0	8232	6225
12	5	4	13	8	9	0	1	14	15	6	7	10	3	2	11	13	10	5	2	9	6	1	14	15	0	7	8	11	12	3	4	3113	981
12	5	6	15	9	10	3	0	4	7	14	13	1	8	11	2	8	6	2	12	13	9	7	3	0	4	10	14	5	11	15	1	8192	6218
12	6	4	14	8	10	0	2	14	12	6	4	10	0	2	8	13	9	5	1	9	5	1	13	15	3	7	11	11	15	3	7	1228	4876
12	6	6	12	9	9	3	3	4	4	14	14	1	11	11	1	8	5	2	15	13	10	7	0	0	7	10	13	5	8	15	2	2048	4160
12	7	4	15	8	11	0	3	14	13	6	5	10	1	2	9	13	8	5	0	9	4	1	12	15	2	7	10	11	14	3	6	8777	4941
12	7	6	13	9	8	3	2	4	5	14	15	1	10	11	0	8	4	2	14	13	11	7	1	0	6	10	12	5	9	15	3	3648	4097
12	8	4	0	8	4	0	12	14	2	6	10	10	14	2	6	13	7	5	15	9	11	1	3	15	13	7	5	11	1	3	9	8777	11442
12	8	6	2	9	7	3	13	4	10	14	0	1	5	11	15	8	11	2	1	13	4	7	14	0	9	10	3	5	6	15	12	105	11344
12	9	4	1	8	5	0	13	14	3	6	11	10	15	2	7	13	6	5	14	9	10	1	2	15	12	7	4	11	0	3	8	1100	11312
12	9	6	3	9	6	3	12	4	11	14	1	1	4	11	14	8	10	2	0	13	5	7	15	0	8	10	2	5	7	15	13	8192	343
12	10	4	2	8	6	0	14	14	0	6	8	10	12	2	4	13	5	5	13	9	9	1	1	15	15	7	7	11	3	3	11	11500	3377
12	10	6	0	9	5	3	15	4	8	14	2	1	7	11	13	8	9	2	3	13	6	7	12	0	11	10	1	5	4	15	14	8192	8530
12	11	4	3	8	7	0	15	14	1	6	9	10	13	2	5	13	4	5	12	9	8	1	0	15	14	7	6	11	2	3	10	745	11442
12	11	6	1	9	4	3	14	4	9	14	3	1	6	11	12	8	8	2	2	13	7	7	13	0	10	10	0	5	5	15	15	8192	258
12	12	4	4	8	0	0	8	14	6	6	14	10	10	2	2	13	3	5	11	9	15	1	7	15	9	7	1	11	5	3	13	2601	11504
12	12	6	6	9	3	3	9	4	14	14	4	1	1	11	11	8	15	2	5	13	0	7	10	0	13	10	7	5	2	15	8	8252	10837
12	13	4	5	8	1	0	9	14	7	6	15	10	11	2	3	13	2	5	10	9	14	1	6	15	8	7	0	11	4	3	12	1128	11476
12	13	6	7	9	2	3	8	4	15	14	5	1	0	11	10	8	14	2	4	13	1	7	11	0	12	10	6	5	3	15	9	2068	8224
12	14	4	6	8	2	0	10	14	4	6	12	10	8	2	0	13	1	5	9	9	13	1	5	15	11	7	3	11	7	3	15	11368	11368
12	14	6	4	9	1	3	11	4	12	14	6	1	3	11	9	8	13	2	7	13	2	7	8	0	15	10	5	5	0	15	10	2048	8196
12	15	4	7	8	3	0	11	14	5	6	13	10	9	2	1	13	0	5	8	9	12	1	4	15	10	7	2	11	6	3	14	2664	11504
12	15	6	5	9	0	3	10	4	13	14	7	1	2	11	8	8	12	2	6	13	3	7	9	0	14	10	4	5	1	15	11	3584	8208
13	0	5	8	9	12	1	4	15	10	7	2	11	6	3	14	12	15	4	7	8	3	0	11	14	5	6	13	10	9	2	1	3176	808
13	0	7	10	8	15	2	5	5	2	15	8	0	13	10	7	9	3	3	9	12	12	6	6	1	1	11	11	4	14	14	4	3584	4128
13	1	5	9	9	13	1	5	15	11	7	3	11	7	3	15	12	14	4	6	8	2	0	10	14	4	6	12	10	8	2	0	3177	853
13	1	7	11	8	14	2	4	5	3	15	9	0	12	10	6	9	2	3	8	12	13	6	7	1	0	11	10	4	15	14	5	2048	4104
13	2	5	10	9	14	1	6	15	8	7	0	11	4	3	12	12	13	4	5	8	1	0	9	14	7	6	15	10	11	2	3	1128	811
13	2	7	8	8	13	2	7	5	0	15	10	0	15	10	5	9	1	3	11	12	14	6	4	1	3	11	9	4	12	14	6	2068	4112
13	3	5	11	9	15	1	7	15	9	7	1	11	5	3	13	12	12	4	4	8	0	0	8	14	6	6	14	10	10	2	2	744	4923
13	3	7	9	8	12	2	6	5	1	15	11	0	14	10	4	9	0	3	10	12	15	6	5	1	2	11	8	4	13	14	7	1621	4915
13	4	5	12	9	8	1	0	15	14	7	6	11	2	3	10	12	11	4	3	8	7	0	15	14	1	6	9	10	13	2	5	8809	4225
13	4	7	14	8	11	2	1	5	6	15	12	0	9	10	3	9	7	3	13	12	8	6	2	1	5	11	15	4	10	14	0	1749	4291
13	5	5	13	9	9	1	1	15	15	7	7	11	3	3	11	12	10	4	2	8	6	0	14	14	0	6	8	10	12	2	4	3092	983
13	5	7	15	8	10	2	0	5	7	15	13	0	8	10	2	9	6	3	12	12	9	6	3	1	4	11	14	4	11	14	1	8192	343
13	6	5	14	9	10	1	2	15	12	7	4	11	0	3	8	12	9	4	1	8	5	0	13	14	3	6	11	10	15	2	7	1100	5068
13	6	7	12	8	9	2	3	5	4	15	14	0	11	10	1	9	5	3	15	12	10	6	0	1	7	11	13	4	8	14	2	2048	4097
13	7	5	15	9	11	1	3	15	13	7	5	11	1	3	9	12	8	4	0	8	4	0	12	14	2	6	10	10	14	2	6	2664	4879
13	7	7	13	8	8	2	2	5	5	15	15	0	10	10	0	9	4	3	14	12	11	6	1	1	6	11	12	4	9	14	3	3584	4160
13	8	5	0	9	4	1	12	15	2	7	10	11	14	3	6	12	7	4	15	8	11	0	3	14	13	6	5	10	1	2	9	2664	11504
13	8	7	2	8	7	2	13	5	10	15	0	0	5	10	15	9	11	3	1	12	4	6	14	1	9	11	3	4	6	14	12	3584	8194
13	9	5	1	9	5	1	13	15	3	7	11	11	15	3	7	12	6	4	14	8	10	0	2	14	12	6	4	10	0	2	8	3304	3094
13	9	7	3	8	6	2	12	5	11	15	1	0	4	10	14	9	10	3	0	12	5	6	15	1	8	11	2	4	7	14	13	85	22
13	10	5	2	9	6	1	14	15	0	7	8	11	12	3	4	12	5	4	13	8	9	0	1	14	15	6	7	10	3	2	11	1128	11314
13	10	7	0	8	5	2	15	5	8	15	2	0	7	10	13	9	9	3	3	12	6	6	12	1	11	11	1	4	4	14	14	212	105
13	11	5	3	9	7	1	15	15	1	7	9	11	13	3	5	12	4	4	12	8	8	0	0	14	14	6	6	10	2	2	10	9833	11504
13	11	7	1	8	4	2	14	5	9	15	3	0	6	10	12	9	8	3	2	12	7	6	13	1	10	11	0	4	5	14	15	3604	8256
13	12	5	4	9	0	1	8	15	6	7	14	11	10	3	2	12	3	4	11	8	15	0	7	14	9	6	1	10	5	2	13	8776	3304
13	12	7	6	8	3	2	9	5	14	15	4	0	1	10	11	9	15	3	5	12	0	6	10	1	13	11	7	4	2	14	8	1621	11468
13	13	5	5	9	1	1	9	15	7	7	15	11	11	3	3	12	2	4	10	8	14	0	6	14	8	6	0	10	4	2	12	3148	3092
13	13	7	7	8	2	2	8	5	15	15	5	0	0	10	10	9	14	3	4	12	1	6	11	1	12	11	6	4	3	14	9	2132	40
13	14	5	6	9	2	1	10	15	4	7	12	11	8	3	0	12	1	4	9	8	13	0	5	14	11	6	3	10	7	2	15	11469	1202
13	14	7	4	8	1	2	11	5	12	15	6	0	3	10	9	9	13	3	7	12	2	6	8	1	15	11	5	4	0	14	10	85	22
13	15	5	7	9	3	1	11	15	5	7	13	11	9	3	1	12	0	4	8	8	12	0	4	14	10	6	2	10	6	2	14	3176	3092
13	15	7	5	8	0	2	10	5	13	15	7	0	2	10	8	9	12	3	6	12	3	6	9	1	14	11	4	4	1	14	11	3584	8196
14	0	4	10	11	15	1	5	6	2	12	8	3	13	9	7	10	3	0	9	15	12	5	6	2	1	8	11	7	14	13	4	3604	4098
14	0	6	8	10	12	2	4	12	10	4	2	8	6	0	14	15	15	7	7	11	3	3	11	13	5	5	13	9	9	1	1	616	4914
14	1	4	11	11	14	1	4	6	3	12	9	3	12	9	6	10	2	0	8	15	13	5	7	2	0	8	10	7	15	13	5	104	20
14	1	6	9	10	13	2	5	12	11	4	3	8	7	0	15	15	14	7	6	11	2	3	10	13	4	5	12	9	8	1	0	9326	4907
14	2	4	8	11	13	1	7	6	0	12	10	3	15	9	5	10	1	0	11	15	14	5	4	2	3	8	9	7	12	13	6	1620	4156
14	2	6	10	10	14	2	6	12	8	4	0	8	4	0	12	15	13	7	5	11	1	3	9	13	7	5	15	9	11	1	3	8282	4250
14	3	4	9	11	12	1	6	6	1	12	11	3	14	9	4	10	0	0	10	15	15	5	5	2	2	8	8	7	13	13	7	3774	4097
14	3	6	11	10	15	2	7	12	9	4	1	8	5	0	13	15	12	7	4	11	0	3	8	13	6	5	14	9	10	1	2	3114	808
14	4	4	14	11	11	1	1	6	6	12	12	3	9	9	3	10	7	0	13	15	8	5	2	2	5	8	15	7	10	13	0	84	22
14	4	6	12	10	8	2	0	12	14	4	6	8	2	0	10	15	11	7	3	11	7	3	15	13	1	5	9	9	13	1	5	3176	983
14	5	4	15	11	10	1	0	6	7	12	13	3	8	9	2	10	6	0	12	15	9	5	3	2	4	8	14	7	11	13	1	3584	4319
14	5	6	13	10	9	2	1	12	15	4	7	8	3	0	11	15	10	7	2	11	6	3	14	13	0	5	8	9	12	1	4	1228	5056
14	6	4	12	11	9	1	3	6	4	12	14	3	11	9	1	10	5	0	15	15	10	5	0	2	7	8	13	7	8	13	2	2218	4096
14	6	6	14	10	10	2	2	12	12	4	4	8	0	0	8	15	9	7	1	11	5	3	13	13	3	5	11	9	15	1	7	2774	4879
14	7	4	13	11	8	1	2	6	5	12	15	3	10	9	0	10	4	0	14	15	11	5	1	2	6	8	12	7	9	13	3	2068	4335
14	7	6	15	10	11	2	3	12	13	4	5	8	1	0	9	15	8	7	0	11	4	3	12	13	2	5	10	9	14	1	6	11312	3020
14	8	4	2	11	7	1	13	6	10	12	0	3	5	9	15	10	11	0	1	15	4	5	14	2	9	8	3	7	6	13	12	3668	8192
14	8	6	0	10	4	2	12	12	2	4	10	8	14	0	6	15	7	7	15	11	11	3	3	13	13	5	5	9	1	1	9	8280	11349
14	9	4	3	11	6	1	12	6	11	12	1	3	4	9	14	10	10	0	0	15	5	5	15	2	8	8	2	7	7	13	13	3754	8407
14	9	6	1	10	5	2	13	12	3	4	11	8	15	0	7	15	6	7	14	11	10	3	2	13	12	5	4	9	0	1	8	9938	11504
14	10	4	0	11	5	1	15	6	8	12	2	3	7	9	13	10	9	0	3	15	6	5	12	2	11	8	1	7	4	13	14	3584	8443
14	10	6	2	10	6	2	14	12	0	4	8	8	12	0	4	15	5	7	13	11	9	3	1	13	15	5	7	9	3	1	11	3242	3112
14	11	4	1	11	4	1	14	6	9	12	3	3	6	9	12	10	8	0	2	15	7	5	13	2	10	8	0	7	5	13	15	3754	0
14	11	6	3	10	7	2	15	12	1	4	9	8	13	0	5	15	4	7	12	11	8	3	0	13	14	5	6	9	2	1	10	3114	3178
14	12	4	6	11	3	1	9	6	14	12	4	3	1	9	11	10	15	0	5	15	0	5	10	2	13	8	7	7	2	13	8	3774	8320
14	12	6	4	10	0	2	8	12	6	4	14	8	10	0	2	15	3	7	11	11	15	3	7	13	9	5	1	9	5	1	13	3178	3084
14	13	4	7	11	2	1	8	6	15	12	5	3	0	9	10	10	14	0	4	15	1	5	11	2	12	8	6	7	3	13	9	3584	8444
14	13	6	5	10	1	2	9	12	7	4	15	8	11	0	3	15	2	7	10	11	14	3	6	13	8	5	0	9	4	1	12	11958	8321
14	14	4	4	11	1	1	11	6	12	12	6	3	3	9	9	10	13	0	7	15	2	5	8	2	15	8	5	7	0	13	10	2218	8256
14	14	6	6	10	2	2	10	12	4	4	12	8	8	0	0	15	1	7	9	11	13	3	5	13	11	5	3	9	7	1	15	9366	8228
14	15	4	5	11	0	1	10	6	13	12	7	3	2	9	8	10	12	0	6	15	3	5	9	2	14	8	4	7	1	13	11	2068	8446
14	15	6	7	10	3	2	11	12	5	4	13	8	9	0	1	15	0	7	8	11	12	3	4	13	10	5	2	9	6	1	14	8192	9830
15	0	5	10	10	15	0	5	7	2	13	8	2	13	8	7	11	3	1	9	14	12	4	6	3	1	9	11	6	14	12	4	2132	4221
15	0	7	8	11	12	3	4	13	10	5	2	9	6	1	14	14	15	6	7	10	3	2	11	12	5	4	13	8	9	0	1	3178	789
15	1	5	11	10	14	0	4	7	3	13	9	2	12	8	6	11	2	1	8	14	13	4	7	3	0	9	10	6	15	12	5	1578	4156
15	1	7	9	11	13	3	5	13	11	5	3	9	7	1	15	14	14	6	6	10	2	2	10	12	4	4	12	8	8	0	0	8280	4906
15	2	5	8	10	13	0	7	7	0	13	10	2	15	8	5	11	1	1	11	14	14	4	4	3	3	9	9	6	12	12	6	2112	4096
15	2	7	10	11	14	3	6	13	8	5	0	9	4	1	12	14	13	6	5	10	1	2	9	12	7	4	15	8	11	0	3	3092	917
15	3	5	9	10	12	0	6	7	1	13	11	2	14	8	4	11	0	1	10	14	15	4	5	3	2	9	8	6	13	12	7	3584	4097
15	3	7	11	11	15	3	7	13	9	5	1	9	5	1	13	14	12	6	4	10	0	2	8	12	6	4	14	8	10	0	2	8410	4906
15	4	5	14	10	11	0	1	7	6	13	12	2	9	8	3	11	7	1	13	14	8	4	2	3	5	9	15	6	10	12	0	3584	4104
15	4	7	12	11	8	3	0	13	14	5	6	9	2	1	10	14	11	6	3	10	7	2	15	12	1	4	9	8	13	0	5	3092	981
15	5	5	15	10	10	0	0	7	7	13	13	2	8	8	2	11	6	1	12	14	9	4	3	3	4	9	14	6	11	12	1	3648	4307
15	5	7	13	11	9	3	1	13	15	5	7	9	3	1	11	14	10	6	2	10	6	2	14	12	0	4	8	8	12	0	4	2664	4879
15	6	5	12	10	9	0	3	7	4	13	14	2	11	8	1	11	5	1	15	14	10	4	0	3	7	9	13	6	8	12	2	2132	4100
15	6	7	14	11	10	3	2	13	12	5	4	9	0	1	8	14	9	6	1	10	5	2	13	12	3	4	11	8	15	0	7	8282	873
15	7	5	13	10	8	0	2	7	5	13	15	2	10	8	0	11	4	1	14	14	11	4	1	3	6	9	12	6	9	12	3	3818	4100
15	7	7	15	11	11	3	3	13	13	5	5	9	1	1	9	14	8	6	0	10	4	2	12	12	2	4	10	8	14	0	6	10390	811
15	8	5	2	10	7	0	13	7	10	13	0	2	5	8	15	11	11	1	1	14	4	4	14	3	9	9	3	6	6	12	12	3754	8192
15	8	7	0	11	4	3	12	13	2	5	10	9	14	1	6	14	7	6	15	10	11	2	3	12	13	4	5	8	1	0	9	3114	3094
15	9	5	3	10	6	0	12	7	11	13	1	2	4	8	14	11	10	1	0	14	5	4	15	3	8	9	2	6	7	12	13	3754	215
15	9	7	1	11	5	3	13	13	3	5	11	9	15	1	7	14	6	6	14	10	10	2	2	12	12	4	4	8	0	0	8	2710	8192
15	10	5	0	10	5	0	15	7	8	13	2	2	7	8	13	11	9	1	3	14	6	4	12	3	11	9	1	6	4	12	14	1620	8387
15	10	7	2	11	6	3	14	13	0	5	8	9	12	1	4	14	5	6	13	10	9	2	1	12	15	4	7	8	3	0	11	534	3304
15	11	5	1	10	4	0	14	7	9	13	3	2	6	8	12	11	8	1	2	14	7	4	13	3	10	9	0	6	5	12	15	2048	8443
15	11	7	3	11	7	3	15	13	1	5	9	9	13	1	5	14	4	6	12	10	8	2	0	12	14	4	6	8	2	0	10	11314	1202
15	12	5	6	10	3	0	9	7	14	13	4	2	1	8	11	11	15	1	5	14	0	4	10	3	13	9	7	6	2	12	8	3774	8193
15	12	7	4	11	0	3	8	13	6	5	14	9	10	1	2	14	3	6	11	10	15	2	7	12	9	4	1	8	5	0	13	11414	11369
15	13	5	7	10	2	0	8	7	15	13	5	2	0	8	10	11	14	1	4	14	1	4	11	3	12	9	6	6	3	12	9	3774	8444
15	13	7	5	11	1	3	9	13	7	5	15	9	11	1	3	14	2	6	10	10	14	2	6	12	8	4	0	8	4	0	12	1100	11469
15	14	5	4	10	1	0	11	7	12	13	6	2	3	8	9	11	13	1	7	14	2	4	8	3	15	9	5	6	0	12	10	2068	8256
15	14	7	6	11	2	3	10	13	4	5	12	9	8	1	0	14	1	6	9	10	13	2	5	12	11	4	3	8	7	0	15	1128	11340
15	15	5	5	10	0	0	10	7	13	13	7	2	2	8	8	11	12	1	6	14	3	4	9	3	14	9	4	6	1	12	11	3668	8192
15	15	7	7	11	3	3	11	13	5	5	13	9	9	1	1	14	0	6	8	10	12	2	4	12	10	4	2	8	6	0	14	3214	3306
